12278 0.0706595 0.165719  0.763621
12017 0.160199 0.0737454  0.766056
11915 0.400311 0.363177  0.236512
5840 0.536052 0.22115  0.242798
11474 0.281493 0.385282  0.333225
2476 0.400742 0.420345  0.178913
9685 0.0715106 0.15626  0.77223
16648 0.0615891 0.487804  0.450607
10098 0.664792 0.324895  0.0103128
7102 0.360598 0.153804  0.485598
6058 0.482171 0.215228  0.302601
6318 0.160373 0.37332  0.466306
3410 0.175004 0.461845  0.36315
11910 0.417054 0.338951  0.243995
7728 0.335309 0.620723  0.0439682
5846 0.0534573 0.631295  0.315248
16557 0.22246 0.252285  0.525255
10824 0.644146 0.233206  0.122648
11944 0.448129 0.328963  0.222908
16733 0.342669 0.305021  0.35231
6883 0.306959 0.411332  0.281709
9601 0.36252 0.30449  0.33299
321 0.351358 0.35577  0.292872
8744 0.0591987 0.622512  0.31829
8716 0.18233 0.614008  0.203663
13696 0.348134 0.314344  0.337522
9334 0.01703 0.0842811  0.898689
16188 0.328164 0.359433  0.312403
18713 0.185074 0.401728  0.413198
2379 0.402837 0.354694  0.242468
9494 0.162419 0.14824  0.689341
8723 0.247197 0.465189  0.287614
16463 0.519702 0.42017  0.0601286
12672 0.272762 0.652983  0.0742553
5467 0.311593 0.0353188  0.653088
7993 0.187246 0.340906  0.471848
11905 0.375395 0.0476309  0.576974
8588 0.632826 0.0796999  0.287474
8046 0.151452 0.194883  0.653666
12279 0.630236 0.329299  0.040465
14785 0.671562 0.0161395  0.312298
12755 0.701185 0.0546902  0.244125
2545 0.467095 0.231014  0.301891
6911 0.404489 0.232066  0.363446
5878 0.630942 0.180142  0.188917
6906 0.484784 0.025477  0.489739
10988 0.306989 0.306315  0.386696
7071 0.617334 0.0467759  0.33589
16656 0.296709 0.241644  0.461647
195 0.379855 0.411745  0.2084
7771 0.400172 0.390534  0.209295
11793 0.258502 0.0778399  0.663658
11690 0.286527 0.449125  0.264347
14744 0.353677 0.218012  0.428311
6298 0.0398859 0.132876  0.827238
6955 0.0416071 0.382578  0.575815
7043 0.29762 0.209191  0.493188
5233 0.501689 0.060267  0.438044
3317 0.193327 0.386398  0.420275
5968 0.0512272 0.278377  0.670395
12621 0.355306 0.577698  0.0669959
5537 0.592602 0.379776  0.0276222
14854 0.083694 0.593183  0.323123
7906 0.245181 0.65038  0.104439
825 0.247838 0.432399  0.319763
7469 0.223446 0.423647  0.352907
13375 0.649564 0.225716  0.124721
12724 0.0398357 0.200677  0.759488
2624 0.469535 0.34252  0.187945
12793 0.314863 0.148902  0.536235
9935 0.539755 0.115653  0.344591
6315 0.342705 0.32624  0.331055
3890 0.14928 0.604758  0.245963
13391 0.137276 0.51222  0.350504
6474 0.498385 0.392018  0.109597
806 0.243204 0.0729819  0.683814
3331 0.308172 0.668784  0.0230433
19076 0.184192 0.389865  0.425943
5288 0.26209 0.525038  0.212872
844 0.129913 0.432206  0.437881
1753 0.352678 0.409291  0.238031
15343 0.270982 0.375648  0.353369
14788 0.465927 0.456823  0.0772508
2657 0.272601 0.228801  0.498598
16534 0.0906309 0.337776  0.571593
9982 0.135435 0.66092  0.203645
7670 0.532026 0.326705  0.141269
2537 0.347732 0.210812  0.441456
13797 0.0999606 0.68327  0.21677
749 0.430205 0.429123  0.140672
13650 0.300109 0.307338  0.392553
11573 0.27255 0.456193  0.271257
937 0.133221 0.431933  0.434847
13419 0.239406 0.260142  0.500452
10145 0.244296 0.711125  0.0445782
5537 0.161757 0.42182  0.416423
998 0.344768 0.388188  0.267044
15727 0.622122 0.128125  0.249753
2138 0.11108 0.497568  0.391353
9445 0.0657012 0.420894  0.513405
15679 0.697294 0.0442327  0.258473
13048 0.245864 0.446713  0.307422
7603 0.285504 0.264572  0.449924
5509 0.508582 0.144743  0.346675
8715 0.227261 0.277297  0.495442
693 0.240277 0.244308  0.515415
3311 0.0789682 0.737893  0.183139
13412 0.297239 0.516521  0.18624
12928 0.579158 0.14899  0.271853
2871 0.230014 0.0582763  0.71171
5860 0.313693 0.639431  0.0468755
2353 0.0409651 0.464702  0.494332
10040 0.595482 0.287148  0.11737
310 0.424461 0.252443  0.323096
3187 0.433252 0.131272  0.435475
13682 0.0276239 0.66282  0.309556
14899 0.339538 0.592914  0.0675478
3904 0.515105 0.239  0.245895
6018 0.139315 0.701674  0.159011
3087 0.386937 0.113477  0.499586
2664 0.0982772 0.467146  0.434577
7232 0.373929 0.178954  0.447117
13378 0.319272 0.669381  0.0113468
6905 0.323905 0.471974  0.204122
7367 0.272196 0.25651  0.471294
5788 0.510302 0.0983695  0.391329
13365 0.701481 0.0251105  0.273409
883 0.0654961 0.123911  0.810593
12858 0.0481252 0.512468  0.439407
2364 0.102499 0.531029  0.366472
16452 0.51281 0.277543  0.209647
15053 0.449527 0.419517  0.130956
6285 0.0618637 0.751208  0.186929
12537 0.574245 0.246773  0.178982
9442 0.285305 0.568076  0.146618
1584 0.844426 0.0502632  0.105311
2995 0.413677 0.542373  0.0439494
195 0.676111 0.305059  0.0188297
17905 0.473213 0.0976841  0.429103
16445 0.499507 0.395919  0.104574
18882 0.255784 0.0753236  0.668893
8695 0.257581 0.187025  0.555394
490 0.248379 0.327011  0.42461
7577 0.518475 0.0239831  0.457542
4652 0.378773 0.377417  0.24381
5603 0.34214 0.424107  0.233753
1669 0.298319 0.08013  0.621551
2393 0.061842 0.378131  0.560027
11982 0.137506 0.403531  0.458964
12793 0.0897367 0.462207  0.448057
16649 0.427224 0.288655  0.284121
10214 0.77755 0.196  0.0264499
10000 0.138099 0.444729  0.417172
12158 0.169401 0.4197  0.410899
16599 0.308011 0.306333  0.385655
9279 0.256807 0.463985  0.279208
6223 0.412922 0.525077  0.0620011
6548 0.269638 0.267849  0.462513
4773 0.448137 0.265849  0.286015
11415 0.59415 0.337184  0.0686657
9676 0.310166 0.443128  0.246706
7417 0.265793 0.194763  0.539444
6382 0.185639 0.651483  0.162877
11988 0.164659 0.70567  0.129671
7695 0.29452 0.470106  0.235375
7332 0.282335 0.411583  0.306082
12041 0.595123 0.354925  0.0499517
13715 0.379876 0.51258  0.107544
7382 0.397842 0.320511  0.281646
7711 0.146072 0.639473  0.214455
11947 0.019996 0.385797  0.594207
16622 0.249933 0.632661  0.117405
13978 0.442963 0.42112  0.135917
11941 0.444236 0.134426  0.421337
18989 0.273404 0.352925  0.37367
663 0.438632 0.165573  0.395795
9648 0.815597 0.0390201  0.145383
15357 0.338337 0.130736  0.530927
868 0.176578 0.400113  0.423309
5787 0.524678 0.191189  0.284133
775 0.837215 0.0712399  0.0915454
14887 0.0301962 0.488642  0.481162
5925 0.300509 0.275355  0.424136
10046 0.0563191 0.0126616  0.931019
11468 0.307239 0.353095  0.339666
12034 0.301757 0.209936  0.488307
2533 0.458812 0.147213  0.393976
16646 0.831787 0.144904  0.0233096
1020 0.207134 0.444361  0.348505
16632 0.471899 0.312889  0.215212
7020 0.339581 0.165442  0.494978
11223 0.284475 0.220292  0.495233
6029 0.474797 0.125877  0.399325
9271 0.122721 0.502334  0.374945
16133 0.198759 0.608982  0.192259
829 0.346602 0.415052  0.238346
9598 0.477858 0.0846469  0.437495
9751 0.428113 0.0964762  0.47541
2229 0.499761 0.255899  0.244341
1688 0.327427 0.477837  0.194736
12608 0.48793 0.322696  0.189374
12879 0.288841 0.398649  0.31251
14137 0.279807 0.471299  0.248894
15763 0.457232 0.0501529  0.492615
16465 0.0254728 0.928121  0.0464062
16589 0.0106997 0.155479  0.833821
12031 0.189085 0.359772  0.451143
8053 0.141626 0.406232  0.452143
3620 0.436762 0.120044  0.443193
11717 0.541873 0.280818  0.177309
5713 0.271977 0.346026  0.381998
1772 0.424001 0.561375  0.0146243
13295 0.383373 0.1383  0.478328
5631 0.518815 0.374973  0.106212
135 0.289647 0.638671  0.0716823
11787 0.431864 0.370393  0.197743
3317 0.346071 0.178472  0.475457
14992 0.455169 0.290908  0.253924
5466 0.327706 0.368176  0.304118
11525 0.341318 0.37943  0.279252
11303 0.210811 0.356225  0.432964
10911 0.437225 0.315403  0.247372
294 0.300433 0.281067  0.418499
14832 0.161581 0.429566  0.408853
2364 0.360348 0.511564  0.128089
15752 0.23328 0.35542  0.4113
3534 0.207964 0.462981  0.329056
9654 0.665356 0.110306  0.224337
14979 0.468102 0.405445  0.126453
18512 0.0587361 0.722058  0.219206
1713 0.124392 0.535046  0.340562
11831 0.499989 0.0157446  0.484266
12910 0.383246 0.310996  0.305758
997 0.474521 0.411782  0.113697
3881 0.506422 0.0938788  0.399699
9891 0.312587 0.333258  0.354154
7479 0.172898 0.442568  0.384534
4769 0.0994327 0.561927  0.338641
7060 0.336488 0.0741178  0.589394
2488 0.487216 0.224727  0.288058
2098 0.10367 0.647479  0.248851
6855 0.449249 0.249777  0.300974
7417 0.211564 0.204114  0.584322
11414 0.268093 0.31401  0.417897
11229 0.526376 0.0839343  0.389689
1695 0.288724 0.203465  0.507811
2453 0.503628 0.208219  0.288154
18294 0.202813 0.415913  0.381274
2686 0.246243 0.252653  0.501104
11970 0.539434 0.308683  0.151883
13000 0.121412 0.633343  0.245245
18916 0.110087 0.181345  0.708568
5965 0.420541 0.100389  0.47907
13784 0.300509 0.114128  0.585363
897 0.456855 0.324209  0.218936
9770 0.455493 0.322473  0.222035
1592 0.106477 0.459087  0.434436
2285 0.315785 0.106087  0.578128
12577 0.156948 0.252589  0.590463
6924 0.029516 0.461351  0.509133
10023 0.30557 0.56476  0.12967
872 0.0410681 0.578131  0.380801
12753 0.752485 0.0757525  0.171762
7328 0.339435 0.301978  0.358587
1529 0.353993 0.0397867  0.60622
12476 0.305533 0.336129  0.358338
13033 0.194027 0.129594  0.676378
12914 0.237633 0.524297  0.23807
14816 0.456503 0.0831197  0.460377
10707 0.293038 0.321391  0.385571
16681 0.214744 0.548399  0.236858
9165 0.364092 0.399202  0.236706
19026 0.412458 0.49341  0.094132
16671 0.515559 0.0339167  0.450524
9210 0.326479 0.322757  0.350764
2783 0.44535 0.070513  0.484137
681 0.215589 0.447891  0.336521
361 0.579062 0.161393  0.259545
1188 0.337874 0.521438  0.140688
10144 0.126546 0.355838  0.517616
5795 0.156315 0.553755  0.28993
15139 0.098365 0.683754  0.217881
11382 0.0814795 0.368501  0.55002
1414 0.631589 0.227942  0.14047
10899 0.163 0.0847953  0.752205
2557 0.528363 0.0567593  0.414877
7654 0.192751 0.0494443  0.757804
12530 0.0206478 0.253955  0.725398
329 0.506139 0.333466  0.160394
2278 0.0397113 0.0612052  0.899083
11492 0.0324173 0.869318  0.0982648
14734 0.279569 0.14569  0.574741
7681 0.335438 0.413072  0.251491
15450 0.252045 0.682409  0.065546
13408 0.406298 0.224069  0.369633
15225 0.293109 0.2121  0.49479
696 0.591536 0.147159  0.261305
7310 0.0733418 0.410914  0.515744
3477 0.431977 0.278448  0.289575
11686 0.279621 0.579034  0.141345
11220 0.437695 0.315485  0.24682
6352 0.270547 0.654633  0.0748197
8735 0.248611 0.25328  0.498109
6850 0.566694 0.315048  0.118258
3626 0.115578 0.42272  0.461702
14687 0.413268 0.53614  0.0505924
9376 0.193676 0.532673  0.273651
12881 0.281067 0.408954  0.309979
697 0.329097 0.154505  0.516398
9977 0.470869 0.345462  0.183669
2468 0.270957 0.345076  0.383967
12642 0.585805 0.239696  0.174499
15274 0.368664 0.141767  0.48957
12174 0.267385 0.147397  0.585219
927 0.409141 0.252846  0.338013
18072 0.255408 0.411047  0.333545
319 0.276503 0.290027  0.43347
12626 0.487948 0.0130936  0.498959
13362 0.680619 0.222284  0.0970973
6831 0.218437 0.409722  0.371841
5807 0.226543 0.553592  0.219865
7178 0.110042 0.485493  0.404465
8600 0.380311 0.337235  0.282454
7749 0.389075 0.519646  0.0912792
11760 0.32086 0.302385  0.376756
9640 0.691235 0.141757  0.167008
7309 0.443909 0.152976  0.403116
6007 0.589814 0.24115  0.169035
7306 0.481595 0.363514  0.154891
9948 0.335849 0.33493  0.329221
16499 0.438115 0.339084  0.222801
84 0.267839 0.562765  0.169395
2232 0.306611 0.419835  0.273554
6374 0.090362 0.366722  0.542916
6208 0.477114 0.260748  0.262138
2837 0.225789 0.319449  0.454762
11351 0.241374 0.497092  0.261534
2958 0.377642 0.314008  0.30835
6223 0.200563 0.571015  0.228422
5963 0.426737 0.198453  0.37481
16123 0.803003 0.0349355  0.162061
8719 0.332192 0.257099  0.41071
9662 0.110349 0.217666  0.671985
1760 0.288032 0.310779  0.401189
11805 0.5228 0.0199697  0.45723
5562 0.409367 0.125469  0.465163
6369 0.302674 0.385694  0.311632
17190 0.572079 0.152805  0.275116
12162 0.16815 0.701385  0.130466
6840 0.258782 0.265208  0.476011
3272 0.788303 0.0758113  0.135886
12148 0.538759 0.184934  0.276307
11521 0.62683 0.239492  0.133678
6881 0.307982 0.34737  0.344647
2157 0.0159798 0.735557  0.248463
7149 0.253368 0.325989  0.420644
9346 0.4741 0.476661  0.0492388
7686 0.186495 0.328841  0.484664
84 0.339417 0.276033  0.38455
2463 0.27421 0.284258  0.441532
6016 0.567069 0.124223  0.308708
9359 0.143141 0.150091  0.706768
12440 0.208445 0.407719  0.383836
7733 0.887873 0.0918279  0.0202993
6803 0.235867 0.135113  0.62902
7149 0.574245 0.333462  0.0922932
10074 0.457175 0.211984  0.330842
6611 0.454428 0.288543  0.257029
5769 0.222984 0.359236  0.417779
3931 0.650034 0.316511  0.0334555
7028 0.489401 0.236253  0.274346
16750 0.140677 0.802572  0.0567515
18157 0.208774 0.595751  0.195475
17946 0.445965 0.172478  0.381557
220 0.46509 0.347379  0.187531
2627 0.375976 0.204483  0.419541
9615 0.0557229 0.655924  0.288353
13378 0.0266736 0.429434  0.543893
8730 0.296797 0.413291  0.289912
15199 0.162901 0.361357  0.475742
6944 0.747045 0.122241  0.130714
14921 0.425461 0.463366  0.111173
942 0.423981 0.40039  0.175629
10047 0.302643 0.174119  0.523238
15788 0.04055 0.883946  0.0755038
10162 0.100044 0.159814  0.740142
6843 0.529845 0.200206  0.269949
11382 0.314832 0.562913  0.122255
6559 0.266017 0.419679  0.314305
11625 0.255711 0.295172  0.449117
15342 0.466434 0.23923  0.294336
3318 0.471556 0.257732  0.270713
14927 0.252635 0.194426  0.552938
15877 0.303548 0.264901  0.431551
10887 0.338138 0.0231752  0.638686
15206 0.514335 0.455404  0.0302613
11992 0.302951 0.359605  0.337444
8093 0.483107 0.154476  0.362417
2129 0.284601 0.392256  0.323143
7945 0.312825 0.10044  0.586735
4665 0.195131 0.543742  0.261127
8723 0.26848 0.443969  0.287551
10130 0.100335 0.470562  0.429103
6461 0.322841 0.228513  0.448646
7694 0.213115 0.146281  0.640605
15777 0.456197 0.0767891  0.467014
11996 0.587482 0.296357  0.116161
6868 0.380514 0.421692  0.197794
6387 0.135282 0.344388  0.52033
14875 0.591573 0.124839  0.283587
3409 0.198206 0.482734  0.319061
6579 0.304363 0.414085  0.281552
813 0.307936 0.106748  0.585316
6736 0.173389 0.77998  0.0466304
15738 0.342826 0.27658  0.380594
12067 0.297371 0.579178  0.123451
13730 0.166467 0.265952  0.56758
2390 0.3644 0.411903  0.223698
13703 0.429272 0.304717  0.266011
4485 0.42286 0.263497  0.313642
3361 0.422231 0.220878  0.356891
17998 0.25579 0.336953  0.407257
2524 0.47736 0.277418  0.245222
16441 0.397351 0.156745  0.445904
668 0.127825 0.063008  0.809167
14900 0.182849 0.0410309  0.776121
10140 0.289789 0.351954  0.358257
8743 0.525483 0.451236  0.0232807
11988 0.358403 0.173906  0.467691
16756 0.183892 0.340479  0.475628
4124 0.27335 0.361432  0.365217
11467 0.328406 0.167496  0.504098
6873 0.300806 0.354195  0.344999
1847 0.492464 0.467366  0.0401703
18166 0.31559 0.387945  0.296464
15645 0.0395143 0.718781  0.241704
3310 0.256189 0.220934  0.522878
3217 0.581105 0.139162  0.279734
14867 0.275449 0.0932246  0.631326
8665 0.55198 0.189666  0.258354
11698 0.185648 0.149725  0.664628
12254 0.361133 0.478995  0.159872
8058 0.267347 0.483482  0.249171
2384 0.473291 0.422728  0.103981
14625 0.421313 0.247073  0.331615
9970 0.202452 0.478412  0.319136
18317 0.337372 0.314373  0.348254
14820 0.0372317 0.445407  0.517361
13193 0.3463 0.215967  0.437733
13633 0.482228 0.24056  0.277212
11669 0.209836 0.416455  0.373709
13076 0.445294 0.386091  0.168615
11581 0.174793 0.129203  0.696004
7749 0.427006 0.124742  0.448252
8705 0.136817 0.386057  0.477125
12393 0.0355649 0.724488  0.239948
7856 0.109483 0.460518  0.429999
6208 0.206682 0.208723  0.584595
7295 0.357377 0.288681  0.353942
6905 0.337759 0.344186  0.318055
15775 0.285202 0.363641  0.351157
16535 0.113203 0.206753  0.680044
7668 0.132533 0.376583  0.490884
11961 0.203927 0.340693  0.45538
802 0.315582 0.236248  0.44817
1683 0.221851 0.131433  0.646716
9757 0.65542 0.240487  0.104092
667 0.415227 0.318586  0.266187
7393 0.394014 0.246373  0.359613
806 0.0446356 0.596918  0.358447
12394 0.683729 0.201993  0.114278
16511 0.746641 0.0170091  0.23635
9792 0.129642 0.639689  0.230669
10028 0.378817 0.283671  0.337512
9250 0.0245481 0.46514  0.510312
6856 0.366407 0.602851  0.0307427
11515 0.385894 0.348677  0.265429
1006 0.108578 0.261126  0.630296
5543 0.279999 0.507693  0.212308
4300 0.283829 0.284209  0.431962
11895 0.136046 0.645278  0.218676
6942 0.153244 0.310817  0.535939
7257 0.483802 0.20643  0.309767
7518 0.467388 0.522335  0.0102778
9700 0.135527 0.55429  0.310183
10042 0.420849 0.442948  0.136204
15098 0.369786 0.576377  0.0538367
5087 0.0221212 0.594129  0.383749
2548 0.270234 0.405402  0.324364
6874 0.158162 0.135593  0.706245
7063 0.124321 0.85275  0.0229286
9216 0.0857283 0.483127  0.431144
11437 0.261052 0.050013  0.688935
9213 0.86825 0.0928232  0.038927
6328 0.3196 0.0141409  0.666259
9237 0.390033 0.340239  0.269728
1429 0.307285 0.435144  0.257571
11471 0.530389 0.251506  0.218105
930 0.219552 0.0638642  0.716584
10183 0.486853 0.0512509  0.461896
11392 0.375329 0.292706  0.331965
5571 0.115048 0.454782  0.43017
3766 0.353924 0.410917  0.235159
15797 0.284126 0.541409  0.174465
7332 0.360265 0.345985  0.29375
16481 0.0362991 0.879615  0.0840862
7322 0.494292 0.273414  0.232293
13052 0.253326 0.618118  0.128557
907 0.346162 0.362161  0.291677
10042 0.611461 0.168802  0.219737
2156 0.256284 0.365653  0.378063
13628 0.282547 0.244397  0.473056
10137 0.0475113 0.797402  0.155087
18289 0.278318 0.528351  0.19333
13039 0.0820866 0.46648  0.451433
7558 0.315565 0.602379  0.0820565
15641 0.360624 0.191925  0.447451
8579 0.240554 0.343757  0.415689
6447 0.865217 0.0883742  0.0464086
11996 0.289067 0.411652  0.29928
5968 0.028904 0.188925  0.782171
7043 0.185878 0.367941  0.44618
2511 0.0126594 0.591798  0.395542
5190 0.225039 0.202912  0.572048
12281 0.293825 0.46317  0.243005
1597 0.411255 0.152545  0.4362
3875 0.398329 0.218674  0.382997
6975 0.557258 0.0689649  0.373777
6458 0.556279 0.12779  0.31593
6121 0.278152 0.457575  0.264272
13557 0.447652 0.127461  0.424887
18540 0.866044 0.0660146  0.0679417
3371 0.124003 0.454362  0.421635
7853 0.385753 0.277848  0.336399
13236 0.0637855 0.462762  0.473452
13824 0.352138 0.0838191  0.564042
12483 0.013666 0.859401  0.126933
12002 0.255418 0.371962  0.372621
721 0.257499 0.718742  0.0237595
1331 0.32925 0.638953  0.0317968
2310 0.299747 0.163855  0.536398
3921 0.438999 0.461292  0.0997083
1372 0.742735 0.0979516  0.159314
7268 0.00588607 0.473606  0.520508
11962 0.146019 0.424979  0.429002
5972 0.18549 0.490226  0.324284
5860 0.54903 0.374574  0.0763953
4351 0.164547 0.668555  0.166898
8698 0.259158 0.503816  0.237026
6542 0.269796 0.229732  0.500472
15859 0.0536173 0.556947  0.389436
16982 0.338547 0.314601  0.346852
819 0.151351 0.447793  0.400857
8187 0.416617 0.159296  0.424087
7384 0.158313 0.437476  0.404211
8927 0.638521 0.221324  0.140155
5454 0.0278874 0.501895  0.470217
11586 0.164472 0.765503  0.0700243
810 0.200463 0.379991  0.419546
2240 0.306537 0.226962  0.466502
11623 0.233154 0.527209  0.239637
9212 0.0830619 0.419785  0.497154
6209 0.451198 0.359607  0.189195
9153 0.12792 0.106646  0.765434
6404 0.0201324 0.19425  0.785617
7257 0.66032 0.301946  0.0377341
1603 0.310743 0.510633  0.178624
8721 0.418134 0.10272  0.479146
12960 0.453299 0.327881  0.21882
11373 0.632699 0.273677  0.0936235
12453 0.852501 0.116299  0.0312002
3873 0.316629 0.277935  0.405435
825 0.10955 0.419883  0.470567
15076 0.394553 0.384441  0.221006
11868 0.0335588 0.851214  0.115227
3667 0.265628 0.213586  0.520786
14889 0.210462 0.209895  0.579643
16450 0.477115 0.0313128  0.491572
5089 0.496417 0.246124  0.25746
13826 0.495302 0.225697  0.279001
14910 0.359314 0.244768  0.395918
10609 0.3146 0.322944  0.362456
2579 0.506044 0.326147  0.167808
1654 0.395801 0.0284651  0.575734
6373 0.330921 0.416429  0.252651
11606 0.719508 0.0840287  0.196464
15025 0.335697 0.295231  0.369072
459 0.0607891 0.0336058  0.905605
9680 0.656492 0.0455216  0.297987
16650 0.40796 0.19899  0.393049
2259 0.67311 0.194459  0.132431
9052 0.363935 0.461503  0.174562
8010 0.0178205 0.419389  0.562791
9830 0.220708 0.569207  0.210084
5927 0.502172 0.0470355  0.450792
11808 0.274289 0.334182  0.391529
13120 0.365143 0.114644  0.520213
5842 0.551871 0.22859  0.219538
16581 0.323879 0.465448  0.210673
8695 0.656465 0.161178  0.182358
8638 0.0930759 0.364486  0.542438
10076 0.247973 0.310452  0.441575
845 0.492918 0.0928244  0.414258
11205 0.448928 0.315207  0.235865
671 0.498214 0.0197922  0.481993
6032 0.251015 0.433689  0.315296
2369 0.260733 0.396821  0.342446
15315 0.336069 0.0626673  0.601264
11285 0.0981088 0.824941  0.0769502
9255 0.352204 0.312033  0.335763
7041 0.225883 0.194198  0.579919
18727 0.486734 0.325801  0.187465
15296 0.281153 0.482532  0.236316
5190 0.437827 0.0869828  0.47519
3565 0.269378 0.339074  0.391547
8793 0.00813831 0.569911  0.42195
10018 0.145448 0.444898  0.409654
1608 0.243125 0.393562  0.363312
12694 0.236604 0.36629  0.397105
12490 0.600221 0.141478  0.258301
11766 0.0783498 0.634781  0.286869
16589 0.242337 0.257109  0.500555
15612 0.306958 0.274988  0.418054
7318 0.690201 0.0555962  0.254203
14147 0.358875 0.35917  0.281955
1504 0.0659363 0.455187  0.478876
5141 0.412903 0.465373  0.121724
7102 0.319331 0.244894  0.435774
9696 0.0270884 0.595995  0.376916
18160 0.190076 0.499464  0.31046
15599 0.181203 0.293512  0.525286
6418 0.38372 0.479643  0.136637
5678 0.346666 0.369181  0.284154
12746 0.0461005 0.486845  0.467054
12790 0.384022 0.0323017  0.583676
7855 0.545361 0.112894  0.341745
690 0.314559 0.415131  0.27031
11975 0.0154865 0.383678  0.600835
6036 0.307958 0.529143  0.162899
15494 0.524703 0.344826  0.130472
15373 0.350037 0.13734  0.512623
4739 0.564913 0.0150335  0.420054
12461 0.424271 0.471649  0.104079
11899 0.359444 0.485115  0.155441
12028 0.465423 0.497524  0.0370528
2163 0.587267 0.38044  0.032293
6739 0.142336 0.280895  0.576769
2706 0.20831 0.490966  0.300723
9397 0.0905516 0.782237  0.127212
9990 0.0382429 0.527538  0.434219
14332 0.289701 0.350194  0.360105
16602 0.175933 0.305863  0.518204
6910 0.255091 0.494873  0.250035
16747 0.0866898 0.438203  0.475107
12001 0.462802 0.431369  0.105829
5473 0.319152 0.64823  0.0326179
15862 0.49836 0.0850046  0.416635
6076 0.389441 0.386195  0.224364
6857 0.228942 0.168826  0.602232
7329 0.408801 0.355376  0.235823
13692 0.545721 0.243667  0.210613
6273 0.163305 0.430992  0.405703
2635 0.263242 0.572694  0.164063
15013 0.624451 0.123404  0.252145
12035 0.297748 0.229081  0.473171
16600 0.420214 0.252578  0.327208
5979 0.373923 0.324043  0.302035
805 0.43048 0.18886  0.380659
10098 0.0870606 0.444142  0.468797
10213 0.358688 0.571687  0.0696246
5973 0.134175 0.21418  0.651645
14138 0.354383 0.491315  0.154303
11434 0.447559 0.0310909  0.52135
16702 0.358207 0.320704  0.32109
5772 0.199275 0.375725  0.425
2610 0.384533 0.314343  0.301124
7164 0.292699 0.372549  0.334751
2707 0.0252139 0.0785275  0.896259
16460 0.232084 0.239682  0.528234
741 0.467291 0.175075  0.357634
291 0.462289 0.360873  0.176838
9979 0.0700929 0.323738  0.606169
1585 0.330989 0.403589  0.265423
12047 0.564074 0.300701  0.135226
15762 0.295348 0.181675  0.522977
422 0.410199 0.498802  0.0909988
10128 0.0851008 0.367645  0.547254
2492 0.363417 0.434028  0.202555
18261 0.82616 0.113048  0.0607925
5891 0.330685 0.429612  0.239703
3923 0.341671 0.257478  0.400851
7668 0.0408859 0.275142  0.683972
10118 0.410493 0.329888  0.25962
7750 0.133876 0.0596052  0.806519
7061 0.380624 0.0587001  0.560676
7333 0.293095 0.665195  0.04171
5599 0.354973 0.15809  0.486937
16431 0.555994 0.38811  0.0558962
15273 0.753384 0.111027  0.135589
18937 0.378099 0.287812  0.334089
9257 0.42261 0.268551  0.308839
9928 0.408729 0.339149  0.252123
6216 0.540579 0.147429  0.311992
11829 0.117753 0.565805  0.316442
14792 0.260177 0.612416  0.127407
7707 0.209852 0.422465  0.367683
16562 0.132188 0.394487  0.473325
7364 0.438235 0.257166  0.304599
16549 0.554131 0.370786  0.0750828
12787 0.340409 0.269407  0.390184
186 0.511405 0.396338  0.092257
5570 0.392067 0.109012  0.498921
12785 0.503292 0.213426  0.283282
11755 0.321561 0.289759  0.38868
9827 0.142617 0.386654  0.470729
19492 0.423154 0.400878  0.175967
11807 0.395823 0.215511  0.388666
2372 0.484429 0.308624  0.206947
2695 0.176453 0.613407  0.210139
3622 0.328111 0.27221  0.399679
2269 0.0953436 0.247308  0.657348
3446 0.581716 0.351441  0.0668434
11920 0.197396 0.391051  0.411553
9221 0.230368 0.2653  0.504332
10143 0.236224 0.432947  0.330828
732 0.815828 0.0449706  0.139201
6950 0.482533 0.100877  0.41659
5149 0.355993 0.364731  0.279277
6728 0.971178 0.0142605  0.0145615
10779 0.170032 0.367137  0.462831
226 0.327262 0.306607  0.36613
9161 0.7646 0.0170726  0.218327
13347 0.286013 0.457918  0.256069
2440 0.254709 0.298409  0.446882
7854 0.249095 0.440644  0.310261
538 0.35579 0.256563  0.387647
2391 0.524065 0.176826  0.299109
15618 0.258546 0.322006  0.419448
2281 0.616113 0.370043  0.0138433
6971 0.167559 0.57552  0.256921
12270 0.0979083 0.383703  0.518389
15717 0.246294 0.521452  0.232254
5998 0.164278 0.307978  0.527744
7670 0.50882 0.102753  0.388427
1676 0.150787 0.460745  0.388468
12548 0.501516 0.232717  0.265768
166 0.142426 0.298709  0.558865
2392 0.339112 0.541408  0.119479
1517 0.244643 0.20755  0.547807
9928 0.30434 0.291891  0.403769
4849 0.380266 0.131358  0.488376
15646 0.448349 0.300309  0.251342
719 0.289311 0.0501517  0.660537
11671 0.0664217 0.280535  0.653043
8606 0.378838 0.306202  0.31496
3591 0.803409 0.0575996  0.138991
17550 0.155881 0.244902  0.599217
9872 0.446 0.242387  0.311613
15398 0.550386 0.359368  0.0902467
11982 0.0655175 0.363493  0.57099
13264 0.564983 0.363372  0.0716453
7897 0.206632 0.421642  0.371727
7516 0.541202 0.269675  0.189123
12857 0.440318 0.131891  0.427791
4731 0.212397 0.166002  0.621601
6420 0.0643045 0.296504  0.639191
8714 0.323733 0.436445  0.239822
8710 0.148614 0.515064  0.336323
12383 0.178711 0.450464  0.370825
15578 0.470048 0.0374494  0.492502
12542 0.184777 0.463344  0.351879
2404 0.384575 0.468128  0.147298
9276 0.615404 0.104532  0.280064
10175 0.514691 0.118696  0.366613
15122 0.338686 0.421344  0.23997
18197 0.435784 0.298874  0.265342
15203 0.0593258 0.885235  0.0554389
6306 0.416259 0.323491  0.260249
13771 0.203047 0.469108  0.327845
17496 0.0544283 0.360882  0.58469
7093 0.291529 0.509053  0.199418
883 0.257464 0.494062  0.248474
12151 0.0307766 0.449399  0.519824
3286 0.370613 0.289619  0.339768
13245 0.57944 0.0283177  0.392242
16457 0.322021 0.189668  0.488311
5453 0.373924 0.386656  0.23942
497 0.438233 0.1361  0.425668
995 0.350885 0.447452  0.201663
10033 0.499117 0.00949621  0.491386
7108 0.338397 0.354063  0.30754
7505 0.391271 0.521141  0.0875879
12608 0.493207 0.0823891  0.424404
12063 0.391748 0.550416  0.0578356
15632 0.0287702 0.420929  0.5503
885 0.781675 0.138484  0.0798417
7256 0.37834 0.0506443  0.571016
13491 0.217508 0.396536  0.385956
10163 0.267705 0.438157  0.294138
14860 0.348171 0.321531  0.330298
16708 0.470772 0.284275  0.244953
16681 0.427662 0.335404  0.236933
12564 0.0307983 0.433204  0.535997
6916 0.0242213 0.539127  0.436651
5565 0.232278 0.380876  0.386846
1715 0.500076 0.372473  0.127451
14932 0.20548 0.282421  0.512099
5231 0.54759 0.401015  0.0513959
839 0.468826 0.111816  0.419358
15597 0.155596 0.359471  0.484933
12345 0.389847 0.479473  0.130681
1690 0.324914 0.328902  0.346184
6863 0.586106 0.281582  0.132312
4703 0.166335 0.440776  0.392889
3895 0.063115 0.369633  0.567252
306 0.478371 0.198736  0.322893
9744 0.303787 0.3091  0.387113
5473 0.428894 0.0721061  0.499
2200 0.438108 0.341516  0.220376
10142 0.403444 0.194909  0.401647
5974 0.261513 0.571517  0.16697
1274 0.047342 0.0645869  0.888071
19033 0.189378 0.481031  0.329591
17709 0.367104 0.215664  0.417232
9237 0.215917 0.564249  0.219834
9199 0.638742 0.133616  0.227642
13394 0.535729 0.302856  0.161415
4443 0.094759 0.38658  0.518661
5470 0.202454 0.28754  0.510006
2154 0.192259 0.313061  0.49468
2941 0.190065 0.588523  0.221413
6905 0.289095 0.296028  0.414877
6288 0.221473 0.30943  0.469098
12030 0.330382 0.587461  0.0821565
1536 0.229379 0.389842  0.380778
8570 0.567855 0.327136  0.105009
13076 0.287502 0.346675  0.365822
3303 0.47736 0.434731  0.0879095
6895 0.267009 0.309844  0.423147
677 0.34991 0.244906  0.405184
12044 0.196798 0.132028  0.671173
295 0.638746 0.292148  0.0691063
9996 0.447489 0.32951  0.223001
6380 0.490575 0.157853  0.351572
1614 0.436467 0.426777  0.136756
13511 0.280255 0.474144  0.245601
2511 0.132286 0.768593  0.0991207
6908 0.52168 0.180405  0.297915
9377 0.432715 0.331995  0.23529
3942 0.266695 0.538257  0.195048
9668 0.450238 0.213527  0.336235
17256 0.436758 0.332769  0.230473
14471 0.228655 0.258348  0.512998
12192 0.361904 0.431307  0.206789
18921 0.539867 0.16803  0.292104
11598 0.456509 0.424717  0.118774
5812 0.0395426 0.361373  0.599085
8654 0.348078 0.28763  0.364292
2383 0.378764 0.171262  0.449974
14790 0.520285 0.344131  0.135584
330 0.288155 0.284538  0.427307
2666 0.343084 0.3992  0.257716
11998 0.356735 0.328362  0.314902
2519 0.522428 0.062085  0.415487
2452 0.589153 0.400108  0.0107388
1688 0.368057 0.34427  0.287673
8039 0.275578 0.315995  0.408426
19357 0.206669 0.381621  0.41171
9155 0.00977017 0.566443  0.423787
7329 0.54359 0.176709  0.279701
3324 0.560957 0.118615  0.320428
11999 0.744855 0.0839038  0.171241
9664 0.103693 0.404737  0.49157
13417 0.214201 0.165944  0.619854
3325 0.0354496 0.655139  0.309411
14331 0.218105 0.0100959  0.771799
14918 0.0962562 0.361897  0.541847
13417 0.610315 0.25301  0.136675
3313 0.33881 0.115304  0.545887
12465 0.228135 0.578671  0.193194
10042 0.819101 0.154648  0.0262509
15111 0.571812 0.322854  0.105334
1577 0.593926 0.240894  0.16518
15771 0.0577863 0.454365  0.487849
6984 0.716849 0.260206  0.0229451
376 0.0395338 0.63291  0.327557
14627 0.590156 0.0654214  0.344423
1634 0.153958 0.44849  0.397552
15882 0.23548 0.432107  0.332413
13843 0.44367 0.229689  0.326641
4466 0.370229 0.228994  0.400777
7340 0.497169 0.158275  0.344556
15505 0.286482 0.387846  0.325672
5874 0.176274 0.0384731  0.785253
5823 0.35445 0.296788  0.348763
6444 0.303892 0.307585  0.388523
6301 0.459135 0.118577  0.422288
15627 0.287235 0.316512  0.396253
1433 0.215084 0.466969  0.317946
12811 0.300856 0.534464  0.16468
7258 0.259115 0.672103  0.0687822
7793 0.395665 0.343775  0.26056
10825 0.35423 0.317793  0.327978
7258 0.185491 0.623231  0.191278
17588 0.29892 0.233198  0.467881
959 0.379382 0.212144  0.408474
949 0.204058 0.405593  0.390349
7008 0.386131 0.326125  0.287745
13245 0.470464 0.469927  0.0596097
17371 0.324431 0.427486  0.248083
4129 0.383886 0.507202  0.108912
3905 0.495869 0.0904419  0.413689
2036 0.205242 0.0489471  0.745811
704 0.244622 0.626072  0.129306
5440 0.569056 0.0276667  0.403277
2625 0.427064 0.252141  0.320794
943 0.15916 0.815744  0.0250958
14901 0.34555 0.309616  0.344835
13816 0.42345 0.426465  0.150085
9063 0.185052 0.716895  0.0980523
11745 0.06275 0.0871333  0.850117
9654 0.37047 0.266456  0.363074
7858 0.425909 0.149903  0.424188
16477 0.272711 0.255262  0.472027
15728 0.330932 0.376465  0.292603
11828 0.376668 0.253134  0.370198
13065 0.788579 0.0135743  0.197847
7370 0.389253 0.181151  0.429596
2890 0.349059 0.420227  0.230714
11927 0.299707 0.360155  0.340138
6946 0.321639 0.122782  0.555579
4344 0.521323 0.167349  0.311328
12064 0.159498 0.699782  0.14072
6571 0.538842 0.1159  0.345258
2371 0.358665 0.100972  0.540363
11670 0.73572 0.210138  0.0541413
11701 0.710371 0.204748  0.0848802
12275 0.302573 0.342565  0.354861
2808 0.701127 0.0530386  0.245834
13787 0.0752612 0.18832  0.736419
12439 0.144296 0.542085  0.313619
17629 0.400224 0.544545  0.0552317
2008 0.444528 0.0334632  0.522008
554 0.484596 0.0588505  0.456553
13865 0.613563 0.321883  0.0645548
12763 0.8259 0.124185  0.0499151
3510 0.308506 0.218405  0.473089
13443 0.436851 0.0322974  0.530851
1922 0.2909 0.448851  0.260249
9258 0.408553 0.412471  0.178976
15833 0.183415 0.413426  0.403159
14240 0.189493 0.428401  0.382106
1020 0.0648723 0.76054  0.174588
15859 0.39538 0.535038  0.0695815
1590 0.544994 0.181012  0.273994
13394 0.428712 0.372029  0.199259
11712 0.281129 0.368419  0.350453
9365 0.0329224 0.290087  0.67699
5138 0.522678 0.0676503  0.409672
9659 0.142219 0.716336  0.141446
3308 0.368833 0.36785  0.263317
6441 0.345615 0.352052  0.302333
15836 0.233637 0.390748  0.375615
14996 0.135439 0.561216  0.303345
9751 0.514103 0.0783202  0.407577
12913 0.372041 0.325301  0.302658
6889 0.551685 0.145732  0.302583
4198 0.419135 0.133663  0.447203
7232 0.456044 0.184047  0.359909
15141 0.104573 0.460175  0.435251
12904 0.297118 0.399236  0.303646
1756 0.125198 0.386321  0.488481
18466 0.444888 0.228311  0.3268
12167 0.446632 0.0867118  0.466656
7354 0.18904 0.346425  0.464535
9839 0.725639 0.104761  0.169601
7258 0.640256 0.163452  0.196293
6297 0.384924 0.349947  0.26513
9719 0.253082 0.373198  0.373719
6960 0.0750428 0.403795  0.521162
11917 0.494285 0.0860476  0.419668
2212 0.388768 0.391412  0.21982
7904 0.396152 0.515665  0.088183
1893 0.555196 0.290658  0.154146
12201 0.226387 0.509614  0.263999
10046 0.499269 0.322138  0.178593
650 0.366638 0.193211  0.440151
7276 0.487379 0.38721  0.125411
2194 0.0992052 0.452603  0.448192
7874 0.455113 0.415854  0.129033
17785 0.452484 0.15101  0.396507
12203 0.424752 0.442421  0.132826
13816 0.0923929 0.140421  0.767186
5999 0.286131 0.486494  0.227375
682 0.4538 0.0898948  0.456306
3583 0.42571 0.144007  0.430283
298 0.386505 0.241364  0.372131
5976 0.40196 0.361791  0.236249
11991 0.278069 0.409431  0.3125
12950 0.451921 0.237826  0.310253
17256 0.367258 0.597666  0.0350764
6235 0.45887 0.427823  0.113307
1668 0.0198619 0.511264  0.468874
14627 0.519109 0.405607  0.0752843
2264 0.266016 0.528473  0.205511
9729 0.437358 0.254161  0.308481
5458 0.10015 0.197343  0.702507
13002 0.453633 0.52056  0.0258067
9205 0.429542 0.496412  0.0740459
13847 0.294561 0.567659  0.137779
2372 0.211844 0.485799  0.302357
6382 0.332349 0.327211  0.34044
9964 0.492818 0.0165615  0.490621
15208 0.437408 0.492212  0.0703808
2319 0.162437 0.513019  0.324544
14046 0.380204 0.503875  0.115921
15146 0.397493 0.284871  0.317636
111 0.559324 0.194868  0.245808
11641 0.0515169 0.257765  0.690718
6027 0.351803 0.151464  0.496733
7280 0.337797 0.371815  0.290388
12922 0.419625 0.130892  0.449483
1001 0.459992 0.148514  0.391494
2347 0.384471 0.152292  0.463236
3884 0.148616 0.67828  0.173104
13010 0.206922 0.117038  0.676041
14709 0.476278 0.0769684  0.446754
6874 0.164637 0.393068  0.442295
11988 0.276775 0.169652  0.553573
13805 0.369361 0.203601  0.427038
1303 0.0280003 0.611363  0.360637
14657 0.469046 0.114726  0.416228
12111 0.034897 0.543189  0.421914
12407 0.42422 0.208402  0.367378
6279 0.354486 0.228632  0.416882
5776 0.228261 0.331744  0.439995
12950 0.141217 0.304026  0.554757
12049 0.19028 0.266905  0.542815
472 0.376552 0.0399652  0.583483
7733 0.352822 0.569288  0.0778897
6257 0.469384 0.283512  0.247104
2594 0.441278 0.342936  0.215786
15408 0.164244 0.34303  0.492726
3826 0.548615 0.227926  0.223459
2244 0.362961 0.33998  0.297059
5779 0.159689 0.628418  0.211894
8596 0.371251 0.545396  0.0833527
314 0.198529 0.386001  0.415471
8363 0.459723 0.232847  0.30743
10115 0.549725 0.174617  0.275658
8738 0.916053 0.0565697  0.0273774
7463 0.501671 0.310434  0.187895
9837 0.34071 0.47954  0.17975
9875 0.296563 0.320327  0.38311
7221 0.210668 0.482385  0.306947
9791 0.0286693 0.415066  0.556265
2314 0.461875 0.0454272  0.492697
347 0.393003 0.0253836  0.581613
12177 0.556703 0.0769635  0.366334
2461 0.491034 0.14613  0.362836
9570 0.420208 0.401854  0.177938
10439 0.588187 0.102901  0.308912
17570 0.278644 0.107755  0.613601
6150 0.141479 0.347286  0.511235
8219 0.329853 0.115338  0.554809
14783 0.375889 0.260054  0.364057
2545 0.27598 0.493695  0.230324
15607 0.196117 0.435478  0.368405
5791 0.286407 0.353836  0.359757
6851 0.624371 0.102134  0.273496
3304 0.593975 0.388927  0.0170973
9910 0.477571 0.270795  0.251633
8711 0.441479 0.0894517  0.469069
9931 0.0395628 0.778846  0.181591
7411 0.025374 0.437442  0.537184
16755 0.243187 0.328219  0.428594
16575 0.153028 0.408296  0.438675
9653 0.380633 0.309377  0.309991
15881 0.0166786 0.40956  0.573761
12389 0.0160626 0.381478  0.602459
14010 0.219864 0.427385  0.352751
941 0.498829 0.238115  0.263057
2672 0.0895355 0.32794  0.582525
7877 0.135728 0.0623197  0.801952
5600 0.378596 0.170166  0.451238
4644 0.283403 0.31386  0.402737
5888 0.38781 0.262827  0.349362
7039 0.169978 0.410296  0.419727
9845 0.3416 0.272302  0.386098
12290 0.306047 0.0876702  0.606283
5791 0.293992 0.506223  0.199785
7473 0.355913 0.26666  0.377427
12069 0.272478 0.324676  0.402846
13257 0.86325 0.0464903  0.0902597
15448 0.454112 0.496974  0.0489138
12276 0.680259 0.108317  0.211424
7417 0.608514 0.104304  0.287182
16209 0.224616 0.424966  0.350418
12349 0.0241023 0.769829  0.206068
7114 0.459992 0.246063  0.293945
12143 0.131984 0.156829  0.711187
2390 0.134058 0.443305  0.422636
1730 0.203319 0.381489  0.415192
6896 0.0818843 0.675004  0.243112
14891 0.17649 0.409356  0.414154
12344 0.294419 0.399648  0.305933
1530 0.0515794 0.631929  0.316491
2659 0.359904 0.197321  0.442776
10151 0.219366 0.215979  0.564654
12495 0.03179 0.171344  0.796866
5984 0.02821 0.242785  0.729005
2506 0.389286 0.365251  0.245463
5590 0.503364 0.279785  0.216851
12768 0.523918 0.404876  0.0712063
194 0.35956 0.238301  0.402139
1456 0.236409 0.347844  0.415747
13396 0.213669 0.51532  0.271011
11976 0.110538 0.278763  0.610699
5857 0.572112 0.119418  0.30847
2373 0.372367 0.295041  0.332592
10023 0.462422 0.489777  0.0478006
2377 0.438907 0.0664297  0.494663
3084 0.280904 0.258561  0.460536
7302 0.217673 0.162752  0.619575
3829 0.44498 0.0758134  0.479206
8579 0.355116 0.284098  0.360786
6272 0.360197 0.341831  0.297972
5967 0.0971562 0.365672  0.537172
12121 0.41289 0.484175  0.102935
15463 0.51058 0.373679  0.115741
5473 0.150121 0.508242  0.341636
4615 0.519125 0.146407  0.334468
6963 0.254905 0.238773  0.506322
5241 0.154787 0.140836  0.704377
12959 0.328974 0.281444  0.389582
15169 0.0861797 0.53683  0.37699
2969 0.378287 0.311816  0.309897
1415 0.537611 0.410614  0.0517753
8069 0.36964 0.361184  0.269177
7454 0.401996 0.263953  0.334051
9795 0.511502 0.123904  0.364594
2312 0.219903 0.395151  0.384946
17937 0.380338 0.312105  0.307557
874 0.500566 0.207632  0.291802
2709 0.223458 0.26171  0.514832
13261 0.750422 0.0940501  0.155528
16516 0.364154 0.252574  0.383272
4797 0.0765602 0.430314  0.493126
10140 0.172252 0.384323  0.443425
8605 0.343795 0.318916  0.337289
193 0.252297 0.564725  0.182978
10711 0.221605 0.389108  0.389288
2516 0.485186 0.269993  0.244821
9845 0.0932771 0.345961  0.560761
13262 0.156532 0.418349  0.425119
15646 0.443518 0.364632  0.191849
15324 0.467718 0.0124457  0.519836
3870 0.223463 0.231831  0.544706
9679 0.0341362 0.359283  0.606581
9963 0.0973833 0.658789  0.243827
3583 0.704026 0.0209231  0.275051
12153 0.655704 0.0643347  0.279962
935 0.324933 0.0226835  0.652383
12622 0.372535 0.25153  0.375936
15224 0.43935 0.454225  0.106425
13785 0.026375 0.542074  0.431551
9951 0.292252 0.294246  0.413502
189 0.352518 0.35836  0.289122
866 0.251808 0.36516  0.383031
4175 0.640471 0.252936  0.106593
7039 0.185483 0.384428  0.430089
10132 0.112726 0.267883  0.619391
14906 0.340687 0.549764  0.109549
9524 0.241847 0.619274  0.138879
5823 0.120395 0.655311  0.224294
16687 0.595535 0.0279217  0.376544
9637 0.582164 0.377093  0.0407438
7753 0.280709 0.292204  0.427086
2884 0.124988 0.339551  0.535461
7864 0.505777 0.217228  0.276995
3547 0.379026 0.405527  0.215447
6846 0.381854 0.178734  0.439412
14901 0.0207696 0.625604  0.353627
3065 0.444927 0.313833  0.241241
15687 0.27062 0.232784  0.496596
7003 0.427661 0.0777534  0.494586
17190 0.107928 0.596633  0.295439
9216 0.546482 0.32365  0.129867
16512 0.266369 0.368017  0.365614
1518 0.481513 0.266023  0.252464
5560 0.1875 0.147092  0.665408
6956 0.261744 0.37974  0.358516
9427 0.282723 0.384107  0.33317
10053 0.368434 0.200841  0.430726
1438 0.488042 0.187471  0.324487
7282 0.179841 0.412613  0.407546
11625 0.339555 0.322337  0.338108
1967 0.31347 0.151285  0.535245
2303 0.176924 0.374687  0.448389
