1162 0.0261601 0.244213  0.729627
2074 0.583836 0.207524  0.20864
3163 0.281152 0.259054  0.459794
45 0.360961 0.238482  0.400557
1553 0.40748 0.337799  0.254721
864 0.583556 0.169597  0.246847
1126 0.357081 0.540574  0.102345
2884 0.243113 0.455181  0.301707
2801 0.348381 0.43341  0.218209
201 0.135171 0.455891  0.408939
1561 0.303852 0.388337  0.307811
2210 0.337831 0.505994  0.156175
2485 0.467642 0.385373  0.146985
254 0.403571 0.339922  0.256506
3064 0.26935 0.451969  0.27868
3661 0.531656 0.274399  0.193944
2651 0.323944 0.23295  0.443106
1511 0.418722 0.402391  0.178887
305 0.281595 0.246711  0.471694
183 0.283133 0.679147  0.0377204
625 0.380772 0.270563  0.348665
2523 0.369017 0.320111  0.310871
1983 0.810372 0.137038  0.0525901
1599 0.285127 0.139558  0.575316
1856 0.201344 0.397379  0.401277
2755 0.28582 0.584654  0.129526
2982 0.132066 0.528417  0.339518
1666 0.343963 0.194699  0.461338
165 0.266622 0.501985  0.231392
672 0.292149 0.284441  0.42341
2181 0.610377 0.277145  0.112477
2619 0.151997 0.38788  0.460123
2619 0.342695 0.28269  0.374616
2491 0.574362 0.178042  0.247596
1556 0.308122 0.317562  0.374316
3400 0.164275 0.421605  0.41412
1566 0.250538 0.23954  0.509922
2074 0.429152 0.0963178  0.474531
2242 0.37911 0.0589101  0.56198
168 0.248785 0.388684  0.362531
602 0.457975 0.411198  0.130827
2738 0.27796 0.418221  0.303819
235 0.0924045 0.426961  0.480635
261 0.17002 0.245164  0.584816
636 0.547557 0.228469  0.223974
144 0.557606 0.0646171  0.377777
2860 0.18751 0.597974  0.214516
3234 0.70008 0.174035  0.125885
303 0.11993 0.644556  0.235514
2355 0.407226 0.25315  0.339624
187 0.28728 0.454767  0.257953
1493 0.0752271 0.660807  0.263966
733 0.400804 0.515333  0.0838634
1079 0.0575406 0.864048  0.0784115
1155 0.319487 0.177912  0.502601
2060 0.587116 0.0536763  0.359207
1988 0.316073 0.378775  0.305152
3447 0.344562 0.406476  0.248962
3063 0.250411 0.627331  0.122257
1768 0.487613 0.362385  0.150002
55 0.128778 0.330331  0.540891
2453 0.492328 0.0406964  0.466976
1547 0.269961 0.4991  0.230939
2625 0.0874003 0.550596  0.362003
1822 0.344901 0.338269  0.31683
2560 0.368415 0.58414  0.0474449
2211 0.285627 0.654286  0.0600869
2791 0.253191 0.35779  0.389019
189 0.0299167 0.525472  0.444611
2152 0.392614 0.414716  0.19267
140 0.310834 0.391346  0.29782
270 0.119354 0.386424  0.494222
2802 0.0507151 0.323088  0.626197
2324 0.205411 0.427315  0.367274
1819 0.255222 0.357264  0.387514
2019 0.399675 0.135616  0.464709
2625 0.223357 0.386018  0.390625
1350 0.335138 0.0835683  0.581294
1894 0.314963 0.489157  0.195879
1093 0.342882 0.226951  0.430167
1230 0.526527 0.0155818  0.457891
209 0.108778 0.527538  0.363684
3309 0.40038 0.365912  0.233707
1438 0.211488 0.603089  0.185424
1948 0.306966 0.180686  0.512348
1683 0.167548 0.337376  0.495077
1762 0.0940044 0.0584827  0.847513
1700 0.365665 0.0759013  0.558434
1350 0.377618 0.0111248  0.611257
1469 0.1149 0.516251  0.36885
3651 0.345358 0.225691  0.42895
2735 0.30775 0.44233  0.24992
33 0.680325 0.157167  0.162508
1700 0.153426 0.404098  0.442476
2625 0.0751449 0.350255  0.5746
1546 0.76439 0.0341042  0.201505
209 0.390198 0.421067  0.188735
2357 0.284235 0.523774  0.191991
2285 0.358911 0.130999  0.51009
3238 0.185356 0.54125  0.273394
1506 0.615211 0.247585  0.137204
155 0.37333 0.141624  0.485046
2160 0.360782 0.520213  0.119006
1338 0.253957 0.625581  0.120461
2651 0.393259 0.346995  0.259747
354 0.372431 0.301121  0.326448
1894 0.119628 0.467644  0.412728
1162 0.203073 0.171807  0.62512
2055 0.388389 0.448487  0.163124
2386 0.455327 0.0481168  0.496556
1355 0.517074 0.419673  0.0632527
3485 0.3139 0.406319  0.279782
3330 0.317468 0.274389  0.408143
1333 0.383813 0.228675  0.387512
1716 0.568395 0.210449  0.221156
841 0.24506 0.447745  0.307195
1120 0.310892 0.560002  0.129105
2660 0.411928 0.360339  0.227733
1716 0.474044 0.0916348  0.434322
1700 0.467238 0.514032  0.0187293
2861 0.449814 0.521663  0.0285227
1128 0.185888 0.783403  0.0307089
294 0.295264 0.362781  0.341955
2088 0.514658 0.348514  0.136828
3201 0.665692 0.0667059  0.267602
270 0.111431 0.687573  0.200996
3088 0.572721 0.31065  0.116629
3503 0.213354 0.101856  0.684789
1913 0.346469 0.102613  0.550918
1596 0.411251 0.392793  0.195956
2006 0.0614355 0.45769  0.480874
875 0.44515 0.218073  0.336777
1579 0.36472 0.273093  0.362188
3590 0.452091 0.218077  0.329832
270 0.293187 0.34539  0.361422
1090 0.0110643 0.375784  0.613152
3570 0.123222 0.555467  0.321311
2273 0.394729 0.492044  0.113227
2844 0.379739 0.479645  0.140616
2107 0.0650657 0.777472  0.157463
375 0.868347 0.109  0.022653
1329 0.250784 0.417855  0.331362
73 0.281562 0.406418  0.31202
2140 0.395797 0.382525  0.221678
537 0.206488 0.550507  0.243004
1172 0.142952 0.116554  0.740494
2914 0.305811 0.134099  0.56009
1323 0.388622 0.570591  0.040787
254 0.432244 0.026347  0.541409
3134 0.353954 0.297067  0.348979
2628 0.403235 0.184193  0.412572
2160 0.159637 0.316815  0.523548
1285 0.485387 0.196163  0.31845
3154 0.11675 0.403477  0.479773
1492 0.182273 0.541749  0.275977
3330 0.405746 0.341825  0.25243
1870 0.642398 0.345382  0.0122202
194 0.146419 0.433595  0.419985
174 0.543202 0.270329  0.186468
3449 0.451234 0.183068  0.365698
2947 0.351466 0.341059  0.307475
1161 0.375816 0.0896926  0.534492
3658 0.0864722 0.464367  0.449161
2235 0.302401 0.310875  0.386724
1927 0.267368 0.0503145  0.682318
347 0.179774 0.0220431  0.798183
3197 0.498909 0.37993  0.121161
2791 0.305837 0.425982  0.268181
209 0.156378 0.433687  0.409935
3037 0.321265 0.144486  0.534249
2468 0.740301 0.140396  0.119303
2937 0.242151 0.220244  0.537605
2738 0.0116516 0.471646  0.516702
349 0.308952 0.317408  0.37364
1434 0.323865 0.152135  0.524
620 0.110298 0.869405  0.0202972
3402 0.399617 0.315194  0.285189
176 0.530341 0.142607  0.327052
2641 0.202738 0.380717  0.416546
2960 0.786884 0.0185538  0.194562
29 0.179379 0.223786  0.596835
1649 0.514435 0.0487066  0.436858
1885 0.23736 0.355149  0.407492
3330 0.270896 0.0912632  0.637841
145 0.444236 0.134345  0.421419
2853 0.038037 0.313691  0.648272
822 0.409318 0.353411  0.237271
1832 0.429556 0.228696  0.341748
2535 0.681891 0.290569  0.0275396
594 0.0559525 0.175858  0.768189
444 0.285341 0.572809  0.141849
3551 0.298986 0.349523  0.351492
456 0.425253 0.277602  0.297145
3012 0.369444 0.498203  0.132353
3018 0.459725 0.532118  0.00815683
174 0.482102 0.145618  0.37228
1247 0.250332 0.678603  0.0710659
253 0.260774 0.163587  0.575639
1649 0.32941 0.239621  0.430969
1538 0.103233 0.49443  0.402337
3233 0.381645 0.191831  0.426525
3644 0.889623 0.0327471  0.0776295
389 0.258011 0.0386039  0.703385
3343 0.0513174 0.305442  0.643241
1762 0.246733 0.328164  0.425102
253 0.421411 0.4093  0.169288
1546 0.118204 0.45223  0.429566
632 0.136856 0.0232291  0.839914
1335 0.287148 0.338648  0.374204
1122 0.312187 0.319321  0.368492
3187 0.481176 0.0914134  0.42741
1429 0.200619 0.413792  0.385589
858 0.482475 0.394833  0.122692
1045 0.122395 0.041688  0.835917
3556 0.366547 0.312555  0.320898
3152 0.461783 0.490844  0.0473723
310 0.323704 0.236154  0.440142
1613 0.257368 0.437787  0.304846
2595 0.318787 0.33127  0.349943
1159 0.078779 0.475115  0.446106
2694 0.315934 0.360831  0.323236
3377 0.17804 0.259284  0.562676
1269 0.533723 0.0347843  0.431493
2715 0.354498 0.322228  0.323274
144 0.40238 0.0679253  0.529695
1517 0.305565 0.434543  0.259892
240 0.257733 0.412573  0.329694
3487 0.405571 0.328225  0.266204
1911 0.339398 0.461768  0.198834
2253 0.599256 0.241986  0.158758
2179 0.4003 0.350537  0.249163
3116 0.276532 0.703741  0.0197268
1871 0.405215 0.0763704  0.518414
678 0.345846 0.131346  0.522808
1346 0.0893209 0.499912  0.410768
2128 0.0455268 0.516153  0.43832
3514 0.0996027 0.463567  0.43683
254 0.472283 0.0374846  0.490232
2965 0.516931 0.442554  0.0405154
3210 0.482858 0.496568  0.0205734
2649 0.46865 0.34046  0.190889
2610 0.18837 0.429468  0.382163
1260 0.450638 0.132723  0.416639
3680 0.426852 0.3512  0.221947
3415 0.0127223 0.739819  0.247459
715 0.530202 0.0256195  0.444178
1837 0.493025 0.105677  0.401297
1748 0.368998 0.106748  0.524253
3344 0.150183 0.406337  0.44348
1077 0.393737 0.172709  0.433554
3064 0.130301 0.512365  0.357334
2018 0.38298 0.419863  0.197157
1402 0.221686 0.498552  0.279763
2404 0.44033 0.105886  0.453784
44 0.323099 0.374511  0.30239
1546 0.203836 0.485009  0.311155
3460 0.441559 0.248184  0.310257
2160 0.394373 0.421255  0.184372
2267 0.333563 0.315292  0.351144
1734 0.35375 0.345481  0.300769
2614 0.686683 0.109451  0.203866
33 0.0656802 0.537662  0.396658
2789 0.0836105 0.644745  0.271644
3205 0.141843 0.434073  0.424083
3621 0.395314 0.263677  0.341008
2340 0.337094 0.157088  0.505818
2469 0.418582 0.109189  0.472229
2007 0.350568 0.617283  0.0321492
3514 0.345739 0.0287644  0.625497
212 0.477638 0.157993  0.364369
2790 0.188734 0.0565027  0.754763
2335 0.300296 0.283996  0.415708
511 0.675088 0.277952  0.0469601
603 0.349313 0.159878  0.490808
1762 0.529909 0.326078  0.144013
3167 0.17695 0.735113  0.0879367
33 0.657014 0.174371  0.168615
3054 0.1443 0.161532  0.694168
3464 0.0895364 0.186926  0.723537
2878 0.344567 0.174687  0.480746
1982 0.204686 0.521396  0.273919
3013 0.138474 0.409974  0.451552
3514 0.240221 0.400976  0.358802
1090 0.136083 0.354475  0.509442
1894 0.0925773 0.548503  0.358919
3386 0.363366 0.0638895  0.572744
1546 0.304475 0.358942  0.336583
3439 0.12009 0.582024  0.297887
334 0.404335 0.328399  0.267267
402 0.268384 0.344043  0.387573
141 0.589228 0.0311404  0.379631
3178 0.382076 0.32184  0.296084
148 0.488179 0.251168  0.260653
822 0.310137 0.481888  0.207976
350 0.166364 0.305674  0.527962
3243 0.651722 0.189308  0.15897
3525 0.302109 0.452039  0.245852
3646 0.0997509 0.340574  0.559675
835 0.424699 0.553808  0.0214934
3271 0.699508 0.132812  0.16768
1491 0.293852 0.292984  0.413164
858 0.205169 0.487194  0.307637
3163 0.449563 0.0781186  0.472318
724 0.365849 0.238831  0.39532
1547 0.437513 0.0460415  0.516445
3630 0.0683853 0.398303  0.533311
2885 0.124213 0.482991  0.392796
3359 0.146455 0.726865  0.126681
3057 0.235953 0.216053  0.547994
2444 0.396279 0.2701  0.333621
26 0.455332 0.163421  0.381247
3210 0.429426 0.204481  0.366093
2791 0.282484 0.368298  0.349217
1159 0.106542 0.479681  0.413777
2517 0.0609172 0.880678  0.058405
1479 0.0764442 0.492927  0.430629
223 0.350949 0.246601  0.402451
2484 0.502886 0.330733  0.166381
2402 0.304186 0.207808  0.488005
281 0.229175 0.359252  0.411574
1350 0.0603699 0.48814  0.45149
1569 0.595693 0.0306455  0.373662
1122 0.080391 0.598998  0.320611
1803 0.231228 0.483601  0.285171
209 0.290141 0.312362  0.397497
1045 0.263737 0.56956  0.166703
1006 0.42418 0.498439  0.0773813
270 0.240515 0.346765  0.41272
2475 0.455048 0.442987  0.101966
1776 0.130694 0.324135  0.545171
2807 0.518138 0.302633  0.179228
1059 0.292099 0.393171  0.31473
266 0.227812 0.409713  0.362474
1419 0.444941 0.0942039  0.460855
2791 0.704698 0.0525577  0.242744
3272 0.547203 0.157081  0.295715
3067 0.117119 0.545272  0.337608
890 0.70627 0.0855511  0.208179
1644 0.192894 0.211762  0.595344
3672 0.364102 0.433693  0.202205
294 0.474857 0.489362  0.035781
1250 0.0906792 0.284163  0.625158
1051 0.14671 0.409346  0.443944
1333 0.416272 0.280597  0.303131
2555 0.223168 0.253597  0.523235
2619 0.48937 0.137741  0.372889
2585 0.545462 0.307128  0.14741
625 0.301559 0.661771  0.0366705
2057 0.0972024 0.132462  0.770336
2455 0.377031 0.100932  0.522037
762 0.431739 0.132414  0.435847
468 0.493685 0.140795  0.36552
2938 0.328951 0.264559  0.406489
3213 0.143255 0.436164  0.420581
2290 0.446188 0.497918  0.0558945
1625 0.25119 0.494997  0.253814
1913 0.0375966 0.593029  0.369374
1700 0.351275 0.246664  0.402061
3459 0.322982 0.145357  0.531661
3141 0.52729 0.104065  0.368645
2274 0.390759 0.332998  0.276242
1702 0.601356 0.291831  0.106813
2073 0.497464 0.369418  0.133118
899 0.37385 0.552221  0.0739298
1433 0.0463208 0.521882  0.431797
980 0.50957 0.292521  0.197909
239 0.341111 0.273386  0.385503
189 0.0921265 0.467873  0.44
2877 0.307359 0.610649  0.0819927
186 0.262471 0.5017  0.235829
1505 0.593489 0.205673  0.200838
375 0.392171 0.586818  0.0210106
2176 0.270713 0.12865  0.600637
3323 0.171522 0.178696  0.649782
3355 0.686568 0.220071  0.093361
2140 0.418907 0.245779  0.335313
2362 0.233304 0.371186  0.39551
629 0.295053 0.357328  0.347619
1625 0.23461 0.407436  0.357954
1143 0.451526 0.331344  0.21713
561 0.161284 0.264035  0.574681
2263 0.474865 0.36355  0.161585
3189 0.397455 0.332723  0.269822
2821 0.362114 0.410969  0.226917
2484 0.618514 0.184425  0.197061
3330 0.0344721 0.56459  0.400938
1089 0.5285 0.256885  0.214615
2283 0.331289 0.28008  0.388631
716 0.350592 0.443404  0.206004
2876 0.6522 0.0366386  0.311162
3409 0.369112 0.275917  0.354971
3051 0.257637 0.291045  0.451318
1321 0.413456 0.322687  0.263857
1564 0.246684 0.62332  0.129996
102 0.359681 0.0682566  0.572062
1914 0.641653 0.201483  0.156865
254 0.664059 0.162003  0.173938
2439 0.250647 0.363518  0.385835
33 0.0924597 0.677932  0.229608
535 0.556874 0.15245  0.290676
2847 0.206359 0.410016  0.383625
3169 0.227294 0.234731  0.537974
3350 0.388665 0.385805  0.22553
3210 0.518569 0.239697  0.241734
3330 0.257972 0.420193  0.321835
734 0.483787 0.47066  0.045553
1649 0.359832 0.316245  0.323923
3485 0.24184 0.525617  0.232543
3134 0.406174 0.184157  0.409669
638 0.156919 0.291519  0.551562
167 0.12251 0.224285  0.653205
1256 0.122064 0.479092  0.398844
1057 0.462673 0.325895  0.211432
2057 0.750921 0.0927614  0.156318
1937 0.0592164 0.422463  0.518321
2146 0.257777 0.306281  0.435943
447 0.293012 0.216938  0.490051
1668 0.603323 0.384499  0.0121778
918 0.553529 0.341799  0.104672
20 0.354739 0.338019  0.307242
1585 0.464241 0.0851025  0.450656
3522 0.209976 0.253382  0.536642
2665 0.656365 0.175661  0.167974
1471 0.440759 0.121962  0.437279
978 0.35325 0.371931  0.274819
1546 0.244295 0.3763  0.379405
1815 0.565435 0.0107881  0.423777
1336 0.248831 0.364347  0.386822
566 0.254844 0.225081  0.520076
3399 0.380399 0.173679  0.445922
1089 0.480778 0.355685  0.163537
818 0.146936 0.386267  0.466797
239 0.285704 0.340161  0.374136
2599 0.461046 0.429762  0.109192
1446 0.55952 0.319996  0.120484
1936 0.491635 0.426523  0.0818415
1089 0.434166 0.202914  0.36292
120 0.552824 0.361995  0.0851806
2375 0.288057 0.270125  0.441819
327 0.313965 0.328125  0.35791
1155 0.499746 0.197868  0.302386
3262 0.17661 0.608675  0.214715
3089 0.467007 0.282051  0.250942
3443 0.331625 0.522685  0.145691
1359 0.316609 0.307362  0.37603
399 0.291812 0.195236  0.512952
3488 0.529758 0.231204  0.239038
1155 0.288818 0.216859  0.494323
3659 0.205324 0.289925  0.504751
1161 0.591213 0.142794  0.265992
332 0.764671 0.211319  0.0240101
37 0.365535 0.141354  0.493111
1253 0.248033 0.304677  0.44729
3362 0.0974892 0.492326  0.410185
1482 0.0430681 0.539251  0.417681
3366 0.0134294 0.161459  0.825111
1261 0.0398588 0.772108  0.188033
1172 0.140453 0.61857  0.240977
890 0.210136 0.500701  0.289163
2283 0.498464 0.347314  0.154222
2074 0.50224 0.188496  0.309263
155 0.212652 0.526789  0.26056
3019 0.569804 0.09039  0.339806
3543 0.260207 0.312993  0.4268
1580 0.355252 0.199839  0.444909
1847 0.0865478 0.451729  0.461723
1159 0.276671 0.311863  0.411466
1748 0.297398 0.423774  0.278829
1323 0.0636753 0.59134  0.344984
1768 0.377304 0.390823  0.231873
189 0.100209 0.357862  0.541929
1419 0.436668 0.065279  0.498053
1638 0.300781 0.33866  0.36056
1546 0.133488 0.522637  0.343874
1636 0.250338 0.304641  0.445021
285 0.42561 0.0726404  0.501749
3025 0.32964 0.300726  0.369634
2860 0.232199 0.479675  0.288126
1537 0.267396 0.263148  0.469456
149 0.257647 0.210082  0.532272
1758 0.663868 0.252501  0.0836316
254 0.224374 0.312548  0.463078
3114 0.213276 0.459076  0.327647
2843 0.102509 0.62725  0.270241
259 0.181016 0.473951  0.345033
132 0.437322 0.0595526  0.503126
1310 0.635783 0.220631  0.143586
3316 0.20136 0.711338  0.0873028
117 0.149522 0.351224  0.499253
137 0.566666 0.364527  0.0688067
3202 0.113422 0.416141  0.470437
1089 0.310449 0.292119  0.397432
83 0.24545 0.506947  0.247603
74 0.816569 0.118642  0.064789
2200 0.336069 0.373957  0.289974
890 0.385966 0.262579  0.351454
421 0.296664 0.220916  0.48242
1364 0.624638 0.212696  0.162667
2791 0.0396103 0.524911  0.435478
1564 0.618007 0.0815783  0.300414
76 0.600445 0.295283  0.104271
1224 0.512126 0.0882488  0.399625
63 0.718587 0.271653  0.00976044
3298 0.344257 0.417553  0.23819
604 0.127395 0.358524  0.514081
650 0.150027 0.437209  0.412764
1596 0.331835 0.364094  0.304072
1958 0.457931 0.179864  0.362205
2286 0.519598 0.30936  0.171042
555 0.149445 0.587036  0.263519
2754 0.558957 0.378389  0.0626543
2200 0.420685 0.189106  0.390209
750 0.404656 0.486714  0.10863
3107 0.245194 0.33174  0.423066
1734 0.506889 0.24182  0.251291
1546 0.0839393 0.690581  0.22548
294 0.376792 0.161057  0.462151
1363 0.0313428 0.955036  0.0136208
141 0.361977 0.10945  0.528573
1541 0.325354 0.134106  0.54054
3353 0.197753 0.059523  0.742724
3330 0.181607 0.413397  0.404996
1639 0.41492 0.501666  0.083414
1894 0.431735 0.422113  0.146152
2650 0.514099 0.282929  0.202972
550 0.33105 0.187417  0.481534
1408 0.0939525 0.642601  0.263446
558 0.48517 0.306796  0.208034
1433 0.285591 0.349635  0.364774
2843 0.331821 0.338735  0.329445
1696 0.152704 0.273887  0.573409
2631 0.269616 0.229109  0.501275
254 0.194209 0.780864  0.0249271
90 0.631594 0.0548381  0.313567
1338 0.258878 0.665303  0.0758186
3516 0.368352 0.405976  0.225671
940 0.505596 0.0644936  0.42991
3559 0.0899266 0.279209  0.630864
187 0.329249 0.327287  0.343464
3111 0.0843273 0.0112296  0.904443
750 0.58703 0.25648  0.15649
1131 0.278936 0.578502  0.142563
3202 0.407132 0.347017  0.245852
2955 0.613677 0.364255  0.0220685
2216 0.398382 0.0514779  0.55014
716 0.180678 0.601834  0.217488
186 0.295298 0.406417  0.298285
1195 0.408345 0.138725  0.45293
2304 0.438821 0.233207  0.327972
73 0.0376907 0.44416  0.51815
3012 0.455733 0.369164  0.175103
1346 0.36319 0.231104  0.405705
2089 0.0455672 0.939681  0.0147514
3430 0.180168 0.327066  0.492766
716 0.377024 0.0828241  0.540152
858 0.332085 0.458915  0.209
979 0.266763 0.670249  0.0629872
1261 0.410526 0.229476  0.359997
1731 0.108047 0.242557  0.649396
1768 0.115043 0.192062  0.692895
1560 0.368237 0.485266  0.146497
55 0.0311116 0.293783  0.675106
1546 0.335707 0.165362  0.498931
1842 0.388015 0.538732  0.0732531
477 0.442597 0.125828  0.431575
985 0.396893 0.582129  0.0209782
835 0.0569901 0.599495  0.343515
1122 0.335598 0.36315  0.301251
1492 0.529802 0.154681  0.315517
1658 0.491589 0.297642  0.210769
3597 0.259006 0.165337  0.575658
3122 0.190812 0.393875  0.415314
537 0.544685 0.425919  0.0293959
3447 0.104705 0.461529  0.433766
2560 0.17599 0.4567  0.36731
2492 0.211119 0.618993  0.169888
239 0.101907 0.511244  0.386848
2100 0.330045 0.307145  0.362809
651 0.320263 0.539213  0.140524
1270 0.0140302 0.503005  0.482965
1898 0.286394 0.45985  0.253757
1159 0.0848292 0.64173  0.273441
2785 0.4796 0.0732838  0.447116
2307 0.343194 0.0108572  0.645949
1195 0.413931 0.108721  0.477348
88 0.500248 0.117572  0.38218
176 0.470298 0.291732  0.23797
73 0.330299 0.231192  0.438509
907 0.654657 0.0303204  0.315022
970 0.333492 0.322879  0.343629
2341 0.352124 0.183086  0.46479
3365 0.0313146 0.533017  0.435668
803 0.780287 0.134839  0.084874
1159 0.447217 0.231451  0.321332
2484 0.41554 0.35727  0.22719
1038 0.476202 0.169221  0.354577
1293 0.281275 0.247079  0.471646
372 0.370431 0.331469  0.2981
2664 0.359997 0.385446  0.254557
1323 0.169013 0.363135  0.467852
183 0.324203 0.290022  0.385774
1554 0.54076 0.0441998  0.41504
1089 0.322517 0.399277  0.278207
3262 0.345084 0.271021  0.383895
294 0.111668 0.593653  0.294679
3037 0.442401 0.271757  0.285842
3413 0.0961472 0.142002  0.76185
2989 0.507213 0.243048  0.24974
1740 0.161123 0.463787  0.37509
2285 0.247614 0.397545  0.354841
174 0.248344 0.153524  0.598132
832 0.261639 0.40735  0.331011
472 0.545548 0.344508  0.109944
429 0.343102 0.314801  0.342097
1269 0.045105 0.437499  0.517396
1851 0.745797 0.221969  0.0322336
25 0.196295 0.377706  0.425999
1122 0.549199 0.0138652  0.436935
2745 0.414741 0.322011  0.263248
2603 0.683067 0.0555517  0.261381
779 0.258172 0.259956  0.481872
2681 0.315492 0.440215  0.244293
2453 0.510435 0.246715  0.24285
847 0.250763 0.229335  0.519902
174 0.550707 0.342783  0.10651
822 0.178408 0.19513  0.626462
538 0.0703176 0.497702  0.431981
2891 0.501116 0.385586  0.113298
400 0.492463 0.401999  0.105538
1493 0.434275 0.11743  0.448295
3344 0.440096 0.0295341  0.53037
2162 0.375903 0.311485  0.312612
3323 0.182248 0.417148  0.400604
3557 0.299282 0.181273  0.519445
76 0.25873 0.613001  0.128269
254 0.449857 0.428688  0.121456
1547 0.849046 0.0375047  0.113449
3557 0.521001 0.0843872  0.394612
2751 0.566336 0.28526  0.148404
2153 0.537198 0.241788  0.221015
672 0.51284 0.334335  0.152825
1402 0.666286 0.0957977  0.237916
188 0.291054 0.336811  0.372135
2785 0.37403 0.2775  0.348469
33 0.157531 0.817612  0.0248576
1020 0.316961 0.379221  0.303817
1080 0.184405 0.405365  0.41023
3550 0.374283 0.130057  0.49566
2746 0.342156 0.227797  0.430047
1418 0.637267 0.0990741  0.263659
1619 0.313844 0.407055  0.2791
2055 0.122747 0.659517  0.217736
1185 0.416641 0.313888  0.269471
174 0.541371 0.0883773  0.370251
1305 0.224443 0.445647  0.32991
2527 0.446305 0.23523  0.318465
2139 0.015323 0.511879  0.472798
3074 0.437324 0.227451  0.335225
1558 0.300509 0.361827  0.337664
2665 0.0576817 0.364173  0.578145
209 0.684074 0.203346  0.11258
3277 0.377948 0.543213  0.0788382
1407 0.315383 0.263067  0.42155
2687 0.53598 0.448531  0.0154894
3552 0.451196 0.42337  0.125435
2794 0.365414 0.165076  0.46951
416 0.3244 0.411907  0.263693
2146 0.200722 0.398598  0.40068
239 0.389822 0.390942  0.219236
3340 0.363172 0.20602  0.430808
2556 0.201087 0.256623  0.542291
1802 0.0817488 0.530798  0.387453
1954 0.024813 0.62431  0.350877
2146 0.394942 0.306542  0.298516
2355 0.10058 0.755677  0.143744
724 0.512122 0.365642  0.122237
2235 0.343024 0.346848  0.310128
1876 0.418585 0.194383  0.387032
1090 0.581306 0.211504  0.207191
2885 0.484813 0.491982  0.0232054
3054 0.671118 0.167436  0.161446
2603 0.421491 0.289613  0.288896
2146 0.433625 0.247612  0.318764
1762 0.15084 0.494056  0.355104
795 0.689919 0.287865  0.022216
254 0.387089 0.446418  0.166492
519 0.222644 0.394426  0.38293
1399 0.141982 0.515485  0.342533
1815 0.440257 0.109597  0.450145
494 0.29773 0.287479  0.414791
2054 0.328472 0.342666  0.328863
2521 0.529329 0.0141074  0.456564
2055 0.282704 0.371915  0.345381
2116 0.641809 0.166988  0.191203
620 0.271104 0.422767  0.30613
221 0.271187 0.47346  0.255354
717 0.038644 0.31138  0.649976
1813 0.106689 0.107204  0.786107
708 0.358762 0.151887  0.489351
3503 0.258018 0.427611  0.314371
914 0.354671 0.39995  0.245378
174 0.274881 0.0871915  0.637927
1457 0.693388 0.124678  0.181934
1547 0.564891 0.0402847  0.394824
3481 0.353871 0.357362  0.288767
20 0.272714 0.434456  0.29283
269 0.611195 0.3128  0.0760046
1359 0.247569 0.360283  0.392148
1131 0.470416 0.329179  0.200405
800 0.0416772 0.729886  0.228437
3219 0.0769983 0.587407  0.335595
209 0.523728 0.374146  0.102126
1321 0.438775 0.0533957  0.507829
2699 0.367435 0.34797  0.284595
1815 0.698273 0.24777  0.0539565
1566 0.350204 0.346297  0.3035
2511 0.0479018 0.677131  0.274967
2894 0.0313261 0.564807  0.403867
189 0.183018 0.394976  0.422006
1159 0.436087 0.148635  0.415278
1172 0.528144 0.448132  0.0237246
912 0.610224 0.076632  0.313144
2639 0.457169 0.166626  0.376205
2248 0.446067 0.115075  0.438858
2785 0.233978 0.407293  0.35873
174 0.624651 0.175764  0.199585
1656 0.227747 0.163015  0.609238
2507 0.152968 0.358972  0.48806
1131 0.156538 0.333276  0.510186
209 0.808847 0.0866202  0.104533
360 0.368475 0.492534  0.138991
1136 0.292249 0.146517  0.561233
1172 0.18682 0.456375  0.356805
3141 0.394359 0.456967  0.148674
1323 0.627955 0.100377  0.271668
3398 0.75877 0.105255  0.135975
1547 0.323613 0.204336  0.472051
2195 0.47174 0.165938  0.362321
1092 0.323237 0.0232912  0.653472
279 0.0879212 0.433582  0.478497
3269 0.378109 0.290502  0.331389
887 0.252447 0.461873  0.28568
654 0.305764 0.266782  0.427454
1090 0.276208 0.502219  0.221573
254 0.369581 0.395872  0.234547
1092 0.297631 0.255684  0.446684
1579 0.346307 0.350989  0.302704
2173 0.165081 0.386269  0.448651
2236 0.202933 0.505406  0.29166
1165 0.29006 0.447373  0.262567
1089 0.235171 0.600781  0.164048
2955 0.158858 0.323334  0.517807
230 0.0728397 0.506985  0.420176
2199 0.830527 0.153084  0.0163891
436 0.220569 0.367348  0.412082
83 0.136933 0.65776  0.205307
731 0.115863 0.637551  0.246586
2434 0.163104 0.527467  0.309429
1695 0.108277 0.185656  0.706067
3178 0.519024 0.187909  0.293067
1957 0.621525 0.0603273  0.318148
2665 0.0963012 0.695599  0.2081
254 0.337648 0.144569  0.517784
2494 0.514292 0.0681105  0.417597
2006 0.475396 0.277057  0.247547
902 0.448959 0.0725967  0.478445
2609 0.476504 0.395763  0.127733
1497 0.178637 0.540137  0.281226
2162 0.499542 0.350099  0.150359
10 0.0384268 0.220135  0.741438
1547 0.19782 0.39406  0.40812
1579 0.0572115 0.497903  0.444886
2200 0.355103 0.060869  0.584028
1768 0.296327 0.137567  0.566106
2225 0.47619 0.265395  0.258415
2681 0.0546327 0.390348  0.555019
858 0.309017 0.0915112  0.599471
2811 0.149427 0.688768  0.161805
725 0.223882 0.538408  0.237711
2482 0.361855 0.189188  0.448956
2151 0.265188 0.651087  0.0837254
1195 0.607683 0.0851142  0.307202
254 0.349857 0.280218  0.369925
3037 0.266384 0.701381  0.0322347
891 0.481932 0.320972  0.197096
1558 0.494572 0.0980524  0.407376
2860 0.255034 0.453959  0.291007
1089 0.429086 0.0999153  0.470998
2336 0.854152 0.072289  0.0735585
3452 0.452868 0.270682  0.27645
269 0.516041 0.406018  0.0779412
890 0.636553 0.193901  0.169546
1881 0.285703 0.459812  0.254485
2366 0.163484 0.567989  0.268527
807 0.36989 0.557828  0.072282
1331 0.394797 0.374746  0.230456
3231 0.438533 0.530115  0.0313513
2735 0.256024 0.276602  0.467375
254 0.353023 0.41082  0.236158
2310 0.499064 0.0970636  0.403872
883 0.618056 0.188877  0.193067
1986 0.141623 0.807969  0.0504074
20 0.239361 0.486721  0.273918
3522 0.021352 0.35064  0.628008
2697 0.127944 0.261883  0.610173
678 0.222871 0.390949  0.38618
2785 0.508647 0.164468  0.326885
2789 0.260745 0.263269  0.475986
744 0.477041 0.0550673  0.467892
1993 0.0391174 0.34869  0.612193
3141 0.268455 0.666676  0.0648692
999 0.193602 0.458353  0.348045
2947 0.387697 0.189601  0.422702
1250 0.462813 0.246035  0.291151
2329 0.365853 0.345624  0.288523
454 0.294644 0.467663  0.237693
1566 0.281494 0.211575  0.506932
3462 0.286261 0.379318  0.334421
848 0.264695 0.647122  0.0881827
3402 0.38822 0.284099  0.327681
3274 0.404873 0.346155  0.248971
2705 0.364501 0.293671  0.341828
2800 0.1148 0.601824  0.283376
344 0.157589 0.579552  0.262859
3476 0.301811 0.369966  0.328222
3508 0.823973 0.0785564  0.0974709
1210 0.775956 0.103912  0.120133
101 0.220815 0.233193  0.545992
2484 0.295769 0.6745  0.0297309
3330 0.357442 0.373298  0.26926
1092 0.428063 0.296215  0.275722
2789 0.401371 0.202574  0.396055
822 0.466032 0.214181  0.319787
2888 0.284035 0.240025  0.47594
1126 0.279788 0.130574  0.589637
3511 0.180281 0.396787  0.422931
1788 0.470056 0.456439  0.0735048
3441 0.287676 0.382009  0.330315
375 0.375883 0.31494  0.309177
61 0.75434 0.230915  0.0147456
1493 0.0318458 0.715314  0.25284
461 0.208754 0.583477  0.207769
2660 0.325877 0.246139  0.427984
34 0.0487528 0.640802  0.310445
2844 0.318064 0.171492  0.510444
3485 0.0551859 0.588325  0.356489
2282 0.184505 0.236709  0.578786
2496 0.42398 0.380917  0.195104
1092 0.182552 0.479161  0.338286
1781 0.283836 0.679508  0.0366561
1155 0.228991 0.44076  0.330249
3429 0.138004 0.740409  0.121587
1882 0.0991632 0.45039  0.450447
2263 0.455968 0.16554  0.378492
957 0.225221 0.370168  0.404611
3038 0.361371 0.368985  0.269644
1360 0.472323 0.0758941  0.451783
269 0.32366 0.27047  0.40587
3062 0.322151 0.208701  0.469149
375 0.0496313 0.0176476  0.932721
2055 0.0324541 0.899221  0.0683253
1596 0.858742 0.0153527  0.125906
447 0.466369 0.162024  0.371607
2885 0.0386526 0.340082  0.621265
971 0.00650908 0.574315  0.419176
2336 0.279943 0.430466  0.289591
1502 0.299923 0.314786  0.385291
3093 0.20275 0.626276  0.170974
2918 0.353943 0.426696  0.219362
919 0.0218038 0.469258  0.508938
3330 0.192071 0.308861  0.499068
2665 0.613073 0.360971  0.0259557
254 0.215816 0.656703  0.127482
1920 0.491567 0.120538  0.387894
59 0.283664 0.186068  0.530269
3643 0.389071 0.190901  0.420028
625 0.229543 0.337387  0.43307
405 0.223635 0.403736  0.372629
645 0.294046 0.406528  0.299426
3033 0.297516 0.548317  0.154167
124 0.1451 0.686403  0.168497
320 0.553586 0.120243  0.326172
90 0.100148 0.48092  0.418931
3558 0.187127 0.161293  0.651581
2522 0.337756 0.270529  0.391715
209 0.123367 0.512258  0.364375
1360 0.316423 0.333466  0.35011
3270 0.222236 0.362562  0.415202
212 0.365458 0.299446  0.335095
781 0.346346 0.311985  0.34167
1547 0.461983 0.433533  0.104483
626 0.560317 0.0442303  0.395453
598 0.144448 0.0602954  0.795256
2495 0.571292 0.351652  0.0770557
1030 0.592751 0.259719  0.14753
2843 0.410531 0.222348  0.367121
2472 0.489183 0.222712  0.288105
2470 0.3736 0.207677  0.418723
3558 0.40351 0.330002  0.266488
1433 0.275978 0.511775  0.212247
3564 0.491973 0.0658447  0.442182
2453 0.391225 0.291556  0.317219
2844 0.623963 0.226124  0.149913
244 0.563904 0.27872  0.157376
3489 0.100859 0.403056  0.496085
1649 0.339718 0.382727  0.277555
2172 0.284523 0.318858  0.396619
3427 0.106201 0.708241  0.185557
1897 0.321712 0.57786  0.100427
1894 0.768093 0.126325  0.105583
2137 0.407554 0.421514  0.170931
2244 0.583007 0.194937  0.222056
1632 0.207104 0.428417  0.364479
1990 0.188484 0.397233  0.414284
1038 0.121405 0.631908  0.246687
2571 0.16461 0.196921  0.63847
3293 0.746505 0.0861919  0.167303
2802 0.232266 0.529677  0.238058
3095 0.359557 0.270845  0.369598
1407 0.121396 0.500464  0.37814
2620 0.049746 0.41977  0.530484
803 0.0180303 0.280987  0.700983
3471 0.0398554 0.59907  0.361074
3522 0.433802 0.368897  0.1973
3379 0.455317 0.159019  0.385665
2372 0.132577 0.309617  0.557806
3013 0.288238 0.179865  0.531897
347 0.266569 0.400084  0.333347
780 0.222425 0.582975  0.194599
1547 0.462124 0.441965  0.0959105
3005 0.276008 0.284122  0.43987
33 0.371504 0.105625  0.522871
2241 0.457904 0.0750342  0.467062
558 0.319727 0.271624  0.408649
2495 0.0689208 0.240142  0.690937
1289 0.384744 0.250853  0.364404
269 0.276562 0.348163  0.375275
2665 0.442152 0.498703  0.0591446
3227 0.252534 0.252907  0.494559
1911 0.257463 0.420092  0.322444
317 0.465387 0.111468  0.423144
2626 0.586918 0.187564  0.225518
269 0.275328 0.498255  0.226417
317 0.419279 0.249643  0.331079
2592 0.330903 0.189678  0.479419
2520 0.259445 0.409078  0.331477
2160 0.235128 0.423186  0.341686
254 0.238503 0.511052  0.250445
2790 0.552043 0.0800994  0.367857
26 0.06899 0.0305877  0.900422
165 0.377917 0.265231  0.356852
629 0.587211 0.153247  0.259542
1090 0.471541 0.379132  0.149327
1005 0.46817 0.332858  0.198971
45 0.465203 0.310707  0.22409
3212 0.00621307 0.454246  0.539541
3038 0.556538 0.330395  0.113067
1754 0.165061 0.445555  0.389383
1271 0.737645 0.163877  0.0984778
3108 0.232884 0.162289  0.604827
2648 0.40104 0.192071  0.406889
2692 0.408257 0.0657725  0.525971
3356 0.510746 0.0394604  0.449793
3537 0.305035 0.184777  0.510188
1320 0.338023 0.401036  0.260941
1161 0.136738 0.0387089  0.824553
2180 0.251158 0.428074  0.320769
1172 0.589066 0.320185  0.0907491
2797 0.522371 0.377739  0.0998904
1405 0.362578 0.0886673  0.548754
1805 0.383663 0.0544002  0.561937
2650 0.340142 0.102541  0.557317
2329 0.642855 0.324143  0.0330017
1666 0.224427 0.305301  0.470272
2622 0.26399 0.68489  0.0511207
2385 0.229874 0.216355  0.553771
3261 0.302789 0.174469  0.522742
2955 0.490285 0.33262  0.177095
184 0.368871 0.615888  0.0152406
2127 0.309142 0.552564  0.138294
3141 0.357837 0.374017  0.268147
2709 0.37917 0.388908  0.231922
2686 0.580054 0.175532  0.244414
890 0.331011 0.298386  0.370603
2484 0.413451 0.510204  0.0763448
3492 0.305241 0.367954  0.326806
3520 0.301079 0.43181  0.267111
795 0.335738 0.259348  0.404914
1073 0.0401294 0.813107  0.146763
2735 0.0288659 0.44198  0.529154
1629 0.462571 0.160588  0.37684
3270 0.0642871 0.638207  0.297506
261 0.412231 0.208822  0.378947
3191 0.260456 0.0921305  0.647414
206 0.21269 0.310004  0.477307
2853 0.580438 0.0352523  0.38431
2216 0.150688 0.367162  0.482151
2243 0.420985 0.13984  0.439175
1250 0.0840603 0.587596  0.328343
1602 0.238521 0.106107  0.655372
241 0.360094 0.584645  0.0552612
255 0.41958 0.223423  0.356998
681 0.444594 0.283057  0.272349
3428 0.312329 0.358782  0.328889
236 0.383237 0.406923  0.20984
354 0.188197 0.595362  0.216441
3433 0.267063 0.351431  0.381506
261 0.323631 0.471061  0.205308
73 0.408848 0.316059  0.275093
3020 0.467089 0.317397  0.215513
3212 0.3974 0.432089  0.170511
1986 0.379229 0.349321  0.27145
1472 0.0862353 0.675817  0.237948
278 0.308931 0.321089  0.36998
3523 0.374915 0.494848  0.130237
3295 0.480996 0.312735  0.206269
2464 0.320489 0.406944  0.272567
2162 0.122481 0.44003  0.437489
2006 0.230033 0.338367  0.4316
1338 0.282745 0.408061  0.309194
2735 0.529583 0.256314  0.214103
1986 0.463296 0.0335864  0.503118
2802 0.310409 0.444352  0.24524
1429 0.401571 0.209987  0.388442
3332 0.186141 0.527131  0.286728
3488 0.34526 0.0251786  0.629562
2456 0.0924512 0.406121  0.501428
1566 0.178754 0.223214  0.598032
1443 0.182866 0.217075  0.600059
3038 0.560714 0.288855  0.150432
1092 0.732914 0.0578822  0.209203
1162 0.280162 0.656579  0.0632591
2955 0.360532 0.371665  0.267802
1497 0.306455 0.582157  0.111388
1490 0.355418 0.050307  0.594275
1433 0.290942 0.323426  0.385632
1446 0.362496 0.178371  0.459133
2637 0.45212 0.246537  0.301343
2004 0.322038 0.455412  0.22255
537 0.837796 0.0844743  0.0777299
2569 0.466321 0.0912533  0.442426
2176 0.326377 0.512235  0.161387
1413 0.387159 0.231176  0.381666
1508 0.0969609 0.46436  0.438679
538 0.255283 0.190765  0.553953
1913 0.304641 0.0409139  0.654445
2534 0.352577 0.183356  0.464067
537 0.489339 0.0313819  0.479279
2073 0.486949 0.430832  0.0822192
1977 0.358925 0.121451  0.519624
2845 0.70148 0.214317  0.0842029
841 0.332964 0.132006  0.53503
2564 0.21003 0.562059  0.227911
3602 0.216634 0.690336  0.0930293
1704 0.0551358 0.200501  0.744363
3499 0.146131 0.822702  0.0311678
1090 0.425702 0.446496  0.127802
596 0.42557 0.24785  0.32658
2216 0.24854 0.352025  0.399435
2522 0.637399 0.218072  0.144529
269 0.626775 0.125395  0.24783
627 0.485634 0.184484  0.329882
953 0.0544632 0.311683  0.633854
2319 0.286159 0.292779  0.421062
1001 0.342929 0.0164011  0.64067
201 0.409209 0.152813  0.437978
1270 0.276984 0.394864  0.328153
1510 0.238551 0.260281  0.501168
1569 0.452815 0.390704  0.156481
1505 0.130884 0.526945  0.342172
1635 0.434411 0.542188  0.023401
2375 0.420009 0.382079  0.197912
77 0.294933 0.35553  0.349537
939 0.464836 0.148591  0.386573
2385 0.352602 0.269442  0.377957
203 0.391823 0.187323  0.420854
254 0.582328 0.108035  0.309636
269 0.376432 0.0506226  0.572946
2703 0.473729 0.290078  0.236193
3447 0.491306 0.0505527  0.458141
182 0.507786 0.173506  0.318708
1517 0.104221 0.441058  0.454721
2255 0.624863 0.117662  0.257474
1323 0.176469 0.162063  0.661468
1090 0.381274 0.502007  0.116718
1173 0.47807 0.450604  0.0713256
1298 0.186807 0.0356556  0.777538
3365 0.234633 0.317178  0.448188
2250 0.28223 0.341279  0.376491
256 0.353178 0.45151  0.195313
3313 0.309021 0.0852267  0.605753
1131 0.315951 0.43392  0.250129
976 0.309396 0.575417  0.115187
2367 0.295303 0.360011  0.344685
724 0.12884 0.210486  0.660675
3005 0.753644 0.170082  0.0762743
3428 0.406432 0.184593  0.408975
405 0.0660572 0.360116  0.573827
1649 0.129883 0.580898  0.289219
2527 0.239868 0.406016  0.354115
2337 0.298428 0.214024  0.487548
2601 0.408419 0.39122  0.200361
1546 0.173205 0.757657  0.069139
2899 0.205859 0.384176  0.409965
597 0.598538 0.369071  0.0323904
1303 0.332892 0.43235  0.234759
1359 0.44503 0.127168  0.427801
3557 0.253367 0.203852  0.54278
773 0.113573 0.516009  0.370417
2969 0.291893 0.0698014  0.638306
1510 0.261942 0.287028  0.45103
1383 0.172151 0.408401  0.419448
3330 0.127859 0.108158  0.763983
1548 0.271539 0.518734  0.209727
3008 0.405171 0.371372  0.223457
1325 0.408713 0.352403  0.238884
254 0.37341 0.227213  0.399378
1256 0.0634434 0.40361  0.532947
1172 0.185895 0.579785  0.234321
2508 0.398777 0.276091  0.325132
1507 0.417175 0.024357  0.558468
3448 0.837005 0.0581287  0.104867
2048 0.591575 0.111377  0.297048
1275 0.184145 0.66925  0.146605
1162 0.306911 0.0533728  0.639716
1179 0.649475 0.168935  0.18159
90 0.454595 0.357269  0.188137
254 0.200587 0.426133  0.373281
1403 0.499396 0.182366  0.318238
1788 0.376006 0.481271  0.142723
1871 0.226276 0.423827  0.349897
1886 0.44333 0.252709  0.303961
2705 0.332862 0.429474  0.237664
2608 0.407173 0.0325305  0.560297
3074 0.499082 0.203048  0.29787
1666 0.287828 0.301133  0.411039
1385 0.570744 0.258247  0.17101
1159 0.301732 0.538384  0.159883
2057 0.080024 0.79168  0.128296
2357 0.31019 0.189339  0.500471
1350 0.119276 0.14065  0.740074
3120 0.140904 0.302142  0.556953
1504 0.159006 0.244257  0.596737
269 0.542406 0.0418288  0.415765
3213 0.69108 0.0251385  0.283782
2444 0.291937 0.471294  0.236768
2561 0.0514137 0.685911  0.262675
254 0.322288 0.207763  0.46995
160 0.0843089 0.448997  0.466694
2072 0.198335 0.369385  0.43228
1467 0.465394 0.11175  0.422856
3603 0.478445 0.379351  0.142204
212 0.370935 0.290043  0.339022
3060 0.408092 0.424403  0.167506
1357 0.461726 0.293348  0.244927
1912 0.347043 0.465416  0.18754
1550 0.540417 0.411636  0.0479472
2094 0.125379 0.289387  0.585233
1359 0.199984 0.599167  0.200848
2892 0.128254 0.385103  0.486643
3541 0.422019 0.400759  0.177222
147 0.0752262 0.459118  0.465656
362 0.210306 0.543733  0.245961
526 0.335709 0.317494  0.346798
2560 0.876463 0.111405  0.0121313
1559 0.169532 0.312206  0.518262
1733 0.514803 0.0761063  0.409091
2006 0.422623 0.136762  0.440614
2176 0.119308 0.398846  0.481845
2053 0.182609 0.425774  0.391617
1549 0.371942 0.156897  0.471161
3037 0.614637 0.073704  0.311659
114 0.315301 0.284327  0.400372
3247 0.379591 0.458717  0.161692
1871 0.258826 0.318948  0.422226
1908 0.099459 0.101217  0.799324
1450 0.655474 0.214072  0.130454
1159 0.391083 0.271792  0.337125
3461 0.295058 0.101905  0.603037
3595 0.380308 0.399361  0.22033
188 0.381529 0.0481017  0.570369
2205 0.366413 0.259156  0.374431
1546 0.181866 0.0481739  0.76996
254 0.169842 0.0155905  0.814567
1894 0.104095 0.221923  0.673982
361 0.412839 0.373762  0.213398
2257 0.548679 0.0877622  0.363559
1591 0.410426 0.411691  0.177883
1250 0.472 0.154414  0.373586
1546 0.910146 0.0188882  0.070966
1432 0.202536 0.298897  0.498567
2671 0.326886 0.131605  0.54151
2271 0.553554 0.0456208  0.400825
3040 0.452516 0.430441  0.117043
2375 0.0928197 0.289119  0.618061
73 0.283566 0.59269  0.123744
1463 0.296311 0.403489  0.3002
427 0.251932 0.181783  0.566284
1546 0.57663 0.121819  0.301551
269 0.0656386 0.468199  0.466163
1276 0.496143 0.073691  0.430166
3445 0.0214043 0.448799  0.529797
352 0.544946 0.369841  0.0852125
2753 0.378166 0.346472  0.275362
33 0.440154 0.547244  0.0126017
1338 0.484128 0.0497947  0.466077
1547 0.231817 0.399785  0.368398
463 0.554121 0.218277  0.227602
1390 0.162542 0.0446194  0.792839
3544 0.235954 0.247227  0.516819
1172 0.275051 0.184816  0.540133
1131 0.40598 0.520215  0.0738056
3318 0.256416 0.21726  0.526324
1333 0.525809 0.172923  0.301268
3073 0.399195 0.0985945  0.502211
797 0.35524 0.247428  0.397332
1090 0.337705 0.351337  0.310958
2364 0.565315 0.260955  0.17373
3508 0.203331 0.502848  0.293821
3159 0.190454 0.458072  0.351474
3330 0.623308 0.235077  0.141615
3018 0.398489 0.0329965  0.568514
1894 0.217852 0.484232  0.297916
1408 0.177038 0.509402  0.31356
2484 0.304469 0.41494  0.280591
