7718 0.31375 0.143915  0.542334
165 0.582479 0.392671  0.0248495
1216 0.168522 0.494891  0.336587
6539 0.193204 0.433191  0.373605
7849 0.023729 0.47596  0.500311
4508 0.530469 0.391594  0.0779371
713 0.354703 0.420925  0.224372
878 0.00991456 0.33168  0.658406
5712 0.357748 0.3154  0.326853
2606 0.0641555 0.554203  0.381642
7498 0.406193 0.238781  0.355026
5007 0.622757 0.042584  0.334659
2290 0.431841 0.109544  0.458615
6674 0.352161 0.274855  0.372983
1923 0.238073 0.178964  0.582964
330 0.428151 0.318465  0.253384
237 0.15593 0.712175  0.131895
10027 0.479277 0.255272  0.265451
853 0.169445 0.0317235  0.798831
9689 0.338365 0.167105  0.49453
5416 0.194376 0.478186  0.327438
9807 0.383303 0.141462  0.475235
4644 0.155226 0.480876  0.363898
9792 0.23312 0.492432  0.274447
6063 0.250662 0.0137319  0.735606
6405 0.426656 0.0340257  0.539318
621 0.323059 0.305559  0.371383
8418 0.243586 0.302582  0.453831
4207 0.411231 0.255331  0.333439
4653 0.408317 0.209164  0.382519
5194 0.278646 0.323305  0.398049
5620 0.173317 0.430199  0.396483
107 0.199554 0.3525  0.447946
2836 0.144664 0.672424  0.182912
5616 0.38316 0.269962  0.346878
8594 0.424847 0.361626  0.213527
8790 0.321458 0.510437  0.168105
2155 0.513563 0.284485  0.201952
5263 0.185148 0.35848  0.456372
4479 0.411765 0.364172  0.224063
5326 0.0782802 0.479951  0.441769
1405 0.361417 0.267729  0.370854
7576 0.259344 0.255011  0.485644
6966 0.423394 0.132304  0.444302
5341 0.423515 0.204944  0.371541
5656 0.231274 0.36435  0.404376
3626 0.0462815 0.89888  0.0548382
5536 0.367806 0.284371  0.347823
8381 0.0126452 0.456721  0.530634
6103 0.403354 0.240189  0.356456
2178 0.35252 0.346494  0.300986
7580 0.333249 0.409536  0.257215
4205 0.20629 0.337678  0.456032
5148 0.322428 0.373517  0.304055
549 0.0559676 0.035075  0.908957
7584 0.790049 0.174708  0.0352424
4537 0.446808 0.0865391  0.466652
913 0.339408 0.322079  0.338514
8575 0.15874 0.679368  0.161893
8023 0.38241 0.32229  0.2953
2138 0.159184 0.291061  0.549755
8761 0.658866 0.142093  0.199041
8475 0.52842 0.334658  0.136922
3361 0.526604 0.246968  0.226429
2242 0.201534 0.262902  0.535564
7251 0.469683 0.26711  0.263207
2690 0.581788 0.149301  0.268911
4753 0.335242 0.475081  0.189677
6239 0.944511 0.0179425  0.037546
5355 0.628657 0.022927  0.348416
5381 0.46329 0.0441252  0.492585
10056 0.150849 0.492618  0.356532
7681 0.321768 0.443223  0.235009
2039 0.513777 0.0971664  0.389056
3003 0.0729648 0.722156  0.204879
5893 0.237848 0.64775  0.114402
4212 0.474302 0.04904  0.476658
5141 0.413724 0.5047  0.0815755
8578 0.427053 0.440055  0.132891
1874 0.374995 0.386747  0.238258
9735 0.743127 0.0787446  0.178128
1725 0.358959 0.244093  0.396948
96 0.0219828 0.770604  0.207414
1303 0.717652 0.113796  0.168552
7385 0.133817 0.200227  0.665956
885 0.338372 0.105198  0.55643
6413 0.22645 0.407357  0.366193
2148 0.369655 0.295632  0.334714
1795 0.48885 0.382103  0.129047
3888 0.336946 0.394046  0.269009
5209 0.404181 0.576918  0.0189016
2265 0.38758 0.451169  0.161251
6206 0.371513 0.296363  0.332124
7869 0.515377 0.0303495  0.454273
880 0.259009 0.255764  0.485227
67 0.379616 0.264725  0.355659
7985 0.11335 0.534747  0.351903
3169 0.382504 0.315911  0.301584
6677 0.485142 0.478634  0.0362238
9424 0.675253 0.284021  0.0407261
2252 0.0859455 0.474963  0.439091
1923 0.442886 0.364138  0.192975
2273 0.145544 0.49348  0.360976
1699 0.208456 0.30011  0.491435
4043 0.0883605 0.883141  0.028498
9461 0.431457 0.138564  0.429979
2446 0.0884088 0.265237  0.646354
6020 0.434178 0.235794  0.330029
2331 0.27101 0.354115  0.374875
944 0.437522 0.14066  0.421819
9756 0.231901 0.417064  0.351035
8113 0.17959 0.633953  0.186458
971 0.265449 0.570356  0.164194
4510 0.291514 0.190646  0.51784
3737 0.333196 0.328926  0.337877
4611 0.445092 0.104387  0.450521
5372 0.183928 0.607392  0.20868
1790 0.143437 0.802497  0.0540663
5581 0.0218953 0.744384  0.233721
7722 0.364338 0.0525724  0.58309
6598 0.64263 0.268982  0.0883886
7215 0.12789 0.50757  0.36454
10054 0.342344 0.332389  0.325267
6428 0.329414 0.279339  0.391248
5425 0.129178 0.47294  0.397882
6998 0.0880601 0.473582  0.438358
8381 0.195895 0.17409  0.630015
7472 0.405571 0.261174  0.333255
9148 0.776212 0.164561  0.0592272
1934 0.466959 0.0244287  0.508612
8079 0.464407 0.12665  0.408943
2114 0.0353095 0.769716  0.194974
7018 0.284579 0.330774  0.384647
3306 0.608606 0.34279  0.0486041
4956 0.316837 0.5128  0.170362
4989 0.425476 0.521917  0.0526065
5546 0.220953 0.397857  0.381191
8260 0.567758 0.319403  0.112838
2896 0.335855 0.613639  0.0505056
10113 0.0843299 0.413191  0.502479
4513 0.578049 0.166401  0.25555
8817 0.35007 0.261615  0.388316
5165 0.325369 0.226539  0.448093
1182 0.557912 0.193557  0.248531
6218 0.00919206 0.463459  0.527349
2700 0.17995 0.44608  0.37397
3187 0.274811 0.4028  0.322389
2382 0.372968 0.25945  0.367583
6042 0.515913 0.0200235  0.464063
6737 0.347562 0.279078  0.37336
3329 0.443581 0.197351  0.359068
4043 0.227278 0.238706  0.534016
4454 0.488997 0.499406  0.0115971
3258 0.287387 0.324196  0.388417
5558 0.843664 0.0926316  0.0637045
9611 0.468278 0.449675  0.0820465
9656 0.221807 0.3276  0.450593
2124 0.319755 0.359537  0.320708
2343 0.0404249 0.651201  0.308374
1960 0.682487 0.221528  0.0959855
5497 0.36318 0.36463  0.272191
5046 0.291615 0.400416  0.307969
2964 0.306234 0.663968  0.0297987
2179 0.298037 0.392794  0.309168
3961 0.414712 0.306263  0.279025
7881 0.328388 0.177682  0.493931
6834 0.297076 0.343926  0.358998
9693 0.428873 0.136695  0.434432
7824 0.55035 0.221156  0.228495
5568 0.468839 0.360657  0.170504
9246 0.119039 0.632879  0.248082
3041 0.143207 0.355749  0.501044
4663 0.0489057 0.283208  0.667887
5276 0.183284 0.349307  0.467409
4844 0.0538205 0.0685024  0.877677
2260 0.279536 0.515342  0.205121
3729 0.3404 0.346256  0.313344
8546 0.303075 0.326157  0.370767
8528 0.119484 0.420872  0.459644
5733 0.616738 0.366278  0.0169838
146 0.598131 0.177166  0.224703
2212 0.22904 0.36162  0.40934
4227 0.155791 0.301969  0.54224
3597 0.171555 0.566676  0.261768
6619 0.39341 0.354193  0.252397
556 0.514013 0.330513  0.155474
5536 0.559923 0.427685  0.0123927
10148 0.468921 0.469194  0.0618857
6761 0.198382 0.369742  0.431876
2607 0.143485 0.43185  0.424666
2823 0.475763 0.282469  0.241768
488 0.461811 0.501575  0.0366142
148 0.276689 0.2797  0.443611
9820 0.187567 0.325729  0.486704
2179 0.38072 0.0852225  0.534058
10192 0.643269 0.0571161  0.299615
1045 0.214389 0.599532  0.18608
877 0.352083 0.429074  0.218843
4092 0.0712377 0.474201  0.454561
2095 0.329413 0.614891  0.0556953
10063 0.199957 0.401203  0.39884
5139 0.0140461 0.750355  0.235599
604 0.315679 0.472999  0.211322
5180 0.165622 0.353203  0.481175
4067 0.567716 0.0736381  0.358645
2334 0.422062 0.291165  0.286772
8626 0.118613 0.444297  0.43709
6694 0.34605 0.433396  0.220554
6454 0.446446 0.406312  0.147241
9491 0.325188 0.501924  0.172887
5702 0.197651 0.419467  0.382882
2688 0.31854 0.355415  0.326045
866 0.274232 0.671717  0.0540511
6131 0.419438 0.212553  0.368009
9035 0.475557 0.366194  0.158249
1182 0.676493 0.304619  0.0188875
5749 0.370515 0.324058  0.305426
3101 0.0906554 0.397241  0.512103
2557 0.289633 0.393334  0.317033
8152 0.294721 0.151414  0.553866
599 0.0201972 0.479567  0.500236
3766 0.465886 0.311139  0.222975
2182 0.168083 0.610194  0.221723
863 0.146556 0.353624  0.49982
9224 0.0926888 0.178073  0.729238
708 0.223597 0.416302  0.360101
5872 0.0961904 0.440627  0.463182
774 0.308466 0.335734  0.3558
6029 0.494285 0.12763  0.378085
2081 0.481394 0.209584  0.309022
4699 0.0847739 0.284876  0.63035
9215 0.423098 0.416734  0.160169
4156 0.011743 0.703155  0.285102
8491 0.545486 0.182337  0.272177
494 0.189779 0.503329  0.306891
3300 0.221168 0.394027  0.384805
9397 0.249258 0.38848  0.362262
9802 0.224375 0.260949  0.514676
3618 0.0869108 0.397306  0.515783
7461 0.60129 0.109552  0.289158
7080 0.525771 0.445864  0.028365
2675 0.696766 0.230541  0.0726929
7099 0.597219 0.0230679  0.379713
3314 0.284122 0.364871  0.351007
119 0.100947 0.398338  0.500715
8521 0.121039 0.405872  0.47309
2843 0.121304 0.343155  0.535541
8168 0.284262 0.348628  0.36711
6016 0.109107 0.486142  0.404751
5545 0.365684 0.177383  0.456933
7170 0.329998 0.329573  0.340429
6420 0.366414 0.485468  0.148119
9868 0.175415 0.796954  0.0276319
9762 0.604503 0.284014  0.111483
4559 0.478865 0.434717  0.0864182
5366 0.11049 0.218616  0.670894
7436 0.409755 0.263069  0.327176
3481 0.278542 0.42747  0.293989
3291 0.440988 0.291476  0.267536
6845 0.0905321 0.692238  0.21723
4623 0.0452009 0.473385  0.481414
3958 0.615599 0.204347  0.180054
4147 0.76887 0.0712435  0.159887
9696 0.462496 0.020122  0.517381
608 0.47123 0.105937  0.422833
8128 0.393926 0.263537  0.342537
2271 0.35914 0.500531  0.140329
6100 0.0285154 0.0178097  0.953675
9270 0.433931 0.40324  0.162829
6875 0.104502 0.501573  0.393924
3236 0.427938 0.126256  0.445806
8741 0.303356 0.577089  0.119555
7670 0.478135 0.195635  0.32623
8355 0.313998 0.238942  0.447059
6477 0.140049 0.51748  0.342471
683 0.157313 0.391291  0.451396
7947 0.409718 0.320427  0.269856
5618 0.138567 0.456323  0.40511
4533 0.378964 0.551241  0.0697951
3655 0.371302 0.355061  0.273636
9276 0.155168 0.31902  0.525813
4276 0.476221 0.0426255  0.481153
2443 0.824577 0.0861115  0.0893112
6038 0.499766 0.305378  0.194856
3438 0.583716 0.0668214  0.349463
6081 0.536456 0.402849  0.0606955
3452 0.498605 0.173357  0.328038
2911 0.506007 0.354632  0.139361
7951 0.593007 0.325163  0.0818297
7056 0.406117 0.319867  0.274016
1097 0.192605 0.362586  0.444809
9995 0.545786 0.370231  0.0839828
9600 0.286256 0.243947  0.469797
7510 0.23222 0.322917  0.444863
4836 0.141344 0.416138  0.442518
8373 0.122066 0.394175  0.483758
7564 0.581252 0.360245  0.0585024
449 0.336603 0.104071  0.559326
8428 0.289255 0.427494  0.283251
4163 0.023304 0.460862  0.515834
3440 0.0616529 0.276169  0.662178
6398 0.442314 0.188544  0.369142
3603 0.344875 0.48291  0.172215
8763 0.549473 0.436541  0.0139864
6704 0.0245811 0.111465  0.863954
8988 0.561229 0.0785564  0.360215
9109 0.276329 0.272503  0.451169
4492 0.28683 0.350151  0.363019
8047 0.366541 0.189865  0.443594
3001 0.275147 0.346626  0.378227
1969 0.19285 0.489761  0.31739
879 0.182303 0.331049  0.486648
3183 0.272753 0.0346062  0.692641
2098 0.247301 0.561457  0.191242
6689 0.596055 0.18786  0.216086
7317 0.301408 0.147443  0.55115
1311 0.403603 0.369699  0.226698
3329 0.871902 0.0793453  0.0487522
10185 0.470258 0.453654  0.0760882
3609 0.131048 0.424479  0.444473
9227 0.369775 0.585443  0.0447825
5341 0.555351 0.185421  0.259228
9798 0.110163 0.496097  0.39374
5904 0.378461 0.067919  0.55362
6899 0.161612 0.694266  0.144122
2511 0.40047 0.310929  0.288601
2874 0.310771 0.46517  0.224059
7615 0.0907263 0.499531  0.409743
6951 0.0142521 0.55388  0.431868
10181 0.416409 0.373176  0.210415
6728 0.422074 0.440157  0.137769
5317 0.381873 0.297273  0.320854
679 0.194558 0.431102  0.37434
7490 0.242496 0.72741  0.0300938
2161 0.145822 0.501602  0.352576
1610 0.339561 0.149912  0.510527
7600 0.473391 0.46258  0.0640286
6950 0.0667245 0.730541  0.202734
8339 0.278919 0.38835  0.332731
3479 0.171809 0.556568  0.271623
8344 0.633216 0.11535  0.251434
8257 0.493859 0.445089  0.0610526
1629 0.405519 0.045309  0.549172
6317 0.47457 0.281605  0.243824
293 0.351872 0.331163  0.316965
9704 0.314174 0.413024  0.272802
5958 0.202508 0.383418  0.414074
2211 0.204498 0.0415969  0.753905
9844 0.0445144 0.678533  0.276952
9883 0.395061 0.572777  0.032162
10179 0.576363 0.276  0.147637
9779 0.374917 0.493208  0.131875
3251 0.412589 0.491035  0.0963757
2611 0.205235 0.338253  0.456512
1846 0.312731 0.453037  0.234231
5515 0.391725 0.101136  0.507139
4549 0.511161 0.36225  0.126589
4004 0.51453 0.159685  0.325785
7326 0.539814 0.17451  0.285676
1158 0.17596 0.402203  0.421837
4580 0.337981 0.385546  0.276473
9998 0.50621 0.34688  0.14691
209 0.139892 0.654627  0.20548
5547 0.738116 0.198805  0.0630788
5258 0.353091 0.351297  0.295612
7383 0.591492 0.0572805  0.351227
5194 0.260598 0.393054  0.346348
966 0.136634 0.440382  0.422984
5042 0.302779 0.387843  0.309378
3425 0.0521342 0.393005  0.554861
2735 0.232041 0.383957  0.384002
9390 0.564097 0.334261  0.101642
6834 0.930621 0.0445856  0.0247934
1423 0.186531 0.371813  0.441656
5848 0.231392 0.344344  0.424263
3448 0.402736 0.368471  0.228793
3952 0.277559 0.363332  0.35911
8562 0.0213798 0.779295  0.199326
6108 0.501357 0.474292  0.0243507
9738 0.167175 0.435536  0.397289
436 0.817907 0.157285  0.0248084
2893 0.0717411 0.490981  0.437278
2228 0.304983 0.597114  0.0979027
8998 0.335937 0.252321  0.411743
3485 0.427547 0.287798  0.284655
4790 0.547536 0.363262  0.0892016
325 0.0238742 0.451764  0.524362
8391 0.00888932 0.433173  0.557938
630 0.521738 0.35758  0.120682
1103 0.349019 0.310715  0.340266
5308 0.175945 0.175896  0.64816
7638 0.134141 0.537248  0.328611
7160 0.584992 0.207548  0.207459
5809 0.372455 0.0887516  0.538794
4184 0.430027 0.177427  0.392545
2687 0.420278 0.403911  0.175811
5533 0.401048 0.380462  0.21849
5185 0.322629 0.208062  0.46931
5674 0.710136 0.258519  0.0313452
2544 0.405991 0.238503  0.355506
4920 0.410525 0.490101  0.0993737
4253 0.464518 0.394107  0.141375
7152 0.321505 0.323808  0.354687
7658 0.532097 0.14455  0.323354
311 0.164949 0.547391  0.28766
2304 0.422601 0.310188  0.267212
427 0.376544 0.228601  0.394855
7808 0.427163 0.382742  0.190095
7454 0.266181 0.306601  0.427218
4276 0.46535 0.441182  0.0934678
8424 0.347238 0.339514  0.313248
5257 0.288854 0.5169  0.194245
8590 0.462243 0.175138  0.362618
4056 0.307813 0.100613  0.591574
6117 0.0475411 0.345221  0.607238
8141 0.216988 0.542745  0.240267
1868 0.161763 0.817403  0.0208338
1574 0.56922 0.231468  0.199312
6554 0.0143076 0.368435  0.617257
4649 0.0879986 0.0949997  0.817002
263 0.119931 0.432262  0.447807
2358 0.0571952 0.449696  0.493109
3145 0.0317569 0.432509  0.535734
10198 0.736425 0.140941  0.122635
8513 0.361763 0.282658  0.355579
8877 0.39043 0.3076  0.30197
2750 0.481018 0.278556  0.240426
9888 0.371871 0.269964  0.358165
1932 0.130352 0.455721  0.413927
4775 0.311129 0.230863  0.458009
1319 0.176541 0.467034  0.356426
7216 0.423389 0.472358  0.104253
24 0.189374 0.800354  0.010272
9991 0.194415 0.293288  0.512297
5464 0.14878 0.290701  0.560519
1889 0.537118 0.371826  0.0910562
2260 0.318553 0.451516  0.229931
9738 0.066009 0.530022  0.403969
3147 0.0599996 0.428944  0.511056
5582 0.0730934 0.596432  0.330475
346 0.405899 0.409205  0.184896
9641 0.392631 0.351448  0.255921
7484 0.322138 0.478008  0.199854
6221 0.12116 0.855948  0.0228914
9285 0.29245 0.402507  0.305043
9995 0.159006 0.364012  0.476982
9368 0.242046 0.547064  0.210891
4314 0.496038 0.391951  0.112011
6929 0.365195 0.475922  0.158883
576 0.34588 0.369246  0.284874
6330 0.103887 0.625596  0.270517
10084 0.422266 0.446982  0.130752
3845 0.190435 0.11255  0.697015
8189 0.448913 0.189297  0.361791
2268 0.387156 0.456676  0.156168
3277 0.172864 0.796811  0.0303245
9682 0.115233 0.563453  0.321314
8413 0.0148932 0.625084  0.360023
8650 0.0533913 0.497397  0.449211
6363 0.429008 0.199878  0.371114
4730 0.543475 0.110981  0.345544
6992 0.439403 0.445437  0.11516
2215 0.17305 0.563629  0.263321
2169 0.248401 0.171861  0.579738
9799 0.320558 0.321439  0.358003
168 0.0364141 0.103468  0.860118
2869 0.198887 0.561819  0.239294
7093 0.290124 0.44712  0.262756
9787 0.355177 0.337036  0.307787
4858 0.403895 0.440542  0.155564
831 0.111897 0.739197  0.148906
901 0.186941 0.334299  0.47876
9454 0.245178 0.0763438  0.678479
5905 0.20529 0.309667  0.485042
9871 0.209387 0.43359  0.357023
3074 0.213222 0.227129  0.559649
6887 0.397357 0.0297528  0.57289
5852 0.497371 0.427643  0.0749858
6030 0.225617 0.761753  0.0126301
128 0.381899 0.0252588  0.592842
1804 0.474585 0.322763  0.202652
9929 0.186612 0.472852  0.340536
9941 0.182266 0.436402  0.381332
6239 0.664421 0.276546  0.0590327
4858 0.407969 0.226419  0.365613
1652 0.376557 0.0331784  0.590265
7146 0.536091 0.43446  0.0294496
3181 0.535615 0.331318  0.133067
5444 0.525904 0.0820593  0.392036
4003 0.208987 0.320601  0.470412
9136 0.128375 0.306115  0.565509
2145 0.262235 0.593086  0.144678
1564 0.146142 0.425521  0.428337
1970 0.599861 0.0383267  0.361812
8765 0.484235 0.108103  0.407662
7332 0.378966 0.495286  0.125748
5803 0.0451135 0.361609  0.593278
7086 0.21604 0.456424  0.327536
1960 0.213838 0.644272  0.14189
34 0.423077 0.191734  0.385189
1552 0.0941274 0.572258  0.333615
5592 0.150338 0.404661  0.445001
7685 0.127409 0.224463  0.648128
6149 0.163927 0.494729  0.341343
2169 0.23895 0.216763  0.544287
7849 0.15257 0.31309  0.53434
1705 0.566303 0.278172  0.155525
3758 0.0256406 0.525243  0.449117
1753 0.278315 0.372229  0.349456
8740 0.14262 0.345718  0.511663
4499 0.723171 0.0680328  0.208797
4395 0.160395 0.652005  0.1876
2492 0.331194 0.297084  0.371722
9987 0.433372 0.518165  0.0484629
8779 0.340623 0.278891  0.380485
4611 0.714296 0.116612  0.169092
7752 0.0864772 0.56805  0.345473
5169 0.127374 0.340165  0.532461
2349 0.47528 0.410269  0.114451
1060 0.359561 0.414351  0.226087
2329 0.395628 0.33218  0.272192
255 0.0544272 0.503454  0.442119
5239 0.416977 0.56012  0.0229034
450 0.175379 0.373182  0.451439
5458 0.0306704 0.190662  0.778667
3805 0.387122 0.602362  0.0105158
8772 0.0793459 0.333264  0.58739
3543 0.0492462 0.45105  0.499704
2039 0.115464 0.580324  0.304212
5548 0.515672 0.155622  0.328706
9777 0.164408 0.32307  0.512523
5622 0.305836 0.260698  0.433467
7194 0.184698 0.215716  0.599586
8036 0.224561 0.147181  0.628259
1713 0.513598 0.434139  0.0522636
4366 0.251227 0.587036  0.161737
8583 0.0231294 0.473461  0.503409
3785 0.0219264 0.556082  0.421992
6061 0.59419 0.325655  0.0801554
4769 0.185998 0.465446  0.348556
9137 0.367996 0.397197  0.234807
9599 0.0232841 0.839555  0.137161
5012 0.721895 0.160934  0.117172
5358 0.00687589 0.378881  0.614243
5428 0.388176 0.416713  0.19511
7806 0.213929 0.356823  0.429248
2935 0.327217 0.489569  0.183214
9803 0.550279 0.0603758  0.389345
4858 0.280109 0.391381  0.328509
9793 0.162792 0.335212  0.501995
3138 0.240393 0.479451  0.280156
6175 0.496438 0.471101  0.0324605
7265 0.316762 0.320371  0.362867
7815 0.2693 0.302032  0.428669
9372 0.0774085 0.315786  0.606806
10178 0.524781 0.164716  0.310502
2197 0.287343 0.169786  0.542871
1891 0.47888 0.193792  0.327328
6455 0.370803 0.128783  0.500414
27 0.144149 0.638234  0.217617
1214 0.107453 0.454122  0.438425
9440 0.402699 0.306763  0.290538
6740 0.646875 0.178911  0.174214
6039 0.294949 0.375601  0.329449
2350 0.16769 0.302088  0.530222
8867 0.406124 0.080552  0.513324
5518 0.416959 0.348891  0.234151
3812 0.352104 0.450076  0.197819
5893 0.395778 0.528907  0.0753148
2057 0.43748 0.512534  0.0499865
707 0.424657 0.346582  0.228761
4981 0.171422 0.164956  0.663622
5492 0.422613 0.252516  0.324872
6523 0.245059 0.736751  0.0181898
7509 0.633206 0.114244  0.252549
3942 0.377823 0.612697  0.00947977
3781 0.109552 0.44815  0.442298
8256 0.348565 0.290764  0.360671
440 0.390633 0.179765  0.429602
888 0.439952 0.411788  0.14826
6628 0.395832 0.328433  0.275734
9533 0.371216 0.347469  0.281315
279 0.37446 0.307717  0.317823
8408 0.157091 0.442665  0.400244
2829 0.176332 0.266629  0.55704
5328 0.35486 0.169814  0.475326
2070 0.328419 0.490946  0.180636
8486 0.0615032 0.705296  0.2332
9424 0.194548 0.33844  0.467012
3359 0.259972 0.1897  0.550328
9461 0.571951 0.0278086  0.40024
3591 0.0954383 0.614138  0.290424
2972 0.181468 0.607615  0.210917
1411 0.387879 0.447028  0.165093
3976 0.0553286 0.0265729  0.918098
5966 0.345166 0.200163  0.454671
10020 0.280693 0.508171  0.211136
10150 0.447226 0.297205  0.255569
831 0.138232 0.553773  0.307995
9846 0.532719 0.320585  0.146696
8620 0.0489861 0.814187  0.136826
10187 0.0505564 0.543832  0.405612
7167 0.189705 0.788279  0.0220158
8519 0.239277 0.148847  0.611876
7930 0.35647 0.346327  0.297202
7725 0.574775 0.122561  0.302664
8813 0.54393 0.0993759  0.356694
7110 0.145184 0.379716  0.475099
8334 0.562171 0.354354  0.0834747
8295 0.186779 0.339529  0.473692
3002 0.793636 0.0104485  0.195915
6483 0.226546 0.335901  0.437552
6271 0.478003 0.436591  0.0854064
3757 0.266378 0.464225  0.269397
9453 0.510539 0.448029  0.0414328
639 0.0724017 0.089626  0.837972
9394 0.319806 0.55257  0.127624
5606 0.42735 0.0668315  0.505819
1411 0.393034 0.501899  0.105067
3598 0.148134 0.685371  0.166496
2173 0.283284 0.481382  0.235335
8143 0.15919 0.36781  0.473
6826 0.365733 0.505058  0.129209
3043 0.569924 0.201992  0.228084
2014 0.105856 0.507952  0.386191
8336 0.0580878 0.46849  0.473422
1951 0.187823 0.5122  0.299978
4639 0.421593 0.228883  0.349524
4633 0.365675 0.231814  0.402511
151 0.108213 0.0170751  0.874711
8938 0.495707 0.326197  0.178096
7241 0.46068 0.201832  0.337488
4958 0.0554516 0.446624  0.497924
9793 0.357526 0.427144  0.21533
5950 0.409419 0.522973  0.0676082
6899 0.141925 0.193883  0.664193
10108 0.0660347 0.864704  0.0692615
3162 0.514096 0.121571  0.364333
2049 0.148145 0.475091  0.376764
8698 0.482319 0.109331  0.40835
1150 0.217723 0.235422  0.546855
8766 0.120543 0.235609  0.643848
5681 0.272214 0.358298  0.369488
4608 0.292031 0.159715  0.548253
9974 0.368366 0.23124  0.400394
1030 0.222892 0.0701554  0.706952
8070 0.151343 0.416392  0.432265
3703 0.233332 0.310916  0.455753
8368 0.285506 0.313171  0.401323
5444 0.217968 0.171507  0.610526
9666 0.292303 0.289364  0.418333
9615 0.30833 0.628449  0.0632212
3364 0.174007 0.334752  0.49124
8241 0.444923 0.365365  0.189712
6916 0.214376 0.428092  0.357532
2054 0.225744 0.715752  0.0585032
4893 0.248844 0.190327  0.560829
620 0.68093 0.222118  0.0969515
6957 0.0818543 0.576524  0.341622
8967 0.356662 0.0982253  0.545113
2537 0.42312 0.46743  0.109449
7851 0.348197 0.1239  0.527903
6029 0.47359 0.282102  0.244309
3426 0.283174 0.39108  0.325746
5480 0.326222 0.320615  0.353163
8766 0.527549 0.435423  0.0370285
7863 0.335973 0.509178  0.154849
2339 0.43149 0.516273  0.0522363
2395 0.292034 0.303985  0.403981
10134 0.0448654 0.589877  0.365257
3044 0.650111 0.25418  0.0957089
4641 0.220212 0.441943  0.337844
8554 0.0463306 0.444905  0.508765
8395 0.098183 0.456144  0.445673
3029 0.272995 0.431318  0.295687
8572 0.139111 0.55009  0.310799
3398 0.445649 0.0614044  0.492946
318 0.110854 0.691389  0.197758
3561 0.0425077 0.580549  0.376943
6501 0.500256 0.079923  0.419821
2344 0.455946 0.4268  0.117254
9510 0.796206 0.0494438  0.15435
791 0.559563 0.197154  0.243282
5553 0.425938 0.429598  0.144464
9939 0.439484 0.0527439  0.507772
3615 0.202615 0.247276  0.550108
4905 0.252556 0.571441  0.176003
1102 0.334439 0.153484  0.512077
9185 0.636885 0.246777  0.116338
9891 0.462047 0.306565  0.231389
9373 0.10756 0.337619  0.554821
5458 0.710822 0.164694  0.124484
9236 0.220206 0.553267  0.226526
2658 0.403 0.0941471  0.502853
3115 0.383824 0.0556992  0.560477
2695 0.162115 0.634666  0.203219
10175 0.40835 0.542503  0.049147
4200 0.146576 0.64932  0.204104
8395 0.357064 0.267235  0.375701
1314 0.0735323 0.617691  0.308777
8435 0.427556 0.390223  0.182222
2206 0.754369 0.033183  0.212448
9091 0.233005 0.29895  0.468044
4383 0.544411 0.267531  0.188059
3693 0.368954 0.371303  0.259743
4339 0.461793 0.126892  0.411315
9125 0.371885 0.144422  0.483693
7399 0.29887 0.577672  0.123459
606 0.403759 0.262715  0.333526
5007 0.291425 0.418779  0.289796
2763 0.355559 0.364749  0.279692
9639 0.266693 0.110123  0.623184
4147 0.246916 0.403784  0.3493
2715 0.338136 0.498498  0.163366
61 0.586508 0.311259  0.102233
1699 0.142581 0.564376  0.293044
146 0.438393 0.402354  0.159253
4921 0.286564 0.401907  0.311529
1381 0.65959 0.154728  0.185682
1613 0.500851 0.191988  0.307161
10078 0.477195 0.329669  0.193136
7025 0.295454 0.181267  0.523278
2139 0.265494 0.445191  0.289315
4165 0.442995 0.424725  0.13228
5605 0.0288809 0.919341  0.0517778
2192 0.416664 0.237744  0.345592
3243 0.511483 0.174504  0.314012
6863 0.577431 0.235172  0.187397
7167 0.147705 0.143641  0.708654
5630 0.059401 0.900889  0.0397097
7984 0.384115 0.0911883  0.524696
5587 0.332043 0.384231  0.283726
1228 0.481524 0.330425  0.188051
5516 0.351264 0.366108  0.282628
5000 0.266665 0.157727  0.575608
3707 0.548376 0.317799  0.133824
8704 0.374905 0.241856  0.383239
8428 0.414496 0.332842  0.252662
2323 0.31296 0.414074  0.272966
9675 0.304815 0.432696  0.26249
468 0.534097 0.447148  0.018755
4832 0.121298 0.600652  0.27805
7135 0.507133 0.407326  0.0855405
9143 0.345657 0.432261  0.222081
1626 0.110485 0.157846  0.731669
4622 0.42734 0.150412  0.422248
10200 0.280995 0.179788  0.539217
408 0.671816 0.109211  0.218973
3621 0.262848 0.640823  0.0963288
3481 0.647673 0.216854  0.135474
9398 0.168796 0.612086  0.219118
7643 0.291518 0.477719  0.230764
9453 0.299517 0.481098  0.219385
7678 0.142749 0.390588  0.466663
8503 0.503695 0.264716  0.231589
1037 0.159477 0.502605  0.337918
8471 0.504421 0.0408306  0.454749
360 0.058846 0.804236  0.136918
8792 0.489655 0.315042  0.195304
8425 0.419266 0.307012  0.273721
9250 0.547557 0.0736334  0.37881
7006 0.404431 0.37672  0.218849
8546 0.368998 0.0497252  0.581276
6218 0.666027 0.198987  0.134986
4992 0.325563 0.43416  0.240277
9180 0.31201 0.418699  0.269291
3354 0.350625 0.0918185  0.557557
8443 0.371273 0.422265  0.206462
9117 0.695139 0.0278204  0.277041
5884 0.420394 0.205115  0.374491
6740 0.0480537 0.235202  0.716744
6768 0.412454 0.296808  0.290738
5722 0.0932107 0.122603  0.784186
9741 0.190846 0.351626  0.457528
746 0.176838 0.24299  0.580172
8545 0.397571 0.0272468  0.575183
7638 0.790396 0.0195448  0.19006
9764 0.0899179 0.61133  0.298752
9271 0.330595 0.345161  0.324244
10032 0.206883 0.408458  0.384659
7265 0.388657 0.225792  0.38555
7676 0.61174 0.293838  0.0944216
1893 0.67686 0.185166  0.137974
8533 0.0657907 0.580015  0.354194
2106 0.296138 0.26022  0.443641
4134 0.537826 0.33837  0.123805
8406 0.040838 0.491554  0.467608
509 0.157015 0.665892  0.177092
5589 0.0725504 0.455778  0.471671
2829 0.218609 0.41225  0.369142
9099 0.257912 0.418036  0.324052
4350 0.464712 0.184749  0.350539
2988 0.445461 0.357741  0.196798
9587 0.510661 0.279784  0.209556
1987 0.0363958 0.735097  0.228507
6249 0.399322 0.161447  0.439231
9274 0.794918 0.0647986  0.140283
9533 0.432999 0.0500564  0.516945
1005 0.525306 0.390608  0.0840861
5283 0.143275 0.636488  0.220238
3728 0.214294 0.315002  0.470704
1967 0.624742 0.1743  0.200959
6357 0.221377 0.729187  0.0494355
4478 0.0702524 0.844793  0.0849544
9890 0.184461 0.362705  0.452834
1447 0.682533 0.153351  0.164117
1018 0.437686 0.224312  0.338002
1562 0.496579 0.485036  0.0183848
6399 0.714207 0.207894  0.0778987
1944 0.238385 0.484954  0.276661
9319 0.172278 0.289038  0.538684
6464 0.191965 0.481724  0.326311
2439 0.334839 0.562518  0.102643
1935 0.385119 0.380901  0.23398
845 0.380066 0.195785  0.424149
2955 0.621645 0.0637902  0.314565
5482 0.383711 0.442827  0.173462
9633 0.239272 0.338169  0.422558
7901 0.295644 0.209294  0.495062
8726 0.299778 0.361463  0.33876
6007 0.356634 0.238822  0.404545
9242 0.296589 0.260455  0.442956
9418 0.365433 0.378534  0.256033
9346 0.237859 0.112473  0.649668
6757 0.57593 0.130935  0.293136
5614 0.248995 0.510755  0.240251
7949 0.426975 0.114064  0.458961
3170 0.285751 0.284918  0.429331
8450 0.401851 0.174603  0.423546
2145 0.312757 0.260603  0.42664
6832 0.396173 0.21439  0.389436
7750 0.275804 0.469845  0.254351
2354 0.338069 0.347117  0.314814
2229 0.124775 0.302768  0.572457
5612 0.642262 0.239294  0.118444
7402 0.333612 0.332843  0.333545
5640 0.0939306 0.764644  0.141425
8062 0.225621 0.244021  0.530357
3217 0.149308 0.471982  0.37871
5652 0.0205821 0.0463299  0.933088
2988 0.551965 0.301366  0.14667
7611 0.0352169 0.600714  0.364069
3545 0.421173 0.327282  0.251545
7170 0.23164 0.098372  0.669988
6436 0.21614 0.142321  0.641539
3649 0.108831 0.105923  0.785245
4431 0.447052 0.389968  0.162979
1518 0.361048 0.305839  0.333113
5538 0.594077 0.103573  0.30235
8438 0.150972 0.0526803  0.796347
6215 0.611414 0.0356383  0.352947
5467 0.185043 0.411362  0.403595
5912 0.50875 0.424133  0.0671165
4986 0.351415 0.456952  0.191632
8024 0.381592 0.333386  0.285022
6358 0.220303 0.574288  0.20541
6028 0.202072 0.0189761  0.778952
577 0.0912892 0.526339  0.382372
10027 0.326809 0.271181  0.40201
2666 0.275989 0.356849  0.367162
9153 0.200501 0.474539  0.32496
5626 0.39077 0.366433  0.242797
9185 0.826407 0.120192  0.0534006
5517 0.321543 0.26259  0.415867
2511 0.748687 0.0473797  0.203934
6792 0.435128 0.455847  0.109025
6174 0.0335366 0.447466  0.518998
9531 0.49284 0.391068  0.116092
2567 0.620981 0.251722  0.127298
3818 0.29263 0.275709  0.431661
13 0.117231 0.545266  0.337503
3736 0.230158 0.369786  0.400056
414 0.627941 0.362622  0.00943716
6597 0.5782 0.220871  0.200929
5330 0.475573 0.309145  0.215283
2914 0.619916 0.366376  0.0137079
5401 0.210913 0.604515  0.184572
3201 0.520316 0.280301  0.199383
4095 0.198516 0.206406  0.595078
8166 0.140047 0.298495  0.561459
5876 0.13851 0.0439773  0.817512
547 0.32891 0.397696  0.273394
4149 0.0874295 0.298639  0.613932
8502 0.307228 0.107867  0.584905
7695 0.0990563 0.383076  0.517868
6118 0.553538 0.0139129  0.432549
3241 0.623567 0.357049  0.0193841
1487 0.780015 0.109632  0.110353
4345 0.42647 0.217136  0.356394
6144 0.201186 0.398051  0.400763
6717 0.648328 0.31982  0.0318513
10200 0.386634 0.0169515  0.596414
8586 0.173777 0.733764  0.0924596
2898 0.0145389 0.564021  0.42144
5009 0.263441 0.525184  0.211376
107 0.067826 0.099455  0.832719
8450 0.320032 0.19484  0.485127
1405 0.595444 0.212976  0.19158
4259 0.338122 0.465706  0.196172
9463 0.49939 0.0963374  0.404273
5224 0.0722542 0.678995  0.248751
6335 0.626948 0.258524  0.114528
9094 0.305119 0.288355  0.406526
8428 0.286721 0.470375  0.242904
6732 0.300795 0.520678  0.178527
7502 0.434523 0.240274  0.325203
3457 0.431301 0.458741  0.109958
2535 0.538472 0.131868  0.32966
5908 0.302046 0.325513  0.372442
7904 0.350281 0.0803402  0.569379
3505 0.417496 0.253082  0.329422
3240 0.285648 0.609047  0.105305
5182 0.430658 0.215031  0.354311
5298 0.23435 0.289188  0.476462
1230 0.537356 0.196257  0.266387
4639 0.280773 0.614869  0.104358
6364 0.31086 0.38578  0.303361
21 0.326742 0.323795  0.349462
3852 0.42734 0.33916  0.2335
6440 0.283479 0.463484  0.253037
9619 0.380635 0.192228  0.427137
2121 0.593481 0.183185  0.223335
6083 0.169255 0.39777  0.432975
3963 0.706193 0.188604  0.105203
1497 0.524068 0.0693372  0.406594
5750 0.0945066 0.22813  0.677363
7038 0.311584 0.400146  0.28827
6703 0.445012 0.2295  0.325488
7214 0.509896 0.104328  0.385777
2698 0.471465 0.228471  0.300064
9683 0.361921 0.0405342  0.597545
1524 0.300649 0.623103  0.0762486
9765 0.0132139 0.497604  0.489182
4704 0.306959 0.319884  0.373157
9825 0.44417 0.368872  0.186958
2349 0.111364 0.817329  0.0713068
2783 0.0427139 0.611296  0.345991
8383 0.402267 0.442851  0.154881
2927 0.435573 0.0767726  0.487655
3146 0.40743 0.409472  0.183098
909 0.393998 0.167823  0.438179
2836 0.433822 0.177922  0.388256
6116 0.274127 0.322872  0.403
9389 0.372387 0.561509  0.0661033
4860 0.495404 0.384919  0.119677
1438 0.206403 0.449707  0.343889
3559 0.332639 0.453449  0.213912
4424 0.317918 0.302492  0.37959
9501 0.447913 0.377851  0.174235
95 0.0941876 0.566429  0.339384
3490 0.320345 0.0736771  0.605978
10087 0.186719 0.393076  0.420205
1143 0.507455 0.110917  0.381628
778 0.294183 0.25578  0.450038
5692 0.474292 0.260885  0.264823
9084 0.304695 0.238284  0.45702
9020 0.442037 0.0619906  0.495973
5856 0.350787 0.466561  0.182652
308 0.189196 0.500024  0.31078
5298 0.304434 0.262283  0.433283
8609 0.49713 0.288075  0.214795
9503 0.057454 0.467134  0.475412
2015 0.606925 0.0652875  0.327788
9866 0.36928 0.273796  0.356924
2798 0.176252 0.429893  0.393855
5932 0.347784 0.468322  0.183894
2745 0.399055 0.158374  0.442571
4901 0.297938 0.318016  0.384045
2241 0.527912 0.150847  0.321241
255 0.133096 0.129455  0.737449
822 0.223632 0.429303  0.347065
4749 0.328817 0.214627  0.456556
8672 0.396435 0.0516516  0.551914
8248 0.228257 0.238968  0.532775
1909 0.709166 0.180572  0.110262
9483 0.355049 0.355012  0.28994
7323 0.429105 0.288223  0.282672
2421 0.240347 0.30613  0.453522
2220 0.51531 0.434475  0.0502144
3103 0.515728 0.381557  0.102714
2678 0.47202 0.0456872  0.482293
7290 0.0758164 0.499881  0.424302
940 0.424613 0.240585  0.334801
2869 0.371478 0.296364  0.332158
9818 0.378254 0.354257  0.267489
8933 0.156784 0.422781  0.420435
9540 0.410895 0.409397  0.179708
8503 0.587081 0.355144  0.0577753
4905 0.346805 0.338717  0.314478
9168 0.402229 0.0456476  0.552124
2743 0.276885 0.267459  0.455657
6485 0.0752754 0.454298  0.470426
1974 0.424351 0.389789  0.18586
4665 0.352399 0.31659  0.33101
125 0.141441 0.425589  0.43297
9751 0.311659 0.392854  0.295488
9991 0.125682 0.483412  0.390906
5595 0.304514 0.3435  0.351986
7332 0.286364 0.514495  0.199141
916 0.156567 0.260145  0.583288
6801 0.238244 0.368021  0.393735
1417 0.89275 0.0586601  0.0485903
4625 0.353173 0.345869  0.300958
2082 0.112444 0.734536  0.15302
9005 0.0860589 0.167915  0.746027
6248 0.140569 0.49252  0.366912
6966 0.145647 0.254007  0.600345
2869 0.301791 0.315944  0.382265
2360 0.581049 0.0500161  0.368935
8579 0.382936 0.405305  0.211759
266 0.215325 0.115955  0.66872
5026 0.297395 0.417389  0.285216
9878 0.0606208 0.458436  0.480943
2138 0.173162 0.441762  0.385075
7092 0.478074 0.510248  0.0116781
9281 0.367232 0.195854  0.436914
2865 0.420713 0.325648  0.253639
9897 0.260277 0.336221  0.403503
5464 0.292158 0.345561  0.362281
7201 0.109267 0.457647  0.433087
5342 0.530356 0.202804  0.26684
7845 0.451385 0.291611  0.257004
302 0.332227 0.555866  0.111907
1862 0.267376 0.258102  0.474522
3805 0.262522 0.409683  0.327795
481 0.0959921 0.0676812  0.836327
9394 0.293852 0.235105  0.471043
1523 0.221051 0.696142  0.0828073
1327 0.124645 0.379768  0.495586
1722 0.468916 0.436898  0.094186
7318 0.294234 0.233577  0.472189
6668 0.296883 0.303926  0.399191
4527 0.311853 0.36332  0.324827
7662 0.388328 0.334734  0.276937
10141 0.378625 0.0702864  0.551089
8493 0.484237 0.139153  0.376609
2385 0.269752 0.491224  0.239024
9153 0.388362 0.108286  0.503352
9617 0.422545 0.444261  0.133194
8250 0.327438 0.379805  0.292756
8285 0.0920568 0.441042  0.466901
8568 0.689426 0.0309459  0.279628
1430 0.1709 0.379407  0.449693
4808 0.56094 0.0287046  0.410356
8401 0.114388 0.785131  0.10048
530 0.373132 0.224135  0.402733
1827 0.254938 0.195819  0.549242
9178 0.443918 0.0350665  0.521015
4829 0.0983418 0.431586  0.470073
8181 0.369037 0.261271  0.369692
4046 0.431702 0.232622  0.335676
4205 0.49384 0.224958  0.281202
5078 0.312067 0.323527  0.364406
2617 0.131172 0.689549  0.179278
6224 0.132884 0.414227  0.45289
8477 0.372058 0.349644  0.278298
6112 0.331835 0.238683  0.429482
9781 0.262235 0.29824  0.439525
8336 0.158152 0.554381  0.287467
3364 0.0183654 0.494058  0.487577
1759 0.68275 0.226459  0.0907909
7428 0.523251 0.0722739  0.404476
1344 0.219343 0.678362  0.102295
10010 0.415102 0.0868018  0.498096
9537 0.421154 0.410551  0.168295
5870 0.607426 0.145697  0.246877
9406 0.385693 0.393482  0.220826
7330 0.399 0.18193  0.41907
8504 0.257273 0.468594  0.274134
8737 0.0659787 0.350471  0.58355
9593 0.258433 0.340985  0.400582
2873 0.352635 0.361739  0.285626
4569 0.587226 0.135094  0.27768
4013 0.447834 0.0609732  0.491193
7334 0.420279 0.381741  0.19798
1790 0.578265 0.14507  0.276665
8484 0.320322 0.476856  0.202822
3795 0.0136171 0.107666  0.878717
4123 0.584942 0.3123  0.102757
2398 0.15981 0.361316  0.478874
2416 0.0776287 0.320011  0.60236
10004 0.0491664 0.506277  0.444556
6033 0.269097 0.496057  0.234847
6708 0.356507 0.372713  0.27078
6298 0.583034 0.233384  0.183582
8383 0.551817 0.0787093  0.369474
8195 0.393225 0.580407  0.0263688
9988 0.429962 0.222646  0.347391
3058 0.294534 0.266786  0.43868
8425 0.238475 0.503999  0.257526
7852 0.487284 0.471585  0.0411311
3795 0.479398 0.410835  0.109767
7138 0.508821 0.109068  0.38211
2541 0.428101 0.539007  0.0328921
107 0.675812 0.0444098  0.279778
5712 0.419217 0.248623  0.33216
7164 0.494812 0.472666  0.0325212
8824 0.372412 0.0877565  0.539832
8240 0.107248 0.653985  0.238767
5938 0.345325 0.410296  0.244379
845 0.311155 0.256605  0.432239
370 0.373992 0.428415  0.197593
4812 0.0123241 0.537907  0.449769
841 0.134096 0.634481  0.231422
5334 0.502698 0.309139  0.188163
2018 0.262467 0.385457  0.352076
4688 0.476718 0.515412  0.00786987
1741 0.00749977 0.651272  0.341228
1009 0.287587 0.644489  0.0679238
2375 0.235599 0.272611  0.49179
8372 0.457688 0.331901  0.210411
1677 0.192654 0.075311  0.732035
4981 0.577394 0.372861  0.0497449
8817 0.506724 0.0697844  0.423492
9307 0.052647 0.16997  0.777383
266 0.340336 0.251353  0.408311
5609 0.487131 0.266935  0.245934
1910 0.418196 0.187917  0.393888
6087 0.224448 0.57703  0.198522
1262 0.658136 0.239043  0.102822
864 0.0340461 0.583064  0.38289
8923 0.413363 0.11492  0.471717
8765 0.474819 0.159188  0.365993
4267 0.299764 0.671104  0.0291324
2153 0.382603 0.487845  0.129553
9567 0.177046 0.198539  0.624414
3248 0.0289388 0.429642  0.541419
6744 0.364725 0.232483  0.402792
3206 0.350589 0.266694  0.382716
5259 0.0566972 0.682493  0.26081
3528 0.840368 0.128386  0.0312459
8551 0.187797 0.352876  0.459327
9033 0.450545 0.267671  0.281784
6526 0.286876 0.473748  0.239376
10191 0.175447 0.189125  0.635428
1216 0.150636 0.670613  0.178751
2635 0.382317 0.377378  0.240305
6936 0.675557 0.0955686  0.228874
5378 0.143898 0.738122  0.11798
42 0.360539 0.531413  0.108048
5722 0.213319 0.43222  0.354461
9188 0.3926 0.276949  0.330451
738 0.209174 0.453653  0.337172
3208 0.298087 0.446725  0.255188
9969 0.310494 0.257064  0.432442
5546 0.356583 0.12527  0.518147
7833 0.418046 0.369821  0.212132
5009 0.379848 0.250232  0.36992
2639 0.0156723 0.457185  0.527142
10127 0.413184 0.334176  0.25264
1195 0.151908 0.200522  0.64757
18 0.729166 0.070114  0.20072
3453 0.106583 0.495168  0.398249
3423 0.45077 0.417934  0.131296
9747 0.376349 0.0304725  0.593178
2232 0.324859 0.109342  0.5658
9981 0.193894 0.179535  0.626571
1960 0.563718 0.0607143  0.375568
8117 0.548633 0.35438  0.0969875
7146 0.395845 0.320114  0.284041
2645 0.637712 0.0403616  0.321926
4417 0.521917 0.288296  0.189787
3415 0.352776 0.296819  0.350404
7976 0.130497 0.242051  0.627451
2169 0.173047 0.448624  0.378329
7487 0.382146 0.360266  0.257588
4200 0.518863 0.467862  0.0132745
2976 0.308411 0.109954  0.581635
7539 0.0832344 0.390584  0.526182
3306 0.222937 0.578845  0.198218
1474 0.0990492 0.352942  0.548008
5145 0.380838 0.396419  0.222743
7374 0.155526 0.504113  0.340362
784 0.340872 0.287391  0.371738
966 0.617362 0.269025  0.113613
2271 0.0589915 0.685602  0.255406
2232 0.00679998 0.64125  0.35195
2762 0.239405 0.429726  0.330869
8513 0.44641 0.0954296  0.45816
5328 0.884023 0.0875009  0.0284761
8052 0.227428 0.312111  0.460461
9358 0.241618 0.371501  0.386881
2345 0.241167 0.317442  0.441391
35 0.6291 0.348865  0.0220348
1800 0.215772 0.413849  0.370379
6675 0.197949 0.148661  0.65339
4129 0.308943 0.574791  0.116265
4373 0.354171 0.21989  0.42594
7624 0.394569 0.104059  0.501372
1007 0.344805 0.453297  0.201898
5648 0.243188 0.42393  0.332882
5180 0.32752 0.532411  0.140069
5400 0.0725951 0.547782  0.379622
8499 0.0143523 0.595261  0.390387
1969 0.164466 0.369746  0.465788
8799 0.123496 0.43861  0.437894
227 0.226346 0.354192  0.419462
5845 0.506466 0.177211  0.316322
8287 0.276648 0.402929  0.320423
8289 0.0995393 0.447102  0.453358
4441 0.383932 0.348756  0.267313
704 0.757392 0.170227  0.0723808
5117 0.348369 0.231019  0.420612
9735 0.542057 0.434383  0.0235608
4364 0.250256 0.541098  0.208645
2762 0.098776 0.552274  0.34895
6503 0.453148 0.181423  0.365429
4002 0.158423 0.197889  0.643688
1952 0.37694 0.519754  0.103305
8154 0.296596 0.329139  0.374265
10100 0.177236 0.324046  0.498717
4574 0.369852 0.256067  0.374081
8983 0.418732 0.268058  0.31321
9175 0.099767 0.443536  0.456697
4391 0.497388 0.179499  0.323112
