86 0.317079 0.315942  0.366979
5066 0.208587 0.674232  0.117182
1601 0.311361 0.52615  0.162489
5387 0.56349 0.378139  0.0583701
169 0.392107 0.317653  0.29024
522 0.249161 0.281145  0.469694
3460 0.500177 0.266669  0.233154
1215 0.144807 0.403118  0.452075
3249 0.353282 0.371656  0.275062
3185 0.141713 0.314677  0.54361
157 0.726958 0.151002  0.12204
2218 0.255556 0.0201677  0.724276
1371 0.450972 0.256939  0.292088
6097 0.380854 0.31117  0.307976
1736 0.423812 0.271373  0.304815
51 0.182414 0.593231  0.224355
794 0.104131 0.501895  0.393974
3680 0.375347 0.333101  0.291552
169 0.452907 0.350358  0.196735
7835 0.30944 0.435263  0.255297
584 0.45912 0.290104  0.250776
522 0.4581 0.073103  0.468797
43 0.471302 0.412154  0.116544
314 0.457326 0.473651  0.0690223
138 0.325945 0.393155  0.2809
314 0.152871 0.725952  0.121177
1182 0.563873 0.423023  0.0131041
244 0.236699 0.403643  0.359659
3905 0.127264 0.494823  0.377912
5400 0.507202 0.444899  0.0478986
2259 0.069727 0.297437  0.632836
189 0.222873 0.199265  0.577862
681 0.231186 0.471068  0.297746
1570 0.085763 0.564326  0.349911
1650 0.167426 0.372761  0.459813
831 0.727663 0.178501  0.0938364
244 0.421986 0.083332  0.494682
6428 0.342767 0.414667  0.242566
2353 0.450418 0.396526  0.153056
314 0.323461 0.377452  0.299086
5761 0.51526 0.169886  0.314854
1228 0.148265 0.123428  0.728307
912 0.307279 0.418691  0.27403
839 0.234522 0.373927  0.391551
584 0.0959416 0.625098  0.27896
5016 0.113942 0.332858  0.5532
2414 0.137919 0.316355  0.545726
3737 0.197402 0.244231  0.558366
7327 0.0741798 0.0667424  0.859078
2781 0.536619 0.326074  0.137307
170 0.610926 0.291509  0.0975643
138 0.412594 0.165338  0.422069
5175 0.0329045 0.204099  0.762997
6350 0.43612 0.41637  0.14751
3428 0.373696 0.330341  0.295963
244 0.50297 0.164968  0.332061
1644 0.0366333 0.922589  0.0407777
68 0.125391 0.475794  0.398815
522 0.218174 0.645631  0.136195
190 0.435364 0.0379961  0.52664
169 0.377436 0.227315  0.39525
4508 0.413367 0.32905  0.257583
2923 0.277974 0.334363  0.387663
108 0.195282 0.747633  0.0570854
6158 0.150352 0.395429  0.454218
3574 0.439923 0.360277  0.1998
7112 0.690035 0.0571219  0.252843
2735 0.447749 0.1707  0.381551
522 0.537253 0.24394  0.218807
2276 0.0912063 0.478961  0.429833
334 0.387189 0.217447  0.395365
2231 0.559835 0.222909  0.217256
4334 0.224765 0.40023  0.375005
6763 0.468129 0.24875  0.283121
1037 0.506549 0.474005  0.0194459
138 0.327183 0.365033  0.307785
138 0.329759 0.243138  0.427103
7019 0.530906 0.0504261  0.418668
3487 0.380758 0.460336  0.158907
314 0.260573 0.179474  0.559953
2995 0.381834 0.0635743  0.554592
169 0.737149 0.129465  0.133386
7328 0.495273 0.0786917  0.426036
4474 0.392127 0.0309046  0.576968
2858 0.400491 0.311539  0.287969
362 0.347053 0.308292  0.344655
2334 0.455609 0.234177  0.310214
5844 0.0627295 0.53543  0.401841
4565 0.439938 0.513844  0.0462177
942 0.597301 0.112193  0.290507
314 0.0795741 0.068341  0.852085
1588 0.33912 0.445804  0.215076
5149 0.329178 0.476144  0.194679
2750 0.28082 0.386241  0.332939
991 0.446467 0.195231  0.358302
314 0.400939 0.395207  0.203854
6676 0.258911 0.474976  0.266112
7672 0.339648 0.406563  0.253789
189 0.0673882 0.496104  0.436508
980 0.273949 0.330877  0.395174
5476 0.255891 0.56518  0.178929
2586 0.575775 0.380211  0.0440144
6706 0.503644 0.0714445  0.424911
314 0.107134 0.484553  0.408312
2348 0.224881 0.355132  0.419987
86 0.402643 0.468842  0.128515
6444 0.153231 0.121508  0.72526
1279 0.25779 0.405085  0.337126
6543 0.322604 0.115824  0.561572
794 0.109258 0.420166  0.470576
259 0.280554 0.307165  0.412281
5975 0.209199 0.389413  0.401388
43 0.410257 0.517331  0.0724119
972 0.108499 0.493287  0.398214
1173 0.0197935 0.300531  0.679676
5627 0.206957 0.525516  0.267527
6614 0.460955 0.145355  0.393691
1274 0.341039 0.47708  0.18188
85 0.179818 0.399041  0.421141
169 0.413881 0.274751  0.311368
3747 0.685594 0.290839  0.0235666
7770 0.430197 0.451668  0.118135
138 0.295212 0.370828  0.333961
169 0.426713 0.00671777  0.566569
3573 0.257636 0.222472  0.519892
880 0.591281 0.375774  0.0329449
488 0.286957 0.173648  0.539395
522 0.516293 0.423187  0.0605196
3771 0.280117 0.685246  0.0346362
5449 0.364095 0.48004  0.155865
265 0.38962 0.395795  0.214585
314 0.304402 0.112948  0.582649
2358 0.371436 0.131593  0.496971
3134 0.326533 0.383848  0.289619
401 0.186366 0.608158  0.205476
844 0.327262 0.638736  0.0340022
314 0.36644 0.355748  0.277812
3662 0.162468 0.665905  0.171627
2131 0.718606 0.183425  0.0979685
366 0.414907 0.545038  0.0400552
351 0.149328 0.76658  0.0840925
169 0.114584 0.656549  0.228866
4405 0.430993 0.0336466  0.53536
5875 0.347288 0.253014  0.399698
831 0.358218 0.35859  0.283193
5050 0.247356 0.0306656  0.721979
2340 0.366586 0.351588  0.281826
411 0.0229112 0.503868  0.473221
548 0.896745 0.0383333  0.0649213
4322 0.350599 0.287625  0.361776
1974 0.227567 0.255039  0.517394
1644 0.147713 0.444274  0.408013
6422 0.238785 0.447871  0.313344
2508 0.159238 0.560647  0.280115
7605 0.0576009 0.617324  0.325075
1122 0.147014 0.388478  0.464508
4048 0.256466 0.246962  0.496571
170 0.7399 0.173215  0.0868856
2976 0.0107324 0.158194  0.831073
2333 0.512087 0.0947833  0.39313
314 0.357561 0.353324  0.289114
6528 0.451921 0.0230895  0.52499
3012 0.306599 0.336959  0.356442
1049 0.393971 0.156217  0.449812
7443 0.356847 0.205746  0.437407
7054 0.497505 0.235942  0.266553
4529 0.463037 0.420667  0.116296
594 0.159595 0.719429  0.120976
955 0.399852 0.199921  0.400227
314 0.415485 0.282502  0.302013
4945 0.211236 0.456297  0.332467
2280 0.554843 0.311856  0.133301
2568 0.040536 0.574345  0.385119
488 0.157638 0.519547  0.322815
1173 0.385836 0.322533  0.291631
3571 0.565225 0.29445  0.140326
3046 0.419328 0.191174  0.389497
7074 0.110024 0.789055  0.100921
334 0.164331 0.399241  0.436428
3493 0.699113 0.197931  0.102956
51 0.407294 0.198412  0.394294
584 0.137409 0.645292  0.217299
1510 0.29933 0.0483009  0.652369
2954 0.163371 0.504483  0.332146
522 0.200525 0.349807  0.449668
1119 0.0077725 0.324777  0.66745
765 0.419884 0.221024  0.359092
4464 0.205708 0.562699  0.231593
3410 0.0512251 0.517263  0.431512
314 0.423621 0.0346283  0.54175
314 0.258811 0.280014  0.461176
47 0.355955 0.163551  0.480494
2439 0.234137 0.507592  0.258271
895 0.388898 0.25806  0.353042
1833 0.303521 0.529922  0.166557
1902 0.353403 0.406642  0.239955
3775 0.348754 0.366634  0.284612
2449 0.473194 0.502664  0.0241421
7141 0.511825 0.0440389  0.444137
488 0.384369 0.422671  0.19296
7096 0.331336 0.299031  0.369633
314 0.168193 0.490987  0.34082
2508 0.290882 0.286213  0.422905
3698 0.18134 0.502484  0.316176
7285 0.360853 0.237672  0.401475
3118 0.222713 0.467163  0.310123
212 0.386834 0.330341  0.282825
1021 0.290961 0.325384  0.383655
7780 0.464208 0.483772  0.0520199
169 0.560696 0.316168  0.123136
314 0.030884 0.383655  0.585461
522 0.330441 0.220714  0.448845
244 0.0983934 0.300148  0.601459
1173 0.481082 0.230186  0.288732
6858 0.411985 0.334913  0.253102
1571 0.370185 0.580053  0.0497616
549 0.0721327 0.803421  0.124447
903 0.312271 0.147679  0.54005
1571 0.304649 0.361366  0.333984
2145 0.419081 0.518772  0.062147
6549 0.338882 0.340549  0.320569
3034 0.292081 0.482086  0.225832
334 0.336368 0.33453  0.329102
6771 0.476754 0.248685  0.274561
1457 0.245002 0.613194  0.141803
314 0.0601614 0.361401  0.578438
5437 0.18022 0.426034  0.393746
1768 0.453287 0.328011  0.218701
2335 0.309151 0.479293  0.211556
6675 0.153831 0.610984  0.235185
2042 0.297641 0.329174  0.373185
791 0.511959 0.336028  0.152014
7476 0.227333 0.35973  0.412937
1655 0.00783555 0.404588  0.587576
314 0.18892 0.320364  0.490715
7352 0.264316 0.402804  0.332881
7026 0.511517 0.261219  0.227264
1901 0.323652 0.171461  0.504887
2481 0.413191 0.577217  0.00959222
5043 0.169902 0.472918  0.35718
3604 0.490636 0.094804  0.41456
1633 0.072394 0.335369  0.592237
1739 0.367455 0.0500676  0.582477
3204 0.1887 0.44732  0.36398
7524 0.0978996 0.244906  0.657195
1725 0.132006 0.386409  0.481585
992 0.468071 0.179753  0.352176
2988 0.490713 0.501027  0.00826007
314 0.410879 0.450299  0.138822
984 0.111936 0.443573  0.444491
314 0.389296 0.332053  0.278651
2481 0.374898 0.20443  0.420672
314 0.199684 0.25955  0.540765
481 0.0688892 0.399439  0.531672
314 0.529374 0.216714  0.253912
7627 0.258774 0.58344  0.157786
495 0.567261 0.343594  0.089145
1518 0.44748 0.245074  0.307446
1536 0.48403 0.396572  0.119397
138 0.431861 0.366566  0.201573
166 0.294103 0.480628  0.225269
3552 0.400675 0.44583  0.153495
169 0.365271 0.352769  0.28196
6685 0.297115 0.321404  0.381481
1878 0.267362 0.62548  0.107159
3694 0.124585 0.473246  0.402169
7251 0.384724 0.332094  0.283182
2414 0.113965 0.431586  0.454449
1155 0.57105 0.383506  0.0454445
610 0.063599 0.68647  0.249931
138 0.543358 0.0460042  0.410638
4255 0.395165 0.435427  0.169408
7130 0.234715 0.226279  0.539006
1550 0.512471 0.400778  0.0867507
2357 0.302415 0.437766  0.259818
1461 0.297549 0.320624  0.381827
801 0.395464 0.190252  0.414284
3527 0.205698 0.53818  0.256123
3539 0.315097 0.470848  0.214055
2430 0.445963 0.0938035  0.460233
314 0.265356 0.107127  0.627517
2777 0.0860878 0.498207  0.415706
169 0.332047 0.467235  0.200719
1173 0.497514 0.238606  0.26388
1202 0.757032 0.0759112  0.167057
314 0.332916 0.422135  0.244948
909 0.485557 0.380707  0.133736
2704 0.47953 0.147174  0.373296
1183 0.191829 0.327265  0.480906
991 0.454562 0.440087  0.10535
138 0.374174 0.371013  0.254813
6882 0.399155 0.342769  0.258075
1566 0.135123 0.49892  0.365957
1433 0.6502 0.209126  0.140675
5099 0.38127 0.258153  0.360577
5752 0.621573 0.0100876  0.368339
550 0.192351 0.602014  0.205635
57 0.172454 0.412507  0.415039
56 0.815543 0.0518745  0.132583
244 0.169872 0.402903  0.427225
838 0.398148 0.220202  0.38165
6829 0.740151 0.170549  0.0893
169 0.237072 0.388479  0.374449
1910 0.185051 0.332469  0.482479
2184 0.584058 0.104517  0.311424
6948 0.276088 0.607517  0.116394
5738 0.708779 0.0975806  0.193641
314 0.498058 0.379907  0.122035
5106 0.309664 0.525346  0.16499
7706 0.460894 0.398112  0.140994
2498 0.225855 0.31857  0.455575
7652 0.336111 0.252274  0.411615
138 0.439939 0.177657  0.382404
4323 0.119645 0.366154  0.514201
3274 0.551056 0.0154188  0.433525
2261 0.668537 0.04125  0.290213
2508 0.182935 0.392336  0.42473
51 0.115883 0.470899  0.413218
5589 0.383751 0.325593  0.290655
314 0.238219 0.51395  0.247831
2945 0.159924 0.401155  0.438921
7714 0.688289 0.273538  0.0381726
2853 0.149747 0.292648  0.557605
138 0.661966 0.026815  0.311219
609 0.351603 0.602827  0.0455697
4464 0.354955 0.39702  0.248025
334 0.405429 0.492938  0.101633
6792 0.437641 0.417858  0.1445
3337 0.301571 0.29383  0.404599
314 0.422446 0.188016  0.389538
314 0.290027 0.170279  0.539694
6436 0.109974 0.451881  0.438145
2462 0.211927 0.41993  0.368142
2243 0.283716 0.262162  0.454122
1611 0.929703 0.0492765  0.0210204
86 0.193407 0.230842  0.575752
4798 0.332866 0.129808  0.537326
1308 0.205568 0.45212  0.342311
2948 0.256383 0.697625  0.0459913
314 0.706454 0.0779486  0.215597
7280 0.507387 0.184375  0.308239
2288 0.386259 0.20386  0.409881
3710 0.546452 0.229966  0.223582
7672 0.258111 0.374261  0.367628
6106 0.28915 0.293362  0.417488
522 0.314361 0.433298  0.252341
3025 0.352186 0.350123  0.297691
3554 0.163382 0.637074  0.199545
334 0.446393 0.0561279  0.497479
5424 0.23147 0.115154  0.653375
169 0.257043 0.349775  0.393182
2240 0.584915 0.0797892  0.335296
138 0.492041 0.485025  0.022934
138 0.469369 0.0887039  0.441927
945 0.376921 0.474624  0.148455
43 0.752667 0.0372094  0.210124
1627 0.145212 0.483412  0.371376
1225 0.333672 0.415443  0.250885
488 0.20275 0.352135  0.445115
7668 0.654243 0.0453263  0.300431
122 0.170158 0.467291  0.362551
314 0.27065 0.321174  0.408176
5082 0.316283 0.128469  0.555249
6387 0.511277 0.0737  0.415023
1319 0.446816 0.301284  0.2519
1537 0.333053 0.140876  0.526071
4922 0.684562 0.100411  0.215027
138 0.285861 0.38237  0.331769
225 0.227245 0.34156  0.431195
3561 0.506801 0.140834  0.352366
5854 0.240241 0.380532  0.379227
86 0.0451187 0.113893  0.840988
2921 0.55638 0.0355846  0.408036
85 0.12428 0.518547  0.357173
314 0.250274 0.229622  0.520104
1480 0.2361 0.38038  0.38352
85 0.023845 0.48168  0.494475
43 0.394861 0.363416  0.241722
2059 0.209437 0.375871  0.414692
170 0.226305 0.533746  0.23995
2568 0.0568974 0.210491  0.732611
7318 0.531244 0.279382  0.189374
138 0.111876 0.430968  0.457157
5523 0.668576 0.150958  0.180466
85 0.401614 0.195295  0.403091
3506 0.359039 0.437229  0.203732
3103 0.453595 0.0458786  0.500527
314 0.387396 0.181573  0.431031
2872 0.100146 0.243405  0.656449
7248 0.438916 0.513166  0.0479174
3835 0.0723557 0.315402  0.612242
334 0.565228 0.353095  0.0816773
85 0.104694 0.64642  0.248886
51 0.315767 0.329695  0.354538
314 0.10811 0.424085  0.467805
999 0.328433 0.277242  0.394325
5294 0.0180708 0.786517  0.195413
169 0.376475 0.395444  0.228081
334 0.550652 0.348727  0.100621
3696 0.447386 0.214894  0.33772
170 0.360353 0.276332  0.363315
2999 0.240004 0.22078  0.539216
5095 0.676831 0.237443  0.0857263
5152 0.37413 0.413592  0.212278
1484 0.210332 0.138825  0.650842
3743 0.356386 0.160895  0.482719
4482 0.11359 0.380044  0.506365
572 0.541924 0.023016  0.43506
4854 0.212814 0.490663  0.296522
5093 0.0547647 0.525976  0.419259
1124 0.0192124 0.424332  0.556455
6876 0.69288 0.274321  0.0327993
138 0.462439 0.501251  0.0363101
7689 0.273246 0.481094  0.24566
2380 0.0547239 0.392741  0.552535
314 0.502769 0.149625  0.347606
3131 0.388493 0.0727252  0.538782
488 0.364113 0.379654  0.256233
1173 0.303878 0.341974  0.354149
314 0.268244 0.655156  0.0766006
314 0.0365154 0.340352  0.623133
2542 0.3048 0.456245  0.238955
108 0.404881 0.388877  0.206242
3698 0.770576 0.18322  0.0462045
122 0.239903 0.180368  0.579729
244 0.0711897 0.465153  0.463658
6528 0.325873 0.625447  0.0486793
294 0.126842 0.400395  0.472764
3353 0.478907 0.0843925  0.4367
314 0.124556 0.611433  0.26401
3588 0.0360641 0.608634  0.355302
1296 0.275766 0.426387  0.297848
122 0.19318 0.374716  0.432104
5824 0.433703 0.538399  0.0278983
7420 0.272651 0.229574  0.497775
598 0.30775 0.56902  0.123231
4272 0.623439 0.152148  0.224413
7722 0.012263 0.450456  0.537281
7679 0.216042 0.320276  0.463682
5580 0.408834 0.370828  0.220337
306 0.0723383 0.459522  0.46814
1080 0.128527 0.40444  0.467033
4769 0.299399 0.274467  0.426134
334 0.249535 0.652671  0.0977939
211 0.620168 0.0389816  0.34085
138 0.392862 0.223105  0.384033
1164 0.387223 0.387684  0.225093
6026 0.133654 0.471049  0.395297
5495 0.4664 0.0469687  0.486631
314 0.57721 0.394647  0.028143
688 0.311596 0.277847  0.410558
10 0.549106 0.0653804  0.385514
606 0.396401 0.401409  0.202189
5813 0.574971 0.404489  0.0205398
488 0.330722 0.301263  0.368016
170 0.307289 0.501926  0.190785
214 0.283798 0.343929  0.372273
138 0.0821325 0.278215  0.639652
122 0.140784 0.129965  0.72925
2789 0.282618 0.37101  0.346372
85 0.105134 0.376445  0.518421
584 0.0117538 0.269393  0.718853
86 0.0697138 0.328617  0.601669
2475 0.43085 0.44378  0.12537
3721 0.0838355 0.657822  0.258342
4664 0.0676247 0.787425  0.14495
5049 0.37571 0.574641  0.0496486
2481 0.292231 0.440357  0.267412
244 0.016781 0.855222  0.127997
1611 0.243327 0.309373  0.4473
2358 0.186526 0.0751985  0.738275
4131 0.676276 0.256236  0.0674884
3564 0.447243 0.220933  0.331824
1753 0.247758 0.150609  0.601633
314 0.334345 0.502358  0.163297
3744 0.226469 0.426363  0.347168
314 0.141677 0.464082  0.394241
314 0.0744669 0.643508  0.282025
51 0.251701 0.0529801  0.695319
1929 0.327963 0.105487  0.56655
5624 0.323995 0.379096  0.296909
2027 0.599698 0.0240745  0.376227
1046 0.293471 0.655811  0.0507177
314 0.0704697 0.164488  0.765043
351 0.391554 0.141116  0.46733
2488 0.411394 0.338351  0.250255
84 0.396278 0.0209079  0.582814
2656 0.237435 0.691318  0.0712473
4723 0.458603 0.192429  0.348968
314 0.345276 0.337339  0.317385
835 0.120248 0.365913  0.513838
314 0.439735 0.073124  0.487141
2438 0.677966 0.238735  0.0832992
169 0.341768 0.287298  0.370934
314 0.250107 0.321397  0.428496
1479 0.0101953 0.510342  0.479463
584 0.252379 0.390733  0.356888
98 0.4055 0.343411  0.251089
1536 0.370815 0.124203  0.504982
3973 0.676388 0.19762  0.125992
2429 0.291007 0.579973  0.129021
1173 0.0648444 0.515489  0.419666
6155 0.426835 0.248364  0.3248
4280 0.0559135 0.408866  0.535221
314 0.373934 0.478697  0.147369
7395 0.377708 0.271591  0.350701
488 0.133861 0.0328044  0.833335
1398 0.283206 0.652679  0.064115
919 0.034371 0.530941  0.434688
1737 0.384409 0.0835836  0.532008
169 0.442781 0.474422  0.0827976
1849 0.403365 0.409409  0.187227
314 0.147022 0.527611  0.325367
6746 0.491896 0.0226471  0.485457
3430 0.151777 0.793165  0.0550576
1236 0.361693 0.364198  0.274109
1155 0.303105 0.327549  0.369346
1173 0.337193 0.413721  0.249087
2943 0.215011 0.362698  0.422291
4606 0.411465 0.156646  0.431889
2397 0.452103 0.324011  0.223886
1480 0.699424 0.17931  0.121265
7793 0.597111 0.0481889  0.3547
4962 0.503661 0.280194  0.216145
2883 0.613473 0.119702  0.266825
334 0.718244 0.0155357  0.26622
170 0.0424372 0.491635  0.465928
4472 0.148377 0.578791  0.272832
398 0.6668 0.223697  0.109503
3185 0.195439 0.363469  0.441092
3836 0.387495 0.212631  0.399874
2955 0.222719 0.41313  0.36415
6338 0.338886 0.437342  0.223772
6421 0.810689 0.112053  0.0772578
4471 0.2094 0.501045  0.289555
3531 0.255805 0.375964  0.36823
2155 0.254526 0.556037  0.189438
314 0.0828273 0.0995551  0.817618
488 0.786281 0.168367  0.045352
3168 0.122845 0.183309  0.693846
138 0.358907 0.262102  0.378991
2692 0.123654 0.503639  0.372707
3454 0.3272 0.360003  0.312797
278 0.3839 0.221715  0.394385
2363 0.392332 0.268005  0.339663
1462 0.499222 0.440991  0.0597878
314 0.402354 0.577248  0.0203974
3000 0.460826 0.431801  0.107374
138 0.474601 0.0943202  0.431079
7680 0.299061 0.304573  0.396365
2379 0.0780308 0.34684  0.575129
7647 0.200978 0.499648  0.299373
189 0.336939 0.309131  0.35393
529 0.577859 0.317656  0.104486
138 0.625768 0.197298  0.176934
2666 0.460713 0.158539  0.380748
4043 0.135472 0.496637  0.367891
314 0.583196 0.283  0.133804
138 0.349385 0.340035  0.310581
4410 0.411849 0.257586  0.330564
4875 0.537623 0.180952  0.281426
1445 0.348515 0.379536  0.271949
2156 0.0983634 0.400486  0.50115
138 0.266254 0.352611  0.381135
3532 0.673407 0.20842  0.118174
138 0.0318518 0.398856  0.569292
787 0.180716 0.513359  0.305925
5646 0.457503 0.20133  0.341167
1638 0.271965 0.392582  0.335452
548 0.428978 0.267646  0.303376
95 0.0967574 0.753428  0.149814
3296 0.263704 0.417467  0.318829
5778 0.461477 0.307722  0.230801
4858 0.427096 0.424772  0.148132
3729 0.160638 0.602609  0.236754
122 0.468009 0.45961  0.0723814
314 0.767378 0.140062  0.0925607
314 0.549546 0.174656  0.275797
2650 0.439664 0.419035  0.141302
314 0.634806 0.119786  0.245407
169 0.721291 0.250637  0.0280716
170 0.597793 0.124072  0.278135
6489 0.286595 0.18231  0.531096
3785 0.720049 0.207395  0.0725559
5167 0.179283 0.0704712  0.750246
334 0.420341 0.420796  0.158863
2794 0.256076 0.180437  0.563487
6746 0.551137 0.0921164  0.356746
2414 0.397 0.137205  0.465795
398 0.080259 0.353903  0.565838
4842 0.202325 0.172327  0.625348
2995 0.261612 0.324533  0.413855
4362 0.632558 0.263924  0.103518
314 0.420295 0.0816799  0.498025
121 0.0229623 0.702814  0.274224
6841 0.386067 0.563855  0.0500784
305 0.435998 0.0923005  0.471701
2354 0.402967 0.316952  0.280081
6631 0.361448 0.271446  0.367106
259 0.0235065 0.495459  0.481034
1251 0.369105 0.582604  0.0482911
3910 0.311637 0.277729  0.410633
1537 0.638537 0.159939  0.201524
600 0.0101904 0.714868  0.274941
1173 0.541867 0.270212  0.187921
334 0.124944 0.395581  0.479475
6477 0.518528 0.0861727  0.3953
314 0.476697 0.436911  0.0863918
244 0.317161 0.118711  0.564128
314 0.438575 0.152108  0.409317
314 0.0401399 0.569573  0.390287
1107 0.325786 0.495817  0.178398
6244 0.71132 0.154188  0.134491
314 0.298689 0.401298  0.300013
170 0.349382 0.444383  0.206235
5044 0.440422 0.161954  0.397624
1358 0.676925 0.272039  0.0510361
6814 0.365334 0.304274  0.330392
1236 0.318776 0.300236  0.380988
122 0.561085 0.300407  0.138507
3692 0.87753 0.0666821  0.0557878
4379 0.548973 0.395168  0.0558591
274 0.0216535 0.31898  0.659367
4532 0.208278 0.350987  0.440735
2717 0.235431 0.436627  0.327942
18 0.365124 0.512108  0.122769
314 0.616896 0.282217  0.100887
2875 0.353992 0.230602  0.415407
5029 0.245801 0.398919  0.355279
3793 0.0404294 0.253038  0.706533
903 0.340925 0.17844  0.480635
3018 0.410272 0.267031  0.322697
314 0.356109 0.430501  0.21339
7392 0.335214 0.338209  0.326577
5074 0.534038 0.277848  0.188114
743 0.0264158 0.353975  0.619609
314 0.206557 0.346859  0.446584
3008 0.377839 0.346877  0.275284
1518 0.105179 0.528702  0.366119
3834 0.0985678 0.42252  0.478912
3037 0.51353 0.20506  0.28141
170 0.325182 0.617154  0.0576637
453 0.281443 0.347772  0.370785
2582 0.51126 0.349335  0.139405
7743 0.310154 0.396043  0.293803
3454 0.380585 0.386851  0.232564
85 0.576395 0.407808  0.0157968
3269 0.0324567 0.302569  0.664975
334 0.477296 0.205724  0.31698
1371 0.312428 0.462468  0.225104
3680 0.406932 0.113396  0.479672
4315 0.469932 0.153486  0.376582
522 0.781071 0.0606495  0.158279
1037 0.175858 0.532592  0.29155
47 0.219006 0.436165  0.344829
7211 0.111076 0.150054  0.738871
114 0.372259 0.248331  0.37941
1308 0.163337 0.407458  0.429205
2288 0.199037 0.461462  0.339501
454 0.40573 0.172726  0.421544
247 0.287443 0.407784  0.304773
5429 0.0204527 0.614312  0.365235
1569 0.146839 0.731287  0.121874
2159 0.024461 0.406591  0.568948
4267 0.225577 0.459129  0.315294
488 0.0156938 0.619672  0.364634
7122 0.332943 0.0568784  0.610179
1041 0.292489 0.187879  0.519632
244 0.453237 0.11334  0.433423
7305 0.297918 0.526698  0.175384
47 0.419768 0.255433  0.324798
1566 0.324001 0.471408  0.204591
314 0.385975 0.18949  0.424535
314 0.0372164 0.487376  0.475407
1536 0.638032 0.145041  0.216926
1781 0.405895 0.232078  0.362027
7604 0.16762 0.692349  0.140031
4828 0.678516 0.0371198  0.284364
488 0.262414 0.277825  0.459761
3740 0.20774 0.492106  0.300155
2063 0.326954 0.385455  0.28759
5408 0.256147 0.366667  0.377186
5625 0.14615 0.404311  0.449538
1903 0.561913 0.425324  0.0127633
169 0.162027 0.360896  0.477076
3932 0.46516 0.0386502  0.49619
5374 0.521951 0.166872  0.311178
4221 0.331938 0.233418  0.434644
3674 0.515276 0.161935  0.322788
138 0.0957222 0.597645  0.306633
314 0.735856 0.100214  0.163931
169 0.104036 0.0620538  0.83391
4025 0.414698 0.361723  0.223579
1155 0.686357 0.0745995  0.239044
314 0.270819 0.0759687  0.653213
3276 0.460009 0.0632503  0.476741
169 0.198056 0.335073  0.466871
7428 0.302962 0.247852  0.449186
1633 0.0330187 0.803611  0.163371
2114 0.440774 0.247136  0.31209
1927 0.255847 0.261133  0.48302
170 0.368869 0.308369  0.322762
244 0.430928 0.534568  0.034504
7076 0.324256 0.199165  0.476579
244 0.459415 0.192284  0.348301
3727 0.374889 0.560907  0.0642046
7842 0.166727 0.396796  0.436477
2127 0.43125 0.145079  0.423671
314 0.153253 0.292152  0.554595
584 0.231202 0.493798  0.275
2448 0.312897 0.632427  0.0546764
1645 0.315124 0.419145  0.265731
831 0.0874853 0.70611  0.206404
51 0.465194 0.237396  0.29741
334 0.186255 0.294196  0.519548
5195 0.13687 0.339345  0.523785
5921 0.215523 0.153037  0.63144
211 0.567048 0.0958273  0.337125
2493 0.0198737 0.656934  0.323192
3919 0.465904 0.168594  0.365502
244 0.508949 0.02201  0.469041
1357 0.319144 0.353335  0.327521
1462 0.490776 0.0472634  0.46196
1804 0.44436 0.287131  0.268509
3125 0.116748 0.331291  0.551961
2915 0.137868 0.399846  0.462286
6619 0.107887 0.762187  0.129926
3379 0.331926 0.321434  0.346641
7753 0.307843 0.381177  0.31098
461 0.600616 0.361572  0.0378121
1227 0.537402 0.450762  0.0118358
1109 0.508914 0.470243  0.0208431
3784 0.206788 0.288014  0.505198
314 0.375191 0.416555  0.208254
1119 0.311851 0.365428  0.322721
244 0.204636 0.254543  0.540821
3042 0.575874 0.13413  0.289996
314 0.440389 0.257348  0.302263
4439 0.488854 0.450659  0.0604869
108 0.337026 0.635629  0.0273457
1490 0.218514 0.0907098  0.690776
5874 0.205361 0.511699  0.28294
6975 0.396139 0.329859  0.274002
169 0.323075 0.0784537  0.598471
2723 0.0193228 0.419832  0.560845
730 0.270134 0.396028  0.333838
314 0.307073 0.248146  0.444781
488 0.0580878 0.575601  0.366311
1610 0.337567 0.359586  0.302847
522 0.441232 0.349927  0.208841
2508 0.399404 0.457182  0.143414
4616 0.618147 0.0480045  0.333849
1625 0.355663 0.384417  0.259921
3283 0.0530907 0.480659  0.466251
1537 0.19757 0.165101  0.637329
2293 0.356632 0.186014  0.457353
1709 0.269398 0.445137  0.285465
584 0.0814967 0.476011  0.442492
3356 0.0151033 0.276343  0.708553
522 0.36883 0.407459  0.223711
3866 0.843258 0.0984575  0.0582842
314 0.243736 0.360868  0.395396
7404 0.414081 0.293204  0.292715
3019 0.0192302 0.463128  0.517642
86 0.542498 0.130474  0.327028
2358 0.563145 0.156928  0.279927
108 0.264319 0.147562  0.588119
170 0.200066 0.639507  0.160428
314 0.557284 0.25496  0.187756
4854 0.232666 0.394652  0.372682
138 0.149027 0.342305  0.508668
2260 0.641074 0.204347  0.154579
156 0.492705 0.0565702  0.450725
3949 0.174375 0.44638  0.379245
5744 0.644096 0.253519  0.102385
338 0.427205 0.158091  0.414704
1521 0.0661589 0.52676  0.407081
6074 0.129489 0.149131  0.721381
2220 0.0931692 0.534156  0.372674
522 0.453858 0.470613  0.0755291
3008 0.350184 0.0201517  0.629664
1951 0.408388 0.118806  0.472806
191 0.619102 0.352619  0.0282794
522 0.369801 0.206865  0.423335
314 0.54612 0.410799  0.0430808
1155 0.367911 0.144594  0.487495
401 0.165173 0.469731  0.365096
264 0.371976 0.241332  0.386692
169 0.36295 0.126727  0.510323
2667 0.137258 0.443932  0.41881
1636 0.25334 0.152437  0.594224
5562 0.179587 0.579678  0.240735
6783 0.0902403 0.404806  0.504953
386 0.076932 0.131795  0.791273
314 0.153488 0.468727  0.377786
7639 0.943665 0.0250903  0.0312451
921 0.330596 0.390777  0.278627
538 0.0284406 0.482209  0.489351
2500 0.227148 0.548576  0.224275
138 0.354977 0.631437  0.0135859
5120 0.352439 0.271849  0.375712
720 0.31413 0.583531  0.102339
458 0.225184 0.677866  0.0969499
314 0.0214949 0.650517  0.327988
586 0.366489 0.244391  0.38912
3185 0.28706 0.636095  0.0768452
6976 0.448173 0.438385  0.113442
7309 0.391956 0.386653  0.221391
1009 0.254249 0.436772  0.308978
722 0.450435 0.268631  0.280935
839 0.516053 0.344627  0.139321
7111 0.289945 0.699396  0.0106597
1992 0.0958281 0.366316  0.537856
4410 0.565313 0.084458  0.350229
618 0.205331 0.61928  0.175389
3836 0.211023 0.403768  0.38521
7772 0.19499 0.171967  0.633043
1193 0.609343 0.206281  0.184376
1569 0.406978 0.163414  0.429608
862 0.5454 0.444399  0.0102009
314 0.232743 0.583329  0.183929
5458 0.401454 0.37437  0.224176
5783 0.434417 0.35771  0.207872
84 0.32754 0.24113  0.43133
402 0.108429 0.581725  0.309846
314 0.357999 0.36618  0.275822
122 0.584423 0.109484  0.306093
3311 0.549806 0.26605  0.184144
314 0.439868 0.147177  0.412955
2279 0.152147 0.650778  0.197074
7488 0.409049 0.247427  0.343525
4309 0.724817 0.185773  0.08941
314 0.678338 0.136969  0.184693
51 0.348834 0.397055  0.254111
6839 0.402034 0.548893  0.0490728
5546 0.0879296 0.43383  0.478241
2039 0.0193389 0.384035  0.596626
5858 0.345333 0.105588  0.549079
3914 0.69683 0.187307  0.115862
334 0.269951 0.0951927  0.634857
6012 0.495736 0.098916  0.405348
7029 0.180687 0.337795  0.481518
138 0.532591 0.410414  0.0569945
577 0.217819 0.0225979  0.759583
3634 0.276733 0.465985  0.257282
244 0.288309 0.0690104  0.642681
108 0.340535 0.332894  0.326571
1087 0.234853 0.117946  0.6472
1021 0.496413 0.0124109  0.491176
3185 0.345635 0.199283  0.455082
7253 0.406354 0.184442  0.409203
3974 0.298988 0.201711  0.499302
2253 0.419044 0.0734396  0.507516
138 0.418888 0.268891  0.312221
1721 0.0691954 0.71404  0.216765
3844 0.484392 0.0635902  0.452017
1537 0.296759 0.305812  0.39743
156 0.650846 0.164013  0.185142
6694 0.323996 0.582057  0.0939461
3581 0.208283 0.255391  0.536326
314 0.397091 0.432169  0.17074
1738 0.4081 0.430959  0.160941
85 0.446944 0.349571  0.203485
3229 0.117266 0.499274  0.38346
314 0.241173 0.258947  0.49988
244 0.680338 0.100787  0.218875
51 0.38205 0.28286  0.33509
845 0.578255 0.327922  0.093823
2042 0.675014 0.0766676  0.248319
488 0.23093 0.143752  0.625318
1381 0.385885 0.331488  0.282627
138 0.402116 0.0144336  0.583451
138 0.430503 0.503508  0.0659892
169 0.123241 0.410079  0.46668
4521 0.212595 0.139077  0.648328
212 0.381179 0.412808  0.206013
5831 0.158121 0.317765  0.524113
314 0.475912 0.120175  0.403913
387 0.235446 0.679545  0.0850082
430 0.154457 0.623855  0.221688
5119 0.142185 0.402232  0.455583
2462 0.330262 0.210117  0.45962
3759 0.272998 0.214734  0.512268
932 0.686825 0.134224  0.178951
314 0.567676 0.345195  0.0871284
522 0.4594 0.250073  0.290528
584 0.189261 0.341622  0.469117
85 0.330588 0.178269  0.491143
4209 0.0201685 0.454579  0.525253
955 0.354579 0.495519  0.149901
2184 0.209029 0.394985  0.395986
169 0.166407 0.611803  0.221791
43 0.333939 0.432491  0.23357
7757 0.412653 0.247266  0.34008
794 0.028383 0.42879  0.542827
944 0.0104768 0.761291  0.228233
314 0.414853 0.210465  0.374682
6613 0.0901553 0.570475  0.339369
314 0.361788 0.0805723  0.55764
244 0.0662444 0.427835  0.505921
4155 0.390277 0.424095  0.185628
219 0.383128 0.223759  0.393114
5634 0.147937 0.389838  0.462225
7112 0.338112 0.24953  0.412358
5082 0.274748 0.210371  0.514881
169 0.3919 0.304319  0.303781
1518 0.158248 0.489719  0.352034
2508 0.411389 0.301315  0.287296
2267 0.422423 0.207109  0.370469
233 0.239438 0.167002  0.59356
1494 0.654086 0.29962  0.0462931
7519 0.300401 0.286577  0.413022
7740 0.112854 0.404769  0.482377
2072 0.211624 0.342723  0.445653
3511 0.506636 0.122278  0.371086
2439 0.169404 0.324775  0.505821
4389 0.458992 0.0273876  0.51362
6426 0.691431 0.227952  0.0806171
170 0.0290113 0.468438  0.502551
1687 0.462608 0.225838  0.311554
5524 0.233344 0.293516  0.47314
3660 0.407948 0.407319  0.184733
4595 0.361843 0.343076  0.295081
314 0.389821 0.502466  0.107713
109 0.237649 0.669928  0.0924227
2582 0.418146 0.170588  0.411266
314 0.30041 0.294711  0.404879
6338 0.368084 0.316845  0.315072
7180 0.37625 0.0204715  0.603279
610 0.28691 0.442406  0.270684
839 0.39006 0.303462  0.306478
138 0.251856 0.250993  0.497151
4896 0.21496 0.305894  0.479147
5298 0.245506 0.445229  0.309265
5493 0.481501 0.23869  0.279809
4996 0.404485 0.204819  0.390695
314 0.422096 0.407411  0.170493
334 0.657406 0.19453  0.148064
2503 0.176638 0.344065  0.479297
6939 0.362831 0.120919  0.51625
169 0.292801 0.0861531  0.621046
43 0.189697 0.183385  0.626918
5852 0.360873 0.528211  0.110916
77 0.116861 0.386889  0.49625
169 0.545985 0.376791  0.0772242
6771 0.337183 0.195518  0.467299
1537 0.295576 0.111918  0.592506
4398 0.133059 0.579334  0.287607
5788 0.325226 0.329442  0.345332
1714 0.394225 0.190272  0.415503
314 0.200167 0.450978  0.348855
2462 0.396324 0.584558  0.0191186
3540 0.371997 0.188172  0.439831
3264 0.520122 0.420264  0.0596139
334 0.0699297 0.303531  0.626539
6301 0.141805 0.356141  0.502054
584 0.0775017 0.412602  0.509896
121 0.378612 0.252178  0.36921
314 0.0326781 0.599092  0.36823
3458 0.503107 0.149393  0.3475
335 0.147358 0.521587  0.331055
5597 0.321031 0.376634  0.302335
2249 0.774983 0.0717856  0.153231
7422 0.0896286 0.509326  0.401046
488 0.237122 0.419035  0.343843
1214 0.378991 0.388757  0.232252
1202 0.322515 0.297949  0.379536
6500 0.288099 0.24078  0.471121
1644 0.111839 0.449615  0.438545
314 0.260667 0.515817  0.223516
5090 0.230494 0.425795  0.343711
2509 0.763094 0.177815  0.0590908
314 0.15268 0.171622  0.675698
182 0.384792 0.457087  0.158122
1273 0.0419663 0.0484393  0.909594
370 0.766115 0.0845619  0.149323
398 0.301303 0.386894  0.311803
1989 0.213254 0.2212  0.565546
175 0.148137 0.513255  0.338607
7226 0.382882 0.491524  0.125594
138 0.330259 0.375216  0.294525
3816 0.490727 0.44456  0.0647128
1091 0.176649 0.344237  0.479115
4482 0.44074 0.37229  0.18697
488 0.512171 0.236418  0.251411
1021 0.378221 0.319819  0.30196
1228 0.291085 0.340669  0.368246
56 0.372303 0.0322769  0.59542
783 0.299704 0.073389  0.626907
488 0.218832 0.240327  0.540841
6219 0.0924832 0.504586  0.402931
314 0.101714 0.317792  0.580494
219 0.239107 0.402974  0.357918
271 0.0127728 0.852038  0.135189
2099 0.173793 0.373105  0.453102
6149 0.168627 0.387784  0.443589
5052 0.431039 0.127341  0.44162
154 0.414775 0.0678303  0.517395
1824 0.386295 0.415  0.198705
334 0.331429 0.320938  0.347632
6042 0.255964 0.399523  0.344513
170 0.408957 0.40639  0.184652
5389 0.788307 0.142291  0.0694025
2358 0.502468 0.27554  0.221992
7511 0.303714 0.32283  0.373456
670 0.296039 0.333929  0.370032
5120 0.201677 0.6505  0.147823
314 0.503317 0.0994948  0.397188
2874 0.275871 0.275203  0.448927
5547 0.437486 0.0102199  0.552294
7291 0.319058 0.303205  0.377738
85 0.328437 0.391568  0.279994
3511 0.45754 0.526807  0.0156531
250 0.417736 0.289557  0.292707
5390 0.337934 0.399225  0.262841
6571 0.841607 0.0149591  0.143434
1553 0.659836 0.262171  0.0779936
4888 0.256853 0.49622  0.246926
136 0.272205 0.34325  0.384544
1938 0.735192 0.183774  0.0810343
2949 0.393613 0.173568  0.43282
244 0.151658 0.199003  0.649339
6582 0.124105 0.492619  0.383276
334 0.338054 0.503069  0.158877
244 0.561037 0.375089  0.0638745
7863 0.262223 0.0393372  0.69844
5032 0.589079 0.279953  0.130967
415 0.139339 0.305908  0.554753
315 0.395128 0.528474  0.0763985
7821 0.507851 0.374107  0.118042
1611 0.656991 0.240127  0.102882
7549 0.290223 0.444382  0.265395
170 0.180211 0.685413  0.134375
138 0.361466 0.11815  0.520384
314 0.556848 0.343861  0.0992902
2579 0.25778 0.455418  0.286802
488 0.862346 0.0523662  0.0852879
488 0.220086 0.582195  0.197718
4244 0.37987 0.448996  0.171134
7507 0.49366 0.399353  0.106987
4256 0.3406 0.523099  0.136301
314 0.0977185 0.260115  0.642167
314 0.288989 0.298465  0.412546
7205 0.658778 0.254588  0.0866341
1537 0.347719 0.604795  0.0474858
5062 0.0769527 0.644157  0.27889
1173 0.305806 0.463524  0.230669
1956 0.46871 0.514638  0.0166523
1900 0.427399 0.081258  0.491343
3205 0.160974 0.583486  0.25554
169 0.0771869 0.634992  0.287821
5366 0.253299 0.10864  0.63806
2568 0.286122 0.384179  0.329699
170 0.622985 0.242395  0.13462
2217 0.273268 0.388675  0.338057
6308 0.502141 0.0682744  0.429584
1173 0.621233 0.0643186  0.314448
138 0.0284439 0.573164  0.398392
314 0.310322 0.635937  0.0537414
1854 0.601371 0.0662061  0.332423
170 0.26704 0.182595  0.550364
7124 0.506498 0.308601  0.184901
314 0.212598 0.22838  0.559021
488 0.484413 0.287303  0.228284
2503 0.438475 0.361285  0.20024
488 0.216782 0.23169  0.551528
170 0.144435 0.504257  0.351307
2340 0.404087 0.334934  0.260979
211 0.38133 0.127402  0.491268
2977 0.151394 0.18887  0.659736
314 0.335659 0.189121  0.47522
7511 0.143516 0.11893  0.737554
3984 0.322108 0.516457  0.161435
488 0.679035 0.158001  0.162963
314 0.500677 0.105041  0.394282
169 0.189081 0.673328  0.13759
1295 0.177262 0.310535  0.512203
314 0.679321 0.0832964  0.237382
138 0.252582 0.299743  0.447675
169 0.0312523 0.268137  0.70061
244 0.369212 0.346356  0.284432
314 0.312962 0.35111  0.335928
2568 0.0519728 0.470177  0.47785
28 0.394314 0.192118  0.413567
1240 0.454132 0.405005  0.140864
138 0.334259 0.37656  0.289181
2354 0.329688 0.362136  0.308176
7221 0.43489 0.378248  0.186862
1449 0.0787062 0.618633  0.302661
1308 0.416856 0.25638  0.326764
5469 0.448496 0.159141  0.392364
5671 0.124423 0.610383  0.265194
7450 0.279782 0.186086  0.534132
1340 0.095167 0.213081  0.691752
2568 0.614954 0.0795166  0.305529
314 0.52408 0.223996  0.251924
5234 0.187005 0.310088  0.502907
1644 0.345162 0.343435  0.311402
170 0.323065 0.2801  0.396835
2997 0.0547175 0.311669  0.633613
6046 0.213783 0.458354  0.327862
794 0.531744 0.199895  0.268361
7296 0.498616 0.186597  0.314787
7117 0.444536 0.475454  0.0800098
5756 0.406238 0.250127  0.343635
334 0.0280472 0.414358  0.557595
1059 0.409394 0.11294  0.477666
2357 0.0855068 0.509318  0.405175
3088 0.59409 0.109503  0.296407
108 0.254267 0.538825  0.206908
169 0.224059 0.390568  0.385374
334 0.305908 0.355188  0.338904
314 0.121343 0.370817  0.507839
244 0.0979634 0.44534  0.456696
641 0.208175 0.522295  0.26953
314 0.235685 0.401171  0.363144
5416 0.328804 0.490276  0.180919
314 0.512919 0.0752372  0.411843
7303 0.41455 0.423728  0.161722
999 0.197127 0.265026  0.537846
4372 0.58344 0.0237439  0.392816
6613 0.428657 0.313897  0.257446
3722 0.326833 0.196222  0.476945
6290 0.592704 0.31832  0.0889765
314 0.0398333 0.781684  0.178483
170 0.636781 0.122081  0.241138
3365 0.275551 0.387711  0.336738
701 0.278332 0.334409  0.387259
584 0.160791 0.480669  0.35854
51 0.252841 0.231787  0.515372
7143 0.303891 0.242494  0.453615
3460 0.130867 0.0386302  0.830502
488 0.511129 0.150152  0.338718
314 0.482655 0.40471  0.112635
1123 0.0761888 0.551211  0.3726
430 0.52463 0.467117  0.0082524
488 0.176247 0.500399  0.323354
7667 0.21714 0.0424172  0.740443
138 0.111724 0.289899  0.598376
522 0.336382 0.367289  0.29633
7404 0.674573 0.0514447  0.273982
6192 0.157591 0.118949  0.72346
314 0.708526 0.101598  0.189876
314 0.603628 0.344078  0.0522932
1173 0.0458538 0.572532  0.381614
169 0.226191 0.490618  0.28319
3891 0.447006 0.374772  0.178223
4953 0.245225 0.160786  0.59399
3089 0.0860249 0.789024  0.124951
4889 0.204636 0.55196  0.243404
4480 0.0392234 0.697114  0.263663
1630 0.122294 0.464497  0.413209
3650 0.438909 0.282202  0.278889
169 0.197096 0.19017  0.612734
3185 0.587577 0.240585  0.171838
6274 0.189445 0.405545  0.40501
314 0.0967819 0.468973  0.434245
6277 0.26405 0.0806312  0.655319
138 0.523391 0.0147022  0.461906
4144 0.358688 0.0531849  0.588127
2708 0.225315 0.446814  0.327872
314 0.271664 0.224595  0.503741
314 0.392598 0.195992  0.41141
1372 0.263556 0.290968  0.445476
1387 0.333661 0.212173  0.454167
2449 0.419622 0.467623  0.112755
1359 0.116733 0.711476  0.171791
1166 0.131193 0.17589  0.692917
259 0.088017 0.391679  0.520304
1302 0.281317 0.303836  0.414847
396 0.209511 0.404631  0.385859
3222 0.127178 0.450362  0.42246
6050 0.0254417 0.509874  0.464684
7663 0.243457 0.252326  0.504217
488 0.26275 0.223733  0.513517
6303 0.0781622 0.408762  0.513076
488 0.252742 0.479287  0.267971
4975 0.417164 0.44562  0.137216
840 0.380212 0.098262  0.521526
4261 0.233185 0.611254  0.155561
6651 0.41551 0.358936  0.225554
4444 0.226218 0.287853  0.485929
5668 0.313062 0.313582  0.373356
138 0.581454 0.104397  0.314149
584 0.316857 0.629101  0.0540414
6328 0.486049 0.198059  0.315893
57 0.0244718 0.666219  0.309309
7178 0.0648245 0.489646  0.445529
2002 0.184522 0.379865  0.435614
334 0.406614 0.185611  0.407775
7539 0.301691 0.15708  0.541229
2780 0.237481 0.51861  0.243909
2398 0.601478 0.136399  0.262124
5492 0.254298 0.505003  0.240699
1107 0.130232 0.331221  0.538547
7054 0.276145 0.712412  0.0114424
314 0.26065 0.0104261  0.728923
584 0.0903631 0.854153  0.0554837
169 0.349087 0.335047  0.315866
7181 0.111504 0.637156  0.251339
6409 0.309787 0.220573  0.46964
43 0.139473 0.561661  0.298867
488 0.593138 0.040586  0.366276
584 0.356615 0.303123  0.340263
314 0.362973 0.544746  0.0922802
488 0.209601 0.101792  0.688607
121 0.111198 0.387596  0.501206
334 0.260206 0.203134  0.536661
4836 0.21097 0.527385  0.261645
735 0.35829 0.370478  0.271232
244 0.223716 0.517127  0.259157
6161 0.10302 0.362593  0.534387
865 0.562663 0.4007  0.0366369
2885 0.885248 0.0149418  0.0998101
2947 0.319489 0.36349  0.317021
4967 0.264845 0.473336  0.261819
249 0.469842 0.325025  0.205132
3103 0.462566 0.0613475  0.476087
1173 0.058891 0.693681  0.247428
584 0.266239 0.60969  0.124071
314 0.327839 0.562741  0.10942
4122 0.128199 0.687524  0.184278
5953 0.187994 0.678935  0.133071
85 0.448808 0.261178  0.290014
2414 0.425279 0.0898076  0.484914
51 0.260837 0.173824  0.565339
1095 0.473376 0.301789  0.224835
2398 0.157537 0.134211  0.708251
314 0.436246 0.261444  0.30231
3627 0.197802 0.246355  0.555843
