213 0.317079 0.315942  0.366979
7266 0.208587 0.674232  0.117182
4678 0.311361 0.52615  0.162489
7358 0.56349 0.378139  0.0583701
869 0.392107 0.317653  0.29024
3609 0.249161 0.281145  0.469694
6247 0.500177 0.266669  0.233154
4558 0.144807 0.403118  0.452075
6084 0.353282 0.371656  0.275062
6002 0.141713 0.314677  0.54361
758 0.726958 0.151002  0.12204
4876 0.255556 0.0201677  0.724276
4598 0.450972 0.256939  0.292088
7502 0.380854 0.31117  0.307976
4717 0.423812 0.271373  0.304815
125 0.182414 0.593231  0.224355
4008 0.104131 0.501895  0.393974
6485 0.375347 0.333101  0.291552
916 0.452907 0.350358  0.196735
8538 0.30944 0.435263  0.255297
3706 0.45912 0.290104  0.250776
3595 0.4581 0.073103  0.468797
54 0.471302 0.412154  0.116544
1768 0.457326 0.473651  0.0690223
565 0.325945 0.393155  0.2809
1623 0.152871 0.725952  0.121177
4547 0.563873 0.423023  0.0131041
1441 0.236699 0.403643  0.359659
6670 0.127264 0.494823  0.377912
7360 0.507202 0.444899  0.0478986
4907 0.069727 0.297437  0.632836
1341 0.222873 0.199265  0.577862
3931 0.231186 0.471068  0.297746
4673 0.085763 0.564326  0.349911
4705 0.167426 0.372761  0.459813
4032 0.727663 0.178501  0.0938364
1507 0.421986 0.083332  0.494682
7576 0.342767 0.414667  0.242566
4934 0.450418 0.396526  0.153056
2170 0.323461 0.377452  0.299086
7449 0.51526 0.169886  0.314854
4561 0.148265 0.123428  0.728307
4079 0.307279 0.418691  0.27403
4035 0.234522 0.373927  0.391551
3688 0.0959416 0.625098  0.27896
7247 0.113942 0.332858  0.5532
4968 0.137919 0.316355  0.545726
6521 0.197402 0.244231  0.558366
8179 0.0741798 0.0667424  0.859078
5402 0.536619 0.326074  0.137307
1295 0.610926 0.291509  0.0975643
696 0.412594 0.165338  0.422069
7304 0.0329045 0.204099  0.762997
7538 0.43612 0.41637  0.14751
6206 0.373696 0.330341  0.295963
1455 0.50297 0.164968  0.332061
4703 0.0366333 0.922589  0.0407777
150 0.125391 0.475794  0.398815
3612 0.218174 0.645631  0.136195
1347 0.435364 0.0379961  0.52664
977 0.377436 0.227315  0.39525
7014 0.413367 0.32905  0.257583
5557 0.277974 0.334363  0.387663
249 0.195282 0.747633  0.0570854
7509 0.150352 0.395429  0.454218
6451 0.439923 0.360277  0.1998
7970 0.690035 0.0571219  0.252843
5365 0.447749 0.1707  0.381551
3589 0.537253 0.24394  0.218807
4914 0.0912063 0.478961  0.429833
2997 0.387189 0.217447  0.395365
4890 0.559835 0.222909  0.217256
6907 0.224765 0.40023  0.375005
7745 0.468129 0.24875  0.283121
4411 0.506549 0.474005  0.0194459
662 0.327183 0.365033  0.307785
654 0.329759 0.243138  0.427103
7864 0.530906 0.0504261  0.418668
6291 0.380758 0.460336  0.158907
1940 0.260573 0.179474  0.559953
5744 0.381834 0.0635743  0.554592
1003 0.737149 0.129465  0.133386
8180 0.495273 0.0786917  0.426036
6995 0.392127 0.0309046  0.576968
5447 0.400491 0.311539  0.287969
3103 0.347053 0.308292  0.344655
4930 0.455609 0.234177  0.310214
7459 0.0627295 0.53543  0.401841
7055 0.439938 0.513844  0.0462177
4125 0.597301 0.112193  0.290507
2314 0.0795741 0.068341  0.852085
4676 0.33912 0.445804  0.215076
7294 0.329178 0.476144  0.194679
5389 0.28082 0.386241  0.332939
4195 0.446467 0.195231  0.358302
1849 0.400939 0.395207  0.203854
7728 0.258911 0.474976  0.266112
8361 0.339648 0.406563  0.253789
1345 0.0673882 0.496104  0.436508
4170 0.273949 0.330877  0.395174
7376 0.255891 0.56518  0.178929
5158 0.575775 0.380211  0.0440144
7739 0.503644 0.0714445  0.424911
2608 0.107134 0.484553  0.408312
4933 0.224881 0.355132  0.419987
223 0.402643 0.468842  0.128515
7596 0.153231 0.121508  0.72526
4579 0.25779 0.405085  0.337126
7671 0.322604 0.115824  0.561572
4005 0.109258 0.420166  0.470576
1524 0.280554 0.307165  0.412281
7473 0.209199 0.389413  0.401388
51 0.410257 0.517331  0.0724119
4155 0.108499 0.493287  0.398214
4506 0.0197935 0.300531  0.679676
7418 0.206957 0.525516  0.267527
7704 0.460955 0.145355  0.393691
4578 0.341039 0.47708  0.18188
185 0.179818 0.399041  0.421141
1028 0.413881 0.274751  0.311368
6528 0.685594 0.290839  0.0235666
8475 0.430197 0.451668  0.118135
495 0.295212 0.370828  0.333961
878 0.426713 0.00671777  0.566569
6451 0.257636 0.222472  0.519892
4057 0.591281 0.375774  0.0329449
3564 0.286957 0.173648  0.539395
3599 0.516293 0.423187  0.0605196
6541 0.280117 0.685246  0.0346362
7372 0.364095 0.48004  0.155865
1527 0.38962 0.395795  0.214585
1777 0.304402 0.112948  0.582649
4936 0.371436 0.131593  0.496971
5953 0.326533 0.383848  0.289619
3254 0.186366 0.608158  0.205476
4039 0.327262 0.638736  0.0340022
2522 0.36644 0.355748  0.277812
6481 0.162468 0.665905  0.171627
4801 0.718606 0.183425  0.0979685
3108 0.414907 0.545038  0.0400552
3085 0.149328 0.76658  0.0840925
1015 0.114584 0.656549  0.228866
6951 0.430993 0.0336466  0.53536
7461 0.347288 0.253014  0.399698
4031 0.358218 0.35859  0.283193
7261 0.247356 0.0306656  0.721979
4932 0.366586 0.351588  0.281826
3302 0.0229112 0.503868  0.473221
3639 0.896745 0.0383333  0.0649213
6897 0.350599 0.287625  0.361776
4775 0.227567 0.255039  0.517394
4702 0.147713 0.444274  0.408013
7572 0.238785 0.447871  0.313344
5053 0.159238 0.560647  0.280115
8337 0.0576009 0.617324  0.325075
4454 0.147014 0.388478  0.464508
6722 0.256466 0.246962  0.496571
1249 0.7399 0.173215  0.0868856
5724 0.0107324 0.158194  0.831073
4930 0.512087 0.0947833  0.39313
1541 0.357561 0.353324  0.289114
7665 0.451921 0.0230895  0.52499
5817 0.306599 0.336959  0.356442
4417 0.393971 0.156217  0.449812
8279 0.356847 0.205746  0.437407
7900 0.497505 0.235942  0.266553
7029 0.463037 0.420667  0.116296
3774 0.159595 0.719429  0.120976
4145 0.399852 0.199921  0.400227
1605 0.415485 0.282502  0.302013
7235 0.211236 0.456297  0.332467
4916 0.554843 0.311856  0.133301
5114 0.040536 0.574345  0.385119
3556 0.157638 0.519547  0.322815
4516 0.385836 0.322533  0.291631
6450 0.565225 0.29445  0.140326
5862 0.419328 0.191174  0.389497
7926 0.110024 0.789055  0.100921
2993 0.164331 0.399241  0.436428
6303 0.699113 0.197931  0.102956
110 0.407294 0.198412  0.394294
3713 0.137409 0.645292  0.217299
4641 0.29933 0.0483009  0.652369
5709 0.163371 0.504483  0.332146
3609 0.200525 0.349807  0.449668
4454 0.0077725 0.324777  0.66745
3977 0.419884 0.221024  0.359092
6992 0.205708 0.562699  0.231593
6195 0.0512251 0.517263  0.431512
1786 0.423621 0.0346283  0.54175
1768 0.258811 0.280014  0.461176
105 0.355955 0.163551  0.480494
4981 0.234137 0.507592  0.258271
4060 0.388898 0.25806  0.353042
4751 0.303521 0.529922  0.166557
4763 0.353403 0.406642  0.239955
6554 0.348754 0.366634  0.284612
4988 0.473194 0.502664  0.0241421
7989 0.511825 0.0440389  0.444137
3535 0.384369 0.422671  0.19296
7959 0.331336 0.299031  0.369633
2260 0.168193 0.490987  0.34082
5057 0.290882 0.286213  0.422905
6496 0.18134 0.502484  0.316176
8128 0.360853 0.237672  0.401475
5936 0.222713 0.467163  0.310123
1404 0.386834 0.330341  0.282825
4355 0.290961 0.325384  0.383655
8486 0.464208 0.483772  0.0520199
973 0.560696 0.316168  0.123136
1772 0.030884 0.383655  0.585461
3606 0.330441 0.220714  0.448845
1506 0.0983934 0.300148  0.601459
4487 0.481082 0.230186  0.288732
7765 0.411985 0.334913  0.253102
4674 0.370185 0.580053  0.0497616
3642 0.0721327 0.803421  0.124447
4062 0.312271 0.147679  0.54005
4674 0.304649 0.361366  0.333984
4808 0.419081 0.518772  0.062147
7673 0.338882 0.340549  0.320569
5854 0.292081 0.482086  0.225832
3019 0.336368 0.33453  0.329102
7747 0.476754 0.248685  0.274561
4610 0.245002 0.613194  0.141803
2349 0.0601614 0.361401  0.578438
7371 0.18022 0.426034  0.393746
4733 0.453287 0.328011  0.218701
4931 0.309151 0.479293  0.211556
7728 0.153831 0.610984  0.235185
4782 0.297641 0.329174  0.373185
3995 0.511959 0.336028  0.152014
8288 0.227333 0.35973  0.412937
4706 0.00783555 0.404588  0.587576
1753 0.18892 0.320364  0.490715
8206 0.264316 0.402804  0.332881
7870 0.511517 0.261219  0.227264
4763 0.323652 0.171461  0.504887
5013 0.413191 0.577217  0.00959222
7258 0.169902 0.472918  0.35718
6460 0.490636 0.094804  0.41456
4689 0.072394 0.335369  0.592237
4718 0.367455 0.0500676  0.582477
6045 0.1887 0.44732  0.36398
8314 0.0978996 0.244906  0.657195
4716 0.132006 0.386409  0.481585
4208 0.468071 0.179753  0.352176
5739 0.490713 0.501027  0.00826007
2345 0.410879 0.450299  0.138822
4177 0.111936 0.443573  0.444491
2610 0.389296 0.332053  0.278651
5023 0.374898 0.20443  0.420672
1566 0.199684 0.25955  0.540765
3429 0.0688892 0.399439  0.531672
1892 0.529374 0.216714  0.253912
8341 0.258774 0.58344  0.157786
3582 0.567261 0.343594  0.089145
4642 0.44748 0.245074  0.307446
4646 0.48403 0.396572  0.119397
730 0.431861 0.366566  0.201573
762 0.294103 0.480628  0.225269
6411 0.400675 0.44583  0.153495
774 0.365271 0.352769  0.28196
7732 0.297115 0.321404  0.381481
4761 0.267362 0.62548  0.107159
6495 0.124585 0.473246  0.402169
8102 0.384724 0.332094  0.283182
4965 0.113965 0.431586  0.454449
4478 0.57105 0.383506  0.0454445
3802 0.063599 0.68647  0.249931
421 0.543358 0.0460042  0.410638
6850 0.395165 0.435427  0.169408
7981 0.234715 0.226279  0.539006
4655 0.512471 0.400778  0.0867507
4934 0.302415 0.437766  0.259818
4610 0.297549 0.320624  0.381827
4023 0.395464 0.190252  0.414284
6357 0.205698 0.53818  0.256123
6380 0.315097 0.470848  0.214055
4978 0.445963 0.0938035  0.460233
1898 0.265356 0.107127  0.627517
5401 0.0860878 0.498207  0.415706
924 0.332047 0.467235  0.200719
4499 0.497514 0.238606  0.26388
4553 0.757032 0.0759112  0.167057
2542 0.332916 0.422135  0.244948
4074 0.485557 0.380707  0.133736
5335 0.47953 0.147174  0.373296
4548 0.191829 0.327265  0.480906
4199 0.454562 0.440087  0.10535
678 0.374174 0.371013  0.254813
7774 0.399155 0.342769  0.258075
4664 0.135123 0.49892  0.365957
4608 0.6502 0.209126  0.140675
7277 0.38127 0.258153  0.360577
7447 0.621573 0.0100876  0.368339
3644 0.192351 0.602014  0.205635
145 0.172454 0.412507  0.415039
129 0.815543 0.0518745  0.132583
1496 0.169872 0.402903  0.427225
4034 0.398148 0.220202  0.38165
7761 0.740151 0.170549  0.0893
1024 0.237072 0.388479  0.374449
4765 0.185051 0.332469  0.482479
4842 0.584058 0.104517  0.311424
7808 0.276088 0.607517  0.116394
7444 0.708779 0.0975806  0.193641
1577 0.498058 0.379907  0.122035
7279 0.309664 0.525346  0.16499
8382 0.460894 0.398112  0.140994
5031 0.225855 0.31857  0.455575
8355 0.336111 0.252274  0.411615
412 0.439939 0.177657  0.382404
6898 0.119645 0.366154  0.514201
6103 0.551056 0.0154188  0.433525
4909 0.668537 0.04125  0.290213
5054 0.182935 0.392336  0.42473
124 0.115883 0.470899  0.413218
7407 0.383751 0.325593  0.290655
2155 0.238219 0.51395  0.247831
5654 0.159924 0.401155  0.438921
8395 0.688289 0.273538  0.0381726
5444 0.149747 0.292648  0.557605
389 0.661966 0.026815  0.311219
3795 0.351603 0.602827  0.0455697
6992 0.354955 0.39702  0.248025
2980 0.405429 0.492938  0.101633
7752 0.437641 0.417858  0.1445
6146 0.301571 0.29383  0.404599
2537 0.422446 0.188016  0.389538
1768 0.290027 0.170279  0.539694
7585 0.109974 0.451881  0.438145
4995 0.211927 0.41993  0.368142
4896 0.283716 0.262162  0.454122
4681 0.929703 0.0492765  0.0210204
222 0.193407 0.230842  0.575752
7194 0.332866 0.129808  0.537326
4585 0.205568 0.45212  0.342311
5700 0.256383 0.697625  0.0459913
1542 0.706454 0.0779486  0.215597
8123 0.507387 0.184375  0.308239
4920 0.386259 0.20386  0.409881
6497 0.546452 0.229966  0.223582
8361 0.258111 0.374261  0.367628
7503 0.28915 0.293362  0.417488
3604 0.314361 0.433298  0.252341
5833 0.352186 0.350123  0.297691
6429 0.163382 0.637074  0.199545
2818 0.446393 0.0561279  0.497479
7367 0.23147 0.115154  0.653375
922 0.257043 0.349775  0.393182
4895 0.584915 0.0797892  0.335296
664 0.492041 0.485025  0.022934
716 0.469369 0.0887039  0.441927
4138 0.376921 0.474624  0.148455
61 0.752667 0.0372094  0.210124
4687 0.145212 0.483412  0.371376
4560 0.333672 0.415443  0.250885
3566 0.20275 0.352135  0.445115
8360 0.654243 0.0453263  0.300431
282 0.170158 0.467291  0.362551
2154 0.27065 0.321174  0.408176
7272 0.316283 0.128469  0.555249
7551 0.511277 0.0737  0.415023
4591 0.446816 0.301284  0.2519
4649 0.333053 0.140876  0.526071
7230 0.684562 0.100411  0.215027
714 0.285861 0.38237  0.331769
1421 0.227245 0.34156  0.431195
6447 0.506801 0.140834  0.352366
7459 0.240241 0.380532  0.379227
208 0.0451187 0.113893  0.840988
5554 0.55638 0.0355846  0.408036
194 0.12428 0.518547  0.357173
2273 0.250274 0.229622  0.520104
4620 0.2361 0.38038  0.38352
197 0.023845 0.48168  0.494475
79 0.394861 0.363416  0.241722
4784 0.209437 0.375871  0.414692
1203 0.226305 0.533746  0.23995
5111 0.0568974 0.210491  0.732611
8167 0.531244 0.279382  0.189374
392 0.111876 0.430968  0.457157
7390 0.668576 0.150958  0.180466
184 0.401614 0.195295  0.403091
6328 0.359039 0.437229  0.203732
5927 0.453595 0.0458786  0.500527
1773 0.387396 0.181573  0.431031
5454 0.100146 0.243405  0.656449
8100 0.438916 0.513166  0.0479174
6612 0.0723557 0.315402  0.612242
3049 0.565228 0.353095  0.0816773
189 0.104694 0.64642  0.248886
119 0.315767 0.329695  0.354538
1787 0.10811 0.424085  0.467805
4301 0.328433 0.277242  0.394325
7328 0.0180708 0.786517  0.195413
769 0.376475 0.395444  0.228081
3043 0.550652 0.348727  0.100621
6495 0.447386 0.214894  0.33772
1321 0.360353 0.276332  0.363315
5754 0.240004 0.22078  0.539216
7275 0.676831 0.237443  0.0857263
7296 0.37413 0.413592  0.212278
4625 0.210332 0.138825  0.650842
6525 0.356386 0.160895  0.482719
6999 0.11359 0.380044  0.506365
3660 0.541924 0.023016  0.43506
7215 0.212814 0.490663  0.296522
7275 0.0547647 0.525976  0.419259
4455 0.0192124 0.424332  0.556455
7769 0.69288 0.274321  0.0327993
489 0.462439 0.501251  0.0363101
8366 0.273246 0.481094  0.24566
4945 0.0547239 0.392741  0.552535
1592 0.502769 0.149625  0.347606
5944 0.388493 0.0727252  0.538782
3537 0.364113 0.379654  0.256233
4530 0.303878 0.341974  0.354149
1871 0.268244 0.655156  0.0766006
2300 0.0365154 0.340352  0.623133
5077 0.3048 0.456245  0.238955
236 0.404881 0.388877  0.206242
6496 0.770576 0.18322  0.0462045
285 0.239903 0.180368  0.579729
1497 0.0711897 0.465153  0.463658
7665 0.325873 0.625447  0.0486793
1531 0.126842 0.400395  0.472764
6160 0.478907 0.0843925  0.4367
1688 0.124556 0.611433  0.26401
6454 0.0360641 0.608634  0.355302
4582 0.275766 0.426387  0.297848
283 0.19318 0.374716  0.432104
7457 0.433703 0.538399  0.0278983
8270 0.272651 0.229574  0.497775
3784 0.30775 0.56902  0.123231
6864 0.623439 0.152148  0.224413
8402 0.012263 0.450456  0.537281
8362 0.216042 0.320276  0.463682
7404 0.408834 0.370828  0.220337
1536 0.0723383 0.459522  0.46814
4431 0.128527 0.40444  0.467033
7177 0.299399 0.274467  0.426134
2929 0.249535 0.652671  0.0977939
1378 0.620168 0.0389816  0.34085
554 0.392862 0.223105  0.384033
4483 0.387223 0.387684  0.225093
7484 0.133654 0.471049  0.395297
7382 0.4664 0.0469687  0.486631
1592 0.57721 0.394647  0.028143
3934 0.311596 0.277847  0.410558
10 0.549106 0.0653804  0.385514
3794 0.396401 0.401409  0.202189
7456 0.574971 0.404489  0.0205398
3566 0.330722 0.301263  0.368016
1189 0.307289 0.501926  0.190785
1410 0.283798 0.343929  0.372273
583 0.0821325 0.278215  0.639652
303 0.140784 0.129965  0.72925
5407 0.282618 0.37101  0.346372
182 0.105134 0.376445  0.518421
3723 0.0117538 0.269393  0.718853
201 0.0697138 0.328617  0.601669
5010 0.43085 0.44378  0.12537
6501 0.0838355 0.657822  0.258342
7109 0.0676247 0.787425  0.14495
7261 0.37571 0.574641  0.0496486
5014 0.292231 0.440357  0.267412
1510 0.016781 0.855222  0.127997
4681 0.243327 0.309373  0.4473
4938 0.186526 0.0751985  0.738275
6741 0.676276 0.256236  0.0674884
6448 0.447243 0.220933  0.331824
4723 0.247758 0.150609  0.601633
1830 0.334345 0.502358  0.163297
6526 0.226469 0.426363  0.347168
2265 0.141677 0.464082  0.394241
1585 0.0744669 0.643508  0.282025
116 0.251701 0.0529801  0.695319
4769 0.327963 0.105487  0.56655
7414 0.323995 0.379096  0.296909
4780 0.599698 0.0240745  0.376227
4416 0.293471 0.655811  0.0507177
1675 0.0704697 0.164488  0.765043
3085 0.391554 0.141116  0.46733
5027 0.411394 0.338351  0.250255
167 0.396278 0.0209079  0.582814
5254 0.237435 0.691318  0.0712473
7149 0.458603 0.192429  0.348968
1769 0.345276 0.337339  0.317385
4033 0.120248 0.365913  0.513838
2237 0.439735 0.073124  0.487141
4980 0.677966 0.238735  0.0832992
904 0.341768 0.287298  0.370934
1984 0.250107 0.321397  0.428496
4615 0.0101953 0.510342  0.479463
3721 0.252379 0.390733  0.356888
230 0.4055 0.343411  0.251089
4646 0.370815 0.124203  0.504982
6701 0.676388 0.19762  0.125992
4977 0.291007 0.579973  0.129021
4523 0.0648444 0.515489  0.419666
7508 0.426835 0.248364  0.3248
6871 0.0559135 0.408866  0.535221
1647 0.373934 0.478697  0.147369
8253 0.377708 0.271591  0.350701
3484 0.133861 0.0328044  0.833335
4604 0.283206 0.652679  0.064115
4100 0.034371 0.530941  0.434688
4718 0.384409 0.0835836  0.532008
883 0.442781 0.474422  0.0827976
4757 0.403365 0.409409  0.187227
1894 0.147022 0.527611  0.325367
7744 0.491896 0.0226471  0.485457
6208 0.151777 0.793165  0.0550576
4567 0.361693 0.364198  0.274109
4468 0.303105 0.327549  0.369346
4533 0.337193 0.413721  0.249087
5635 0.215011 0.362698  0.422291
7072 0.411465 0.156646  0.431889
4957 0.452103 0.324011  0.223886
4619 0.699424 0.17931  0.121265
8499 0.597111 0.0481889  0.3547
7238 0.503661 0.280194  0.216145
5478 0.613473 0.119702  0.266825
2946 0.718244 0.0155357  0.26622
1125 0.0424372 0.491635  0.465928
6994 0.148377 0.578791  0.272832
3228 0.6668 0.223697  0.109503
6023 0.195439 0.363469  0.441092
6613 0.387495 0.212631  0.399874
5711 0.222719 0.41313  0.36415
7531 0.338886 0.437342  0.223772
7572 0.810689 0.112053  0.0772578
6993 0.2094 0.501045  0.289555
6360 0.255805 0.375964  0.36823
4816 0.254526 0.556037  0.189438
1567 0.0828273 0.0995551  0.817618
3564 0.786281 0.168367  0.045352
5978 0.122845 0.183309  0.693846
386 0.358907 0.262102  0.378991
5311 0.123654 0.503639  0.372707
6240 0.3272 0.360003  0.312797
1529 0.3839 0.221715  0.394385
4939 0.392332 0.268005  0.339663
4610 0.499222 0.440991  0.0597878
1565 0.402354 0.577248  0.0203974
5759 0.460826 0.431801  0.107374
503 0.474601 0.0943202  0.431079
8362 0.299061 0.304573  0.396365
4944 0.0780308 0.34684  0.575129
8350 0.200978 0.499648  0.299373
1339 0.336939 0.309131  0.35393
3623 0.577859 0.317656  0.104486
464 0.625768 0.197298  0.176934
5265 0.460713 0.158539  0.380748
6721 0.135472 0.496637  0.367891
2510 0.583196 0.283  0.133804
591 0.349385 0.340035  0.310581
6955 0.411849 0.257586  0.330564
7219 0.537623 0.180952  0.281426
4609 0.348515 0.379536  0.271949
4818 0.0983634 0.400486  0.50115
531 0.266254 0.352611  0.381135
6363 0.673407 0.20842  0.118174
592 0.0318518 0.398856  0.569292
3994 0.180716 0.513359  0.305925
7426 0.457503 0.20133  0.341167
4698 0.271965 0.392582  0.335452
3639 0.428978 0.267646  0.303376
229 0.0967574 0.753428  0.149814
6118 0.263704 0.417467  0.318829
7453 0.461477 0.307722  0.230801
7216 0.427096 0.424772  0.148132
6509 0.160638 0.602609  0.236754
283 0.468009 0.45961  0.0723814
1851 0.767378 0.140062  0.0925607
1590 0.549546 0.174656  0.275797
5233 0.439664 0.419035  0.141302
1780 0.634806 0.119786  0.245407
772 0.721291 0.250637  0.0280716
1051 0.597793 0.124072  0.278135
7645 0.286595 0.18231  0.531096
6565 0.720049 0.207395  0.0725559
7302 0.179283 0.0704712  0.750246
2835 0.420341 0.420796  0.158863
5410 0.256076 0.180437  0.563487
7744 0.551137 0.0921164  0.356746
4972 0.397 0.137205  0.465795
3234 0.080259 0.353903  0.565838
7212 0.202325 0.172327  0.625348
5746 0.261612 0.324533  0.413855
6927 0.632558 0.263924  0.103518
1799 0.420295 0.0816799  0.498025
279 0.0229623 0.702814  0.274224
7763 0.386067 0.563855  0.0500784
1534 0.435998 0.0923005  0.471701
4934 0.402967 0.316952  0.280081
7712 0.361448 0.271446  0.367106
1524 0.0235065 0.495459  0.481034
4571 0.369105 0.582604  0.0482911
6672 0.311637 0.277729  0.410633
4647 0.638537 0.159939  0.201524
3785 0.0101904 0.714868  0.274941
4522 0.541867 0.270212  0.187921
3056 0.124944 0.395581  0.479475
7640 0.518528 0.0861727  0.3953
2331 0.476697 0.436911  0.0863918
1449 0.317161 0.118711  0.564128
1756 0.438575 0.152108  0.409317
1564 0.0401399 0.569573  0.390287
4449 0.325786 0.495817  0.178398
7518 0.71132 0.154188  0.134491
2501 0.298689 0.401298  0.300013
1267 0.349382 0.444383  0.206235
7259 0.440422 0.161954  0.397624
4595 0.676925 0.272039  0.0510361
7757 0.365334 0.304274  0.330392
4564 0.318776 0.300236  0.380988
286 0.561085 0.300407  0.138507
6493 0.87753 0.0666821  0.0557878
6936 0.548973 0.395168  0.0558591
1528 0.0216535 0.31898  0.659367
7032 0.208278 0.350987  0.440735
5357 0.235431 0.436627  0.327942
31 0.365124 0.512108  0.122769
1546 0.616896 0.282217  0.100887
5457 0.353992 0.230602  0.415407
7252 0.245801 0.398919  0.355279
6573 0.0404294 0.253038  0.706533
4064 0.340925 0.17844  0.480635
5823 0.410272 0.267031  0.322697
1665 0.356109 0.430501  0.21339
8250 0.335214 0.338209  0.326577
7269 0.534038 0.277848  0.188114
3959 0.0264158 0.353975  0.619609
1827 0.206557 0.346859  0.446584
5810 0.377839 0.346877  0.275284
4642 0.105179 0.528702  0.366119
6611 0.0985678 0.42252  0.478912
5855 0.51353 0.20506  0.28141
1097 0.325182 0.617154  0.0576637
3357 0.281443 0.347772  0.370785
5152 0.51126 0.349335  0.139405
8424 0.310154 0.396043  0.293803
6240 0.380585 0.386851  0.232564
184 0.576395 0.407808  0.0157968
6100 0.0324567 0.302569  0.664975
2978 0.477296 0.205724  0.31698
4598 0.312428 0.462468  0.225104
6484 0.406932 0.113396  0.479672
6893 0.469932 0.153486  0.376582
3595 0.781071 0.0606495  0.158279
4411 0.175858 0.532592  0.29155
99 0.219006 0.436165  0.344829
8057 0.111076 0.150054  0.738871
262 0.372259 0.248331  0.37941
4585 0.163337 0.407458  0.429205
4919 0.199037 0.461462  0.339501
3367 0.40573 0.172726  0.421544
1519 0.287443 0.407784  0.304773
7368 0.0204527 0.614312  0.365235
4670 0.146839 0.731287  0.121874
4822 0.024461 0.406591  0.568948
6860 0.225577 0.459129  0.315294
3510 0.0156938 0.619672  0.364634
7976 0.332943 0.0568784  0.610179
4415 0.292489 0.187879  0.519632
1512 0.453237 0.11334  0.433423
8155 0.297918 0.526698  0.175384
104 0.419768 0.255433  0.324798
4665 0.324001 0.471408  0.204591
1632 0.385975 0.18949  0.424535
1686 0.0372164 0.487376  0.475407
4646 0.638032 0.145041  0.216926
4735 0.405895 0.232078  0.362027
8337 0.16762 0.692349  0.140031
7205 0.678516 0.0371198  0.284364
3560 0.262414 0.277825  0.459761
6522 0.20774 0.492106  0.300155
4785 0.326954 0.385455  0.28759
7363 0.256147 0.366667  0.377186
7415 0.14615 0.404311  0.449538
4763 0.561913 0.425324  0.0127633
807 0.162027 0.360896  0.477076
6694 0.46516 0.0386502  0.49619
7355 0.521951 0.166872  0.311178
6808 0.331938 0.233418  0.434644
6483 0.515276 0.161935  0.322788
597 0.0957222 0.597645  0.306633
2194 0.735856 0.100214  0.163931
1032 0.104036 0.0620538  0.83391
6717 0.414698 0.361723  0.223579
4464 0.686357 0.0745995  0.239044
2295 0.270819 0.0759687  0.653213
6104 0.460009 0.0632503  0.476741
865 0.198056 0.335073  0.466871
8277 0.302962 0.247852  0.449186
4689 0.0330187 0.803611  0.163371
4797 0.440774 0.247136  0.31209
4769 0.255847 0.261133  0.48302
1276 0.368869 0.308369  0.322762
1451 0.430928 0.534568  0.034504
7931 0.324256 0.199165  0.476579
1514 0.459415 0.192284  0.348301
6504 0.374889 0.560907  0.0642046
8548 0.166727 0.396796  0.436477
4800 0.43125 0.145079  0.423671
1574 0.153253 0.292152  0.554595
3689 0.231202 0.493798  0.275
4988 0.312897 0.632427  0.0546764
4704 0.315124 0.419145  0.265731
4031 0.0874853 0.70611  0.206404
119 0.465194 0.237396  0.29741
2751 0.186255 0.294196  0.519548
7312 0.13687 0.339345  0.523785
7467 0.215523 0.153037  0.63144
1401 0.567048 0.0958273  0.337125
5029 0.0198737 0.656934  0.323192
6678 0.465904 0.168594  0.365502
1500 0.508949 0.02201  0.469041
4595 0.319144 0.353335  0.327521
4610 0.490776 0.0472634  0.46196
4739 0.44436 0.287131  0.268509
5940 0.116748 0.331291  0.551961
5544 0.137868 0.399846  0.462286
7707 0.107887 0.762187  0.129926
6176 0.331926 0.321434  0.346641
8454 0.307843 0.381177  0.31098
3408 0.600616 0.361572  0.0378121
4561 0.537402 0.450762  0.0118358
4451 0.508914 0.470243  0.0208431
6564 0.206788 0.288014  0.505198
1679 0.375191 0.416555  0.208254
4454 0.311851 0.365428  0.322721
1459 0.204636 0.254543  0.540821
5860 0.575874 0.13413  0.289996
1753 0.440389 0.257348  0.302263
6977 0.488854 0.450659  0.0604869
246 0.337026 0.635629  0.0273457
4628 0.218514 0.0907098  0.690776
7461 0.205361 0.511699  0.28294
7831 0.396139 0.329859  0.274002
765 0.323075 0.0784537  0.598471
5359 0.0193228 0.419832  0.560845
3953 0.270134 0.396028  0.333838
2007 0.307073 0.248146  0.444781
3567 0.0580878 0.575601  0.366311
4680 0.337567 0.359586  0.302847
3603 0.441232 0.349927  0.208841
5038 0.399404 0.457182  0.143414
7075 0.618147 0.0480045  0.333849
4685 0.355663 0.384417  0.259921
6109 0.0530907 0.480659  0.466251
4649 0.19757 0.165101  0.637329
4921 0.356632 0.186014  0.457353
4712 0.269398 0.445137  0.285465
3719 0.0814967 0.476011  0.442492
6162 0.0151033 0.276343  0.708553
3616 0.36883 0.407459  0.223711
6637 0.843258 0.0984575  0.0582842
1730 0.243736 0.360868  0.395396
8259 0.414081 0.293204  0.292715
5827 0.0192302 0.463128  0.517642
218 0.542498 0.130474  0.327028
4937 0.563145 0.156928  0.279927
241 0.264319 0.147562  0.588119
1077 0.200066 0.639507  0.160428
2289 0.557284 0.25496  0.187756
7215 0.232666 0.394652  0.372682
422 0.149027 0.342305  0.508668
4908 0.641074 0.204347  0.154579
757 0.492705 0.0565702  0.450725
6698 0.174375 0.44638  0.379245
7446 0.644096 0.253519  0.102385
3079 0.427205 0.158091  0.414704
4643 0.0661589 0.52676  0.407081
7498 0.129489 0.149131  0.721381
4877 0.0931692 0.534156  0.372674
3609 0.453858 0.470613  0.0755291
5808 0.350184 0.0201517  0.629664
4771 0.408388 0.118806  0.472806
1348 0.619102 0.352619  0.0282794
3587 0.369801 0.206865  0.423335
1798 0.54612 0.410799  0.0430808
4479 0.367911 0.144594  0.487495
3255 0.165173 0.469731  0.365096
1525 0.371976 0.241332  0.386692
832 0.36295 0.126727  0.510323
5267 0.137258 0.443932  0.41881
4692 0.25334 0.152437  0.594224
7399 0.179587 0.579678  0.240735
7749 0.0902403 0.404806  0.504953
3177 0.076932 0.131795  0.791273
1719 0.153488 0.468727  0.377786
8346 0.943665 0.0250903  0.0312451
4110 0.330596 0.390777  0.278627
3629 0.0284406 0.482209  0.489351
5032 0.227148 0.548576  0.224275
715 0.354977 0.631437  0.0135859
7285 0.352439 0.271849  0.375712
3949 0.31413 0.583531  0.102339
3400 0.225184 0.677866  0.0969499
1720 0.0214949 0.650517  0.327988
3765 0.366489 0.244391  0.38912
6016 0.28706 0.636095  0.0768452
7832 0.448173 0.438385  0.113442
8158 0.391956 0.386653  0.221391
4320 0.254249 0.436772  0.308978
3950 0.450435 0.268631  0.280935
4035 0.516053 0.344627  0.139321
7969 0.289945 0.699396  0.0106597
4777 0.0958281 0.366316  0.537856
6955 0.565313 0.084458  0.350229
3842 0.205331 0.61928  0.175389
6613 0.211023 0.403768  0.38521
8476 0.19499 0.171967  0.633043
4551 0.609343 0.206281  0.184376
4671 0.406978 0.163414  0.429608
4051 0.5454 0.444399  0.0102009
2236 0.232743 0.583329  0.183929
7373 0.401454 0.37437  0.224176
7453 0.434417 0.35771  0.207872
166 0.32754 0.24113  0.43133
3282 0.108429 0.581725  0.309846
2365 0.357999 0.36618  0.275822
308 0.584423 0.109484  0.306093
6129 0.549806 0.26605  0.184144
2341 0.439868 0.147177  0.412955
4915 0.152147 0.650778  0.197074
8300 0.409049 0.247427  0.343525
6889 0.724817 0.185773  0.08941
1853 0.678338 0.136969  0.184693
117 0.348834 0.397055  0.254111
7762 0.402034 0.548893  0.0490728
7396 0.0879296 0.43383  0.478241
4782 0.0193389 0.384035  0.596626
7460 0.345333 0.105588  0.549079
6675 0.69683 0.187307  0.115862
3063 0.269951 0.0951927  0.634857
7483 0.495736 0.098916  0.405348
7872 0.180687 0.337795  0.481518
371 0.532591 0.410414  0.0569945
3662 0.217819 0.0225979  0.759583
6471 0.276733 0.465985  0.257282
1509 0.288309 0.0690104  0.642681
254 0.340535 0.332894  0.326571
4434 0.234853 0.117946  0.6472
4392 0.496413 0.0124109  0.491176
6016 0.345635 0.199283  0.455082
8104 0.406354 0.184442  0.409203
6702 0.298988 0.201711  0.499302
4904 0.419044 0.0734396  0.507516
510 0.418888 0.268891  0.312221
4715 0.0691954 0.71404  0.216765
6621 0.484392 0.0635902  0.452017
4648 0.296759 0.305812  0.39743
754 0.650846 0.164013  0.185142
7736 0.323996 0.582057  0.0939461
6453 0.208283 0.255391  0.536326
1962 0.397091 0.432169  0.17074
4718 0.4081 0.430959  0.160941
175 0.446944 0.349571  0.203485
6065 0.117266 0.499274  0.38346
2464 0.241173 0.258947  0.49988
1465 0.680338 0.100787  0.218875
124 0.38205 0.28286  0.33509
4041 0.578255 0.327922  0.093823
4782 0.675014 0.0766676  0.248319
3488 0.23093 0.143752  0.625318
4601 0.385885 0.331488  0.282627
481 0.402116 0.0144336  0.583451
611 0.430503 0.503508  0.0659892
775 0.123241 0.410079  0.46668
7025 0.212595 0.139077  0.648328
1404 0.381179 0.412808  0.206013
7458 0.158121 0.317765  0.524113
1944 0.475912 0.120175  0.403913
3179 0.235446 0.679545  0.0850082
3338 0.154457 0.623855  0.221688
7284 0.142185 0.402232  0.455583
5008 0.330262 0.210117  0.45962
6536 0.272998 0.214734  0.512268
4122 0.686825 0.134224  0.178951
1778 0.567676 0.345195  0.0871284
3585 0.4594 0.250073  0.290528
3703 0.189261 0.341622  0.469117
180 0.330588 0.178269  0.491143
6795 0.0201685 0.454579  0.525253
4146 0.354579 0.495519  0.149901
4842 0.209029 0.394985  0.395986
802 0.166407 0.611803  0.221791
68 0.333939 0.432491  0.23357
8463 0.412653 0.247266  0.34008
3997 0.028383 0.42879  0.542827
4136 0.0104768 0.761291  0.228233
2301 0.414853 0.210465  0.374682
7704 0.0901553 0.570475  0.339369
1677 0.361788 0.0805723  0.55764
1515 0.0662444 0.427835  0.505921
6756 0.390277 0.424095  0.185628
1416 0.383128 0.223759  0.393114
7422 0.147937 0.389838  0.462225
7970 0.338112 0.24953  0.412358
7272 0.274748 0.210371  0.514881
879 0.3919 0.304319  0.303781
4642 0.158248 0.489719  0.352034
5056 0.411389 0.301315  0.287296
4912 0.422423 0.207109  0.370469
1423 0.239438 0.167002  0.59356
4635 0.654086 0.29962  0.0462931
8312 0.300401 0.286577  0.413022
8419 0.112854 0.404769  0.482377
4787 0.211624 0.342723  0.445653
6347 0.506636 0.122278  0.371086
4981 0.169404 0.324775  0.505821
6940 0.458992 0.0273876  0.51362
7573 0.691431 0.227952  0.0806171
1060 0.0290113 0.468438  0.502551
4709 0.462608 0.225838  0.311554
7391 0.233344 0.293516  0.47314
6481 0.407948 0.407319  0.184733
7068 0.361843 0.343076  0.295081
1568 0.389821 0.502466  0.107713
255 0.237649 0.669928  0.0924227
5152 0.418146 0.170588  0.411266
2324 0.30041 0.294711  0.404879
7532 0.368084 0.316845  0.315072
8029 0.37625 0.0204715  0.603279
3800 0.28691 0.442406  0.270684
4035 0.39006 0.303462  0.306478
707 0.251856 0.250993  0.497151
7224 0.21496 0.305894  0.479147
7329 0.245506 0.445229  0.309265
7381 0.481501 0.23869  0.279809
7243 0.404485 0.204819  0.390695
1660 0.422096 0.407411  0.170493
2834 0.657406 0.19453  0.148064
5034 0.176638 0.344065  0.479297
7802 0.362831 0.120919  0.51625
955 0.292801 0.0861531  0.621046
56 0.189697 0.183385  0.626918
7459 0.360873 0.528211  0.110916
163 0.116861 0.386889  0.49625
832 0.545985 0.376791  0.0772242
7746 0.337183 0.195518  0.467299
4648 0.295576 0.111918  0.592506
6946 0.133059 0.579334  0.287607
7454 0.325226 0.329442  0.345332
4714 0.394225 0.190272  0.415503
1685 0.200167 0.450978  0.348855
4996 0.396324 0.584558  0.0191186
6386 0.371997 0.188172  0.439831
6096 0.520122 0.420264  0.0596139
3060 0.0699297 0.303531  0.626539
7524 0.141805 0.356141  0.502054
3744 0.0775017 0.412602  0.509896
279 0.378612 0.252178  0.36921
1617 0.0326781 0.599092  0.36823
6242 0.503107 0.149393  0.3475
3073 0.147358 0.521587  0.331055
7409 0.321031 0.376634  0.302335
4902 0.774983 0.0717856  0.153231
8272 0.0896286 0.509326  0.401046
3551 0.237122 0.419035  0.343843
4558 0.378991 0.388757  0.232252
4553 0.322515 0.297949  0.379536
7654 0.288099 0.24078  0.471121
4700 0.111839 0.449615  0.438545
1742 0.260667 0.515817  0.223516
7274 0.230494 0.425795  0.343711
5059 0.763094 0.177815  0.0590908
2280 0.15268 0.171622  0.675698
1331 0.384792 0.457087  0.158122
4578 0.0419663 0.0484393  0.909594
3114 0.766115 0.0845619  0.149323
3233 0.301303 0.386894  0.311803
4777 0.213254 0.2212  0.565546
1327 0.148137 0.513255  0.338607
8077 0.382882 0.491524  0.125594
625 0.330259 0.375216  0.294525
6595 0.490727 0.44456  0.0647128
4437 0.176649 0.344237  0.479115
6999 0.44074 0.37229  0.18697
3569 0.512171 0.236418  0.251411
4352 0.378221 0.319819  0.30196
4561 0.291085 0.340669  0.368246
134 0.372303 0.0322769  0.59542
3991 0.299704 0.073389  0.626907
3573 0.218832 0.240327  0.540841
7516 0.0924832 0.504586  0.402931
2598 0.101714 0.317792  0.580494
1416 0.239107 0.402974  0.357918
1528 0.0127728 0.852038  0.135189
4793 0.173793 0.373105  0.453102
7507 0.168627 0.387784  0.443589
7262 0.431039 0.127341  0.44162
746 0.414775 0.0678303  0.517395
4747 0.386295 0.415  0.198705
3048 0.331429 0.320938  0.347632
7490 0.255964 0.399523  0.344513
1072 0.408957 0.40639  0.184652
7358 0.788307 0.142291  0.0694025
4936 0.502468 0.27554  0.221992
8310 0.303714 0.32283  0.373456
3927 0.296039 0.333929  0.370032
7285 0.201677 0.6505  0.147823
1676 0.503317 0.0994948  0.397188
5457 0.275871 0.275203  0.448927
7397 0.437486 0.0102199  0.552294
8143 0.319058 0.303205  0.377738
197 0.328437 0.391568  0.279994
6346 0.45754 0.526807  0.0156531
1519 0.417736 0.289557  0.292707
7358 0.337934 0.399225  0.262841
7681 0.841607 0.0149591  0.143434
4656 0.659836 0.262171  0.0779936
7223 0.256853 0.49622  0.246926
356 0.272205 0.34325  0.384544
4770 0.735192 0.183774  0.0810343
5702 0.393613 0.173568  0.43282
1464 0.151658 0.199003  0.649339
7689 0.124105 0.492619  0.383276
3063 0.338054 0.503069  0.158877
1444 0.561037 0.375089  0.0638745
8572 0.262223 0.0393372  0.69844
7254 0.589079 0.279953  0.130967
3320 0.139339 0.305908  0.554753
2688 0.395128 0.528474  0.0763985
8526 0.507851 0.374107  0.118042
4681 0.656991 0.240127  0.102882
8326 0.290223 0.444382  0.265395
1236 0.180211 0.685413  0.134375
720 0.361466 0.11815  0.520384
1755 0.556848 0.343861  0.0992902
5145 0.25778 0.455418  0.286802
3570 0.862346 0.0523662  0.0852879
3436 0.220086 0.582195  0.197718
6835 0.37987 0.448996  0.171134
8309 0.49366 0.399353  0.106987
6851 0.3406 0.523099  0.136301
1794 0.0977185 0.260115  0.642167
2639 0.288989 0.298465  0.412546
8051 0.658778 0.254588  0.0866341
4652 0.347719 0.604795  0.0474858
7265 0.0769527 0.644157  0.27889
4514 0.305806 0.463524  0.230669
4772 0.46871 0.514638  0.0166523
4763 0.427399 0.081258  0.491343
6047 0.160974 0.583486  0.25554
830 0.0771869 0.634992  0.287821
7354 0.253299 0.10864  0.63806
5082 0.286122 0.384179  0.329699
1133 0.622985 0.242395  0.13462
4876 0.273268 0.388675  0.338057
7525 0.502141 0.0682744  0.429584
4537 0.621233 0.0643186  0.314448
610 0.0284439 0.573164  0.398392
1722 0.310322 0.635937  0.0537414
4757 0.601371 0.0662061  0.332423
1311 0.26704 0.182595  0.550364
7977 0.506498 0.308601  0.184901
1631 0.212598 0.22838  0.559021
3482 0.484413 0.287303  0.228284
5033 0.438475 0.361285  0.20024
3517 0.216782 0.23169  0.551528
1248 0.144435 0.504257  0.351307
4932 0.404087 0.334934  0.260979
1397 0.38133 0.127402  0.491268
5729 0.151394 0.18887  0.659736
1740 0.335659 0.189121  0.47522
8310 0.143516 0.11893  0.737554
6704 0.322108 0.516457  0.161435
3570 0.679035 0.158001  0.162963
1576 0.500677 0.105041  0.394282
1018 0.189081 0.673328  0.13759
4582 0.177262 0.310535  0.512203
2277 0.679321 0.0832964  0.237382
723 0.252582 0.299743  0.447675
813 0.0312523 0.268137  0.70061
1458 0.369212 0.346356  0.284432
1747 0.312962 0.35111  0.335928
5101 0.0519728 0.470177  0.47785
38 0.394314 0.192118  0.413567
4568 0.454132 0.405005  0.140864
564 0.334259 0.37656  0.289181
4934 0.329688 0.362136  0.308176
8072 0.43489 0.378248  0.186862
4609 0.0787062 0.618633  0.302661
4587 0.416856 0.25638  0.326764
7375 0.448496 0.159141  0.392364
7432 0.124423 0.610383  0.265194
8281 0.279782 0.186086  0.534132
4594 0.095167 0.213081  0.691752
5096 0.614954 0.0795166  0.305529
1628 0.52408 0.223996  0.251924
7319 0.187005 0.310088  0.502907
4702 0.345162 0.343435  0.311402
1307 0.323065 0.2801  0.396835
5748 0.0547175 0.311669  0.633613
7490 0.213783 0.458354  0.327862
4010 0.531744 0.199895  0.268361
8148 0.498616 0.186597  0.314787
7972 0.444536 0.475454  0.0800098
7448 0.406238 0.250127  0.343635
2951 0.0280472 0.414358  0.557595
4420 0.409394 0.11294  0.477666
4934 0.0855068 0.509318  0.405175
5903 0.59409 0.109503  0.296407
244 0.254267 0.538825  0.206908
1023 0.224059 0.390568  0.385374
2778 0.305908 0.355188  0.338904
1693 0.121343 0.370817  0.507839
1501 0.0979634 0.44534  0.456696
3913 0.208175 0.522295  0.26953
1659 0.235685 0.401171  0.363144
7366 0.328804 0.490276  0.180919
2546 0.512919 0.0752372  0.411843
8154 0.41455 0.423728  0.161722
4292 0.197127 0.265026  0.537846
6933 0.58344 0.0237439  0.392816
7703 0.428657 0.313897  0.257446
6502 0.326833 0.196222  0.476945
7523 0.592704 0.31832  0.0889765
2589 0.0398333 0.781684  0.178483
1200 0.636781 0.122081  0.241138
6167 0.275551 0.387711  0.336738
3939 0.278332 0.334409  0.387259
3739 0.160791 0.480669  0.35854
125 0.252841 0.231787  0.515372
7990 0.303891 0.242494  0.453615
6248 0.130867 0.0386302  0.830502
3500 0.511129 0.150152  0.338718
1550 0.482655 0.40471  0.112635
4455 0.0761888 0.551211  0.3726
3338 0.52463 0.467117  0.0082524
3572 0.176247 0.500399  0.323354
8359 0.21714 0.0424172  0.740443
388 0.111724 0.289899  0.598376
3592 0.336382 0.367289  0.29633
8259 0.674573 0.0514447  0.273982
7513 0.157591 0.118949  0.72346
2327 0.708526 0.101598  0.189876
1775 0.603628 0.344078  0.0522932
4487 0.0458538 0.572532  0.381614
936 0.226191 0.490618  0.28319
6661 0.447006 0.374772  0.178223
7237 0.245225 0.160786  0.59399
5904 0.0860249 0.789024  0.124951
7223 0.204636 0.55196  0.243404
6998 0.0392234 0.697114  0.263663
4688 0.122294 0.464497  0.413209
6477 0.438909 0.282202  0.278889
804 0.197096 0.19017  0.612734
6012 0.587577 0.240585  0.171838
7522 0.189445 0.405545  0.40501
1775 0.0967819 0.468973  0.434245
7522 0.26405 0.0806312  0.655319
695 0.523391 0.0147022  0.461906
6748 0.358688 0.0531849  0.588127
5346 0.225315 0.446814  0.327872
2043 0.271664 0.224595  0.503741
2111 0.392598 0.195992  0.41141
4599 0.263556 0.290968  0.445476
4602 0.333661 0.212173  0.454167
4988 0.419622 0.467623  0.112755
4596 0.116733 0.711476  0.171791
4483 0.131193 0.17589  0.692917
1524 0.088017 0.391679  0.520304
4583 0.281317 0.303836  0.414847
3202 0.209511 0.404631  0.385859
6057 0.127178 0.450362  0.42246
7491 0.0254417 0.509874  0.464684
8358 0.243457 0.252326  0.504217
3505 0.26275 0.223733  0.513517
7524 0.0781622 0.408762  0.513076
3500 0.252742 0.479287  0.267971
7240 0.417164 0.44562  0.137216
4036 0.380212 0.098262  0.521526
6854 0.233185 0.611254  0.155561
7718 0.41551 0.358936  0.225554
6980 0.226218 0.287853  0.485929
7431 0.313062 0.313582  0.373356
452 0.581454 0.104397  0.314149
3715 0.316857 0.629101  0.0540414
7528 0.486049 0.198059  0.315893
145 0.0244718 0.666219  0.309309
8027 0.0648245 0.489646  0.445529
4778 0.184522 0.379865  0.435614
2910 0.406614 0.185611  0.407775
8324 0.301691 0.15708  0.541229
5401 0.237481 0.51861  0.243909
4957 0.601478 0.136399  0.262124
7380 0.254298 0.505003  0.240699
4448 0.130232 0.331221  0.538547
7899 0.276145 0.712412  0.0114424
1783 0.26065 0.0104261  0.728923
3738 0.0903631 0.854153  0.0554837
1026 0.349087 0.335047  0.315866
8030 0.111504 0.637156  0.251339
7565 0.309787 0.220573  0.46964
63 0.139473 0.561661  0.298867
3493 0.593138 0.040586  0.366276
3738 0.356615 0.303123  0.340263
1783 0.362973 0.544746  0.0922802
3570 0.209601 0.101792  0.688607
275 0.111198 0.387596  0.501206
2948 0.260206 0.203134  0.536661
7209 0.21097 0.527385  0.261645
3956 0.35829 0.370478  0.271232
1504 0.223716 0.517127  0.259157
7509 0.10302 0.362593  0.534387
4054 0.562663 0.4007  0.0366369
5483 0.885248 0.0149418  0.0998101
5687 0.319489 0.36349  0.317021
7239 0.264845 0.473336  0.261819
1519 0.469842 0.325025  0.205132
