2927 0.239636 0.356263  0.404101
4821 0.207922 0.424824  0.367254
193 0.445786 0.343665  0.21055
3249 0.182862 0.216123  0.601014
566 0.0839386 0.439446  0.476616
5733 0.0117637 0.356361  0.631875
1257 0.1771 0.220634  0.602266
5517 0.132984 0.488121  0.378894
5125 0.388454 0.0814822  0.530063
4372 0.364952 0.331238  0.30381
453 0.217806 0.549827  0.232367
5828 0.310338 0.204837  0.484825
2718 0.332904 0.342414  0.324682
2811 0.479004 0.438952  0.0820438
652 0.376908 0.223532  0.399561
150 0.349276 0.353331  0.297392
1919 0.503219 0.148518  0.348263
6079 0.423209 0.109838  0.466953
1241 0.243262 0.286695  0.470043
2485 0.255429 0.382134  0.362437
4707 0.317144 0.644734  0.0381219
5521 0.445567 0.219757  0.334676
5738 0.44249 0.455855  0.101654
5183 0.313516 0.587287  0.0991972
2781 0.5912 0.317269  0.0915311
5371 0.589625 0.114364  0.296011
1880 0.436662 0.0919169  0.471421
3887 0.172772 0.34952  0.477708
2658 0.0555565 0.0982913  0.846152
183 0.369327 0.369326  0.261347
4797 0.0703846 0.357907  0.571708
5646 0.541909 0.187723  0.270368
83 0.336693 0.226394  0.436913
550 0.311439 0.413629  0.274932
1331 0.385607 0.340771  0.273622
2012 0.236002 0.340879  0.423119
4419 0.322488 0.596133  0.081379
2994 0.514715 0.408951  0.0763334
929 0.31328 0.34284  0.34388
3847 0.699743 0.111998  0.188259
6140 0.00668688 0.582472  0.410841
1577 0.390967 0.279251  0.329781
4973 0.0137882 0.357618  0.628594
3961 0.209644 0.201454  0.588902
3067 0.18236 0.600015  0.217624
5547 0.303928 0.319123  0.376949
134 0.107629 0.0961748  0.796196
2659 0.372888 0.375473  0.251638
4114 0.544493 0.400986  0.0545213
5875 0.242614 0.677968  0.0794182
1968 0.14086 0.282104  0.577036
3321 0.39636 0.271948  0.331692
4729 0.516742 0.443897  0.0393602
2829 0.733156 0.0968978  0.169946
2541 0.0437211 0.244908  0.711371
3269 0.124974 0.696782  0.178244
6121 0.334364 0.414468  0.251168
4713 0.388836 0.309904  0.30126
5024 0.03384 0.254173  0.711987
28 0.223891 0.22364  0.552468
6014 0.30013 0.142323  0.557548
5621 0.101064 0.310207  0.588729
1331 0.618303 0.0597327  0.321964
2918 0.130157 0.524985  0.344858
5934 0.527701 0.224429  0.24787
3571 0.516361 0.146353  0.337286
1437 0.385878 0.0790681  0.535054
4922 0.275869 0.513328  0.210803
2899 0.165562 0.76161  0.0728275
5869 0.429094 0.333891  0.237015
5450 0.269876 0.533829  0.196295
5069 0.406878 0.126516  0.466606
1313 0.387537 0.587698  0.0247659
5511 0.128544 0.0315919  0.839864
1566 0.117277 0.412373  0.47035
3310 0.43774 0.0801699  0.48209
2812 0.333477 0.366421  0.300102
1207 0.531036 0.125665  0.343299
3103 0.410191 0.436546  0.153263
5342 0.0941008 0.821794  0.0841051
2953 0.131944 0.393012  0.475044
4638 0.171439 0.115977  0.712584
4504 0.39664 0.013001  0.590359
5909 0.122442 0.119764  0.757793
1639 0.16489 0.436871  0.39824
1782 0.225428 0.386708  0.387864
662 0.301953 0.547483  0.150564
3299 0.482523 0.368289  0.149188
4658 0.495126 0.0616369  0.443237
1787 0.465588 0.255296  0.279116
2738 0.571926 0.134513  0.293561
4253 0.291221 0.356976  0.351803
25 0.353612 0.134096  0.512292
5551 0.431957 0.128545  0.439498
5554 0.322786 0.14319  0.534024
1113 0.228365 0.545002  0.226633
5364 0.463607 0.258682  0.277711
6139 0.331305 0.485884  0.182811
3653 0.120622 0.471862  0.407517
495 0.138281 0.209414  0.652305
4529 0.350774 0.121679  0.527547
5025 0.391885 0.157944  0.450171
4299 0.245396 0.563983  0.190621
3353 0.426227 0.423789  0.149985
4604 0.295294 0.247532  0.457174
5219 0.385789 0.356988  0.257222
1835 0.135303 0.535002  0.329695
4085 0.282838 0.482507  0.234656
4694 0.444269 0.233509  0.322222
3352 0.605126 0.262383  0.132491
169 0.152808 0.659815  0.187377
5304 0.344964 0.345393  0.309643
3004 0.170198 0.400133  0.429669
4929 0.310751 0.480794  0.208455
3304 0.313307 0.275109  0.411585
3655 0.221119 0.118101  0.660781
2869 0.0257528 0.237226  0.737021
2702 0.0759999 0.475966  0.448034
3889 0.31788 0.334505  0.347615
5137 0.0317762 0.350731  0.617493
4661 0.101784 0.384372  0.513844
1565 0.285653 0.235391  0.478956
1514 0.565981 0.0214391  0.41258
4649 0.154874 0.53245  0.312676
3507 0.464675 0.231244  0.304081
1364 0.784566 0.0581738  0.157261
3331 0.0458994 0.227775  0.726326
4898 0.466025 0.207225  0.32675
1012 0.275162 0.10347  0.621368
33 0.0131136 0.0946845  0.892202
3897 0.204274 0.418147  0.377579
5056 0.0225082 0.416021  0.561471
3910 0.120402 0.579856  0.299742
5287 0.166767 0.349493  0.48374
3637 0.19626 0.448215  0.355525
43 0.179552 0.357786  0.462662
5235 0.498488 0.0353714  0.466141
1429 0.377667 0.170314  0.452019
5229 0.13943 0.243586  0.616984
5936 0.140701 0.622423  0.236876
298 0.377803 0.528791  0.0934055
1354 0.233775 0.310205  0.45602
3487 0.461982 0.364605  0.173413
5160 0.496392 0.418803  0.0848052
1499 0.36108 0.350574  0.288347
3545 0.129168 0.197875  0.672957
5529 0.195014 0.412166  0.39282
3958 0.40446 0.389034  0.206506
2102 0.0368749 0.637137  0.325988
3171 0.0723893 0.818563  0.109048
3940 0.413662 0.42509  0.161248
1135 0.411585 0.246996  0.341419
4551 0.23383 0.304177  0.461993
3797 0.276505 0.0246157  0.698879
3477 0.461666 0.277532  0.260802
5260 0.341037 0.243629  0.415334
4960 0.117073 0.34577  0.537157
160 0.242802 0.383984  0.373214
3410 0.552404 0.0338783  0.413718
4713 0.660223 0.300155  0.0396225
5411 0.321019 0.106693  0.572288
2989 0.452391 0.34884  0.198769
772 0.396498 0.234221  0.369281
3378 0.502275 0.0980007  0.399724
4723 0.325135 0.51829  0.156575
3101 0.441362 0.00967377  0.548964
600 0.185938 0.456047  0.358016
5184 0.428792 0.41458  0.156628
1658 0.0994004 0.346392  0.554208
2537 0.435128 0.280371  0.284501
3470 0.0561927 0.425371  0.518437
3761 0.0189055 0.142787  0.838307
5539 0.380711 0.294195  0.325095
3013 0.209936 0.333493  0.45657
1707 0.519674 0.225075  0.255251
2920 0.235117 0.519719  0.245164
4456 0.575425 0.0537336  0.370841
5691 0.259108 0.435968  0.304924
5754 0.249826 0.261966  0.488208
5061 0.631308 0.235704  0.132989
404 0.36489 0.163584  0.471526
5330 0.552024 0.325543  0.122433
4317 0.065068 0.145766  0.789166
2352 0.448189 0.34176  0.210051
5713 0.417464 0.344443  0.238092
5279 0.462656 0.271469  0.265875
97 0.391221 0.562242  0.0465368
2891 0.293063 0.516472  0.190465
4001 0.800508 0.144412  0.0550795
6054 0.393331 0.429287  0.177382
6072 0.447168 0.285971  0.266861
2319 0.257525 0.633763  0.108712
3346 0.0448137 0.577922  0.377265
4851 0.314634 0.337794  0.347572
1256 0.156439 0.530204  0.313357
6107 0.377472 0.251877  0.370651
9 0.453182 0.0879441  0.458874
473 0.435068 0.349246  0.215686
58 0.0102813 0.482307  0.507412
2310 0.366358 0.496354  0.137288
380 0.596664 0.134917  0.26842
2351 0.0812546 0.536095  0.38265
3527 0.341466 0.27485  0.383684
1618 0.445255 0.339372  0.215373
3567 0.476014 0.156722  0.367264
1787 0.308622 0.158248  0.53313
1521 0.453546 0.486601  0.0598536
5937 0.0650174 0.792625  0.142358
2551 0.251655 0.613558  0.134787
2050 0.396992 0.322072  0.280936
2935 0.27351 0.397621  0.32887
3980 0.577888 0.338965  0.0831471
1061 0.322096 0.549667  0.128237
5248 0.344779 0.560015  0.0952058
367 0.417629 0.0281979  0.554173
3379 0.274285 0.197032  0.528683
4973 0.339326 0.411125  0.24955
166 0.384837 0.519257  0.0959058
108 0.579342 0.370095  0.0505626
1455 0.158247 0.42563  0.416124
4205 0.242108 0.490395  0.267497
1625 0.509421 0.11783  0.372748
1774 0.160358 0.384637  0.455006
6053 0.362227 0.238945  0.398829
5321 0.114288 0.498197  0.387515
295 0.126376 0.724257  0.149367
239 0.308453 0.579822  0.111725
2073 0.34968 0.33464  0.31568
1914 0.290135 0.631267  0.078598
517 0.258813 0.399533  0.341654
1649 0.225093 0.398245  0.376662
5216 0.422026 0.459012  0.118963
3675 0.339913 0.339645  0.320442
5670 0.431945 0.387391  0.180664
2068 0.412395 0.185364  0.402241
1655 0.276404 0.225977  0.497619
5485 0.142995 0.436625  0.42038
815 0.422192 0.159625  0.418182
2436 0.217973 0.19523  0.586797
2150 0.186418 0.428088  0.385494
4240 0.0715521 0.466754  0.461694
642 0.417681 0.317247  0.265072
5183 0.459154 0.457628  0.0832177
4550 0.22592 0.31414  0.45994
5847 0.433616 0.256375  0.31001
1195 0.168942 0.606849  0.224208
2814 0.442306 0.131167  0.426527
3261 0.66557 0.296711  0.037719
5528 0.383891 0.42557  0.190539
1699 0.152309 0.598469  0.249222
4331 0.248018 0.181426  0.570556
671 0.358919 0.381641  0.25944
5239 0.0755085 0.389599  0.534892
5286 0.028042 0.740893  0.231065
5882 0.3678 0.59482  0.0373796
3420 0.200825 0.357978  0.441197
3171 0.114826 0.17974  0.705434
2968 0.0344923 0.394421  0.571087
5104 0.17674 0.506702  0.316558
2474 0.433787 0.416944  0.149269
2474 0.244394 0.628564  0.127043
3012 0.303065 0.315271  0.381664
3186 0.1148 0.284907  0.600293
5490 0.635111 0.348269  0.0166207
358 0.412316 0.413278  0.174406
102 0.162463 0.162231  0.675306
1895 0.383593 0.112772  0.503635
543 0.256126 0.400154  0.343719
5490 0.270471 0.629111  0.100418
4235 0.097417 0.459232  0.443351
1103 0.36052 0.127053  0.512427
3781 0.22013 0.466687  0.313183
5948 0.380736 0.370795  0.248469
5418 0.142667 0.338597  0.518735
3790 0.0751587 0.266417  0.658424
444 0.35144 0.19117  0.45739
3455 0.409185 0.491071  0.0997443
934 0.477696 0.230676  0.291628
5095 0.496226 0.106546  0.397228
5921 0.654506 0.0235873  0.321907
3446 0.313056 0.300444  0.3865
5257 0.178734 0.526643  0.294623
3971 0.454788 0.169979  0.375233
5303 0.283417 0.333477  0.383106
1894 0.328658 0.397677  0.273665
556 0.306398 0.52883  0.164771
3632 0.43054 0.345829  0.223631
4090 0.250559 0.292045  0.457396
5936 0.454799 0.0945642  0.450637
3579 0.455008 0.0230919  0.5219
1917 0.162091 0.609607  0.228302
515 0.40997 0.384769  0.205261
4112 0.307192 0.520633  0.172175
6095 0.469943 0.418651  0.111407
1540 0.252761 0.359128  0.388111
3642 0.178091 0.504685  0.317224
2554 0.150933 0.326542  0.522525
6122 0.275196 0.326325  0.39848
5346 0.0953891 0.386648  0.517963
3380 0.248087 0.601452  0.150461
4428 0.3928 0.317467  0.289733
5491 0.446276 0.438756  0.114968
2473 0.416039 0.027023  0.556938
1938 0.172335 0.328974  0.498691
1742 0.356862 0.403958  0.23918
4230 0.306627 0.473637  0.219736
2846 0.411939 0.289079  0.298982
1850 0.124543 0.400738  0.474719
3718 0.0873455 0.583596  0.329059
5743 0.40261 0.0179622  0.579428
1155 0.665324 0.0272141  0.307462
4406 0.201018 0.420292  0.37869
4656 0.252445 0.374683  0.372872
4498 0.351326 0.350425  0.298249
4335 0.243975 0.510969  0.245057
957 0.341885 0.561299  0.0968157
379 0.126881 0.449226  0.423892
3962 0.0892997 0.421388  0.489312
2641 0.346947 0.226025  0.427028
5590 0.4356 0.344357  0.220043
1632 0.214643 0.454021  0.331335
3134 0.585724 0.322099  0.0921769
3969 0.214938 0.574336  0.210726
3795 0.397936 0.270356  0.331708
5792 0.337093 0.186897  0.47601
2292 0.349234 0.117048  0.533718
986 0.330362 0.429272  0.240366
5492 0.182182 0.629153  0.188665
40 0.205377 0.274263  0.52036
5366 0.396346 0.484915  0.11874
411 0.28341 0.379792  0.336798
111 0.35417 0.30305  0.34278
2343 0.517294 0.0989611  0.383745
1842 0.452527 0.176009  0.371464
5608 0.373704 0.54387  0.0824264
2726 0.38693 0.435367  0.177703
24 0.144261 0.52121  0.334529
2144 0.378843 0.230949  0.390208
5203 0.279596 0.262014  0.45839
5548 0.0399409 0.142762  0.817297
6045 0.748575 0.237781  0.0136436
5588 0.372441 0.568936  0.058623
1917 0.050942 0.344998  0.60406
691 0.102186 0.537659  0.360155
5130 0.464288 0.220422  0.315289
3781 0.633629 0.094199  0.272172
4584 0.336074 0.433544  0.230382
5479 0.396097 0.388361  0.215541
72 0.412106 0.0528445  0.535049
5879 0.53109 0.110158  0.358753
1108 0.0239316 0.807676  0.168392
1266 0.374524 0.24594  0.379535
4144 0.0621103 0.840702  0.0971878
1902 0.146172 0.610503  0.243325
2301 0.128391 0.334421  0.537189
4467 0.702058 0.160733  0.137209
1186 0.273248 0.519595  0.207157
3549 0.370029 0.0752225  0.554748
1929 0.336593 0.311823  0.351584
5035 0.292804 0.280444  0.426752
3919 0.155827 0.448718  0.395455
3850 0.06509 0.516134  0.418776
2202 0.382323 0.341184  0.276493
4891 0.112252 0.485836  0.401912
2584 0.589254 0.315164  0.0955815
1706 0.386181 0.253588  0.360231
3411 0.321233 0.321934  0.356833
324 0.368989 0.309851  0.32116
5551 0.374631 0.304586  0.320783
3870 0.277356 0.0600548  0.66259
5347 0.354589 0.364071  0.28134
4411 0.413835 0.210116  0.376049
4183 0.314338 0.258312  0.42735
5341 0.482207 0.258847  0.258946
3421 0.252634 0.0684471  0.678919
1469 0.471998 0.440363  0.0876397
1977 0.315725 0.255989  0.428287
2209 0.613356 0.313848  0.0727955
2879 0.380078 0.0338331  0.586089
3360 0.320794 0.0423092  0.636896
2928 0.59571 0.269043  0.135247
3008 0.187255 0.31785  0.494894
5375 0.403337 0.119626  0.477037
5819 0.316096 0.404393  0.279511
4508 0.360296 0.285542  0.354162
831 0.453204 0.459505  0.087291
5181 0.183055 0.648325  0.16862
38 0.294417 0.282829  0.422754
1923 0.469716 0.47862  0.0516638
2176 0.436938 0.374463  0.188599
3799 0.34671 0.136634  0.516655
4874 0.137944 0.365607  0.496449
161 0.382169 0.454419  0.163412
3147 0.428832 0.387243  0.183925
1880 0.449894 0.171059  0.379046
2026 0.26694 0.44999  0.283069
5330 0.464538 0.030542  0.50492
2557 0.535015 0.286067  0.178918
4802 0.631157 0.0721302  0.296713
2554 0.182037 0.352935  0.465028
3861 0.421997 0.184861  0.393142
4720 0.303513 0.421686  0.274801
105 0.27871 0.363722  0.357568
6004 0.0140938 0.379585  0.606321
3158 0.342061 0.379674  0.278265
2222 0.387131 0.505714  0.107155
4570 0.427103 0.416937  0.155959
813 0.452133 0.214056  0.333812
3844 0.1149 0.874219  0.0108805
638 0.487648 0.333819  0.178533
873 0.242553 0.151791  0.605656
2577 0.357392 0.399527  0.243081
358 0.659288 0.125167  0.215545
6048 0.147114 0.22725  0.625636
3907 0.34007 0.207341  0.452589
3104 0.348255 0.321273  0.330472
4801 0.0107162 0.797993  0.191291
4375 0.365229 0.387934  0.246837
2348 0.297288 0.348548  0.354163
1459 0.37223 0.306419  0.321352
5881 0.575769 0.341609  0.0826223
530 0.714674 0.196188  0.0891382
5383 0.372668 0.383239  0.244093
5599 0.0493135 0.531818  0.418868
5054 0.0273518 0.598641  0.374007
1922 0.179737 0.388774  0.43149
3304 0.290796 0.355625  0.353579
2887 0.082548 0.5024  0.415052
5827 0.37191 0.54473  0.0833597
4361 0.250188 0.180224  0.569588
3058 0.482039 0.485228  0.0327333
905 0.394199 0.237141  0.368659
4073 0.582034 0.188059  0.229906
3006 0.201436 0.503152  0.295412
6092 0.449695 0.310329  0.239976
4468 0.219976 0.222946  0.557078
5827 0.230463 0.754999  0.0145384
5301 0.21924 0.237853  0.542907
4598 0.229536 0.510983  0.259481
1716 0.610848 0.0137867  0.375365
57 0.0794376 0.444429  0.476133
4998 0.29704 0.195946  0.507014
2608 0.269199 0.2419  0.4889
4892 0.204359 0.660747  0.134895
3096 0.433607 0.0823209  0.484072
4895 0.436142 0.440382  0.123475
2580 0.365587 0.257005  0.377408
1935 0.138321 0.431353  0.430327
5209 0.328106 0.0553594  0.616534
2771 0.043582 0.485929  0.470489
4342 0.384487 0.273199  0.342314
2924 0.399753 0.510625  0.0896221
2528 0.300969 0.191349  0.507682
3154 0.0265802 0.307057  0.666363
2164 0.228825 0.429222  0.341953
1508 0.102657 0.497628  0.399715
1496 0.524607 0.305555  0.169839
3303 0.439038 0.270639  0.290322
3005 0.074609 0.168645  0.756746
5645 0.501439 0.212588  0.285973
5098 0.530009 0.429673  0.0403177
5691 0.00968202 0.503271  0.487047
5367 0.423602 0.337135  0.239263
4784 0.561718 0.268319  0.169964
186 0.391889 0.118337  0.489773
2711 0.0594686 0.512653  0.427879
2617 0.162473 0.402715  0.434812
186 0.348717 0.431638  0.219645
5359 0.262103 0.244798  0.493099
1748 0.397603 0.394374  0.208023
2639 0.350492 0.440839  0.20867
3647 0.414816 0.388183  0.197001
1210 0.455293 0.494365  0.0503415
1978 0.414162 0.34914  0.236699
570 0.429522 0.436215  0.134263
2957 0.154441 0.768401  0.0771586
2393 0.349629 0.328521  0.321851
669 0.803155 0.0346023  0.162243
4468 0.319677 0.252893  0.427429
972 0.353632 0.0729599  0.573408
2661 0.617025 0.190361  0.192615
4685 0.364301 0.306513  0.329186
203 0.464618 0.422658  0.112724
3952 0.40005 0.244141  0.355808
397 0.293538 0.0571682  0.649293
4185 0.327251 0.371098  0.301652
3527 0.283521 0.359403  0.357076
6000 0.349426 0.245112  0.405461
5334 0.54546 0.145587  0.308953
5741 0.517403 0.206424  0.276173
290 0.389397 0.0902278  0.520375
2128 0.395575 0.436862  0.167563
2633 0.350448 0.440726  0.208826
4842 0.505145 0.0110324  0.483822
444 0.0397698 0.191365  0.768865
5182 0.535993 0.118326  0.345681
1058 0.401394 0.335679  0.262927
2580 0.280663 0.0137764  0.70556
3923 0.153686 0.454323  0.391991
2293 0.532537 0.144135  0.323329
2282 0.393033 0.317107  0.28986
5833 0.0887098 0.33184  0.57945
1940 0.591943 0.116465  0.291592
80 0.447858 0.085666  0.466476
755 0.4841 0.13803  0.37787
3916 0.353676 0.200327  0.445998
5764 0.239712 0.0677137  0.692574
5230 0.244013 0.112029  0.643958
5295 0.442131 0.0668082  0.491061
1746 0.422493 0.386367  0.19114
3684 0.329473 0.163343  0.507185
3729 0.255073 0.0971781  0.647749
1637 0.336126 0.135973  0.527901
2591 0.338077 0.225945  0.435977
4052 0.316215 0.373265  0.31052
3336 0.308827 0.314632  0.376541
3689 0.146669 0.414634  0.438697
2533 0.399035 0.246095  0.35487
2193 0.454516 0.488303  0.0571806
6045 0.137729 0.442107  0.420164
3575 0.630194 0.196811  0.172995
3180 0.141244 0.416937  0.441819
3067 0.49323 0.100012  0.406757
3831 0.460578 0.262302  0.27712
1112 0.476461 0.487455  0.0360838
1987 0.397984 0.104988  0.497028
556 0.221494 0.291316  0.48719
1282 0.68832 0.0235057  0.288174
3250 0.109466 0.255903  0.634631
3873 0.380273 0.128477  0.491251
3573 0.815002 0.166448  0.0185495
4226 0.320847 0.353634  0.325519
2706 0.0793541 0.3426  0.578046
1237 0.454552 0.298012  0.247436
2709 0.287629 0.310442  0.40193
3344 0.178396 0.462694  0.358909
5607 0.015742 0.808089  0.176169
2644 0.458743 0.100947  0.440311
2601 0.148471 0.0786082  0.77292
1603 0.496759 0.182795  0.320446
3821 0.127799 0.22377  0.648431
91 0.106585 0.234507  0.658907
1359 0.497931 0.278547  0.223523
1306 0.557092 0.108718  0.33419
307 0.317578 0.318761  0.363662
4229 0.318364 0.357908  0.323728
4631 0.0354413 0.854526  0.110033
1708 0.367155 0.588324  0.0445212
2777 0.14951 0.633617  0.216873
2665 0.439992 0.396  0.164007
1196 0.33603 0.0165017  0.647469
5017 0.369001 0.296991  0.334008
1110 0.155688 0.563364  0.280949
6036 0.492983 0.116299  0.390718
1266 0.123632 0.843909  0.0324594
2392 0.0176424 0.676826  0.305532
5217 0.229653 0.250858  0.519489
239 0.806868 0.086374  0.106758
2925 0.500695 0.27991  0.219395
1965 0.467667 0.356612  0.175721
3601 0.337496 0.332814  0.32969
634 0.486086 0.144868  0.369046
2786 0.133698 0.482275  0.384027
6085 0.437181 0.410802  0.152017
5737 0.380923 0.259589  0.359489
2272 0.165133 0.398329  0.436538
1062 0.382324 0.106793  0.510883
3849 0.18061 0.208039  0.611351
3096 0.220778 0.376864  0.402358
37 0.0586845 0.80517  0.136145
2814 0.305112 0.630087  0.0648002
1255 0.313365 0.315264  0.371371
3082 0.338212 0.365229  0.29656
5325 0.0459918 0.679826  0.274182
3976 0.402055 0.427197  0.170748
3978 0.224246 0.49265  0.283104
2690 0.292188 0.370861  0.336951
4915 0.373879 0.278264  0.347856
1566 0.46302 0.156407  0.380574
2554 0.307051 0.422652  0.270297
4315 0.181737 0.328262  0.490001
5224 0.463045 0.256784  0.280171
2420 0.33088 0.46434  0.204781
683 0.354135 0.284517  0.361348
875 0.429902 0.35351  0.216588
5968 0.442175 0.312032  0.245794
2403 0.362721 0.308676  0.328604
5684 0.322405 0.637  0.0405951
2116 0.0863032 0.512686  0.40101
2865 0.314512 0.445595  0.239893
956 0.425057 0.195402  0.379542
3273 0.374683 0.116135  0.509182
2851 0.36603 0.3447  0.289271
4801 0.162526 0.321794  0.51568
3163 0.435059 0.0892301  0.475711
2565 0.0803004 0.495985  0.423714
1416 0.160146 0.453248  0.386607
1666 0.404177 0.422597  0.173226
5284 0.286298 0.448993  0.264708
2712 0.301998 0.570728  0.127274
2881 0.341973 0.232807  0.42522
5453 0.153957 0.474599  0.371444
2174 0.367191 0.360105  0.272705
4618 0.351472 0.213521  0.435007
2128 0.509441 0.306386  0.184172
1609 0.10878 0.251882  0.639338
5270 0.820711 0.11888  0.0604095
1895 0.233289 0.476398  0.290313
2978 0.107965 0.515667  0.376368
415 0.159501 0.0541691  0.78633
2773 0.0681444 0.453408  0.478448
2578 0.24459 0.360557  0.394853
5605 0.247725 0.370033  0.382242
1902 0.19958 0.394418  0.406002
3776 0.0372868 0.549778  0.412935
5419 0.0653999 0.497961  0.436639
3389 0.0785965 0.293448  0.627956
2228 0.408736 0.242529  0.348735
5916 0.390679 0.587771  0.0215501
5222 0.336958 0.359405  0.303637
2134 0.0736363 0.442515  0.483849
567 0.138383 0.385105  0.476512
1135 0.0547971 0.859814  0.0853886
2797 0.378453 0.217536  0.40401
4533 0.153608 0.266391  0.580001
5708 0.228529 0.263324  0.508147
5754 0.0478165 0.18195  0.770234
2885 0.395596 0.59417  0.0102341
5652 0.298433 0.0895732  0.611994
2555 0.446779 0.146657  0.406564
4582 0.662502 0.0410708  0.296427
808 0.285469 0.571204  0.143327
4858 0.756236 0.110511  0.133253
5233 0.116897 0.785983  0.0971202
2190 0.150514 0.461055  0.388431
4758 0.219357 0.481431  0.299212
4137 0.163761 0.159048  0.677191
5312 0.612002 0.0764721  0.311526
1642 0.008876 0.399239  0.591885
1452 0.360761 0.142721  0.496518
4484 0.437167 0.0829918  0.479841
1796 0.568304 0.133231  0.298464
175 0.213712 0.276917  0.509371
5007 0.247461 0.4957  0.256838
5118 0.503015 0.44302  0.0539648
1342 0.432616 0.193663  0.373721
5245 0.311306 0.217815  0.470879
4750 0.273842 0.372023  0.354135
4935 0.144862 0.428237  0.426901
2655 0.4635 0.0759851  0.460515
2396 0.144343 0.259224  0.596433
449 0.482015 0.492368  0.0256166
1679 0.0950417 0.489039  0.415919
5546 0.610355 0.361334  0.028311
3254 0.362293 0.207693  0.430014
205 0.308985 0.390892  0.300123
1844 0.0732309 0.594064  0.332705
2488 0.370151 0.420225  0.209624
3166 0.391059 0.414466  0.194475
3234 0.408651 0.572292  0.0190564
5257 0.388408 0.267545  0.344047
1780 0.289903 0.106683  0.603414
4148 0.355783 0.23608  0.408137
1003 0.482264 0.283561  0.234175
4122 0.0867976 0.514921  0.398281
2349 0.421957 0.520565  0.0574772
3721 0.593612 0.215321  0.191067
930 0.0356925 0.83874  0.125567
4295 0.648331 0.0601474  0.291522
39 0.387921 0.0467218  0.565357
3387 0.31529 0.41453  0.270179
3923 0.290519 0.352818  0.356663
5038 0.35782 0.336081  0.306098
5303 0.69127 0.216805  0.0919253
4167 0.386271 0.2347  0.37903
3394 0.467361 0.3811  0.15154
1337 0.142275 0.181489  0.676236
1025 0.328302 0.350488  0.32121
66 0.615019 0.150979  0.234002
2286 0.242115 0.392604  0.365281
2212 0.513558 0.254357  0.232085
2297 0.169219 0.325714  0.505068
1157 0.104327 0.627845  0.267829
1840 0.166159 0.407571  0.42627
5733 0.429994 0.382472  0.187534
3329 0.0779876 0.754189  0.167823
5713 0.436082 0.437466  0.126452
317 0.558402 0.423453  0.0181445
5907 0.168889 0.586321  0.24479
5007 0.721262 0.0779606  0.200777
2947 0.396081 0.330859  0.27306
5681 0.516013 0.157221  0.326766
4054 0.153897 0.331956  0.514148
3753 0.379276 0.37915  0.241574
5422 0.201437 0.127537  0.671026
3108 0.377054 0.548191  0.0747547
1894 0.184137 0.337327  0.478536
4810 0.355526 0.30969  0.334784
5739 0.61622 0.0396471  0.344133
563 0.26281 0.246129  0.491061
5356 0.0500944 0.344338  0.605567
4886 0.251883 0.314814  0.433302
3911 0.407451 0.281745  0.310804
1082 0.331177 0.116137  0.552685
2084 0.390768 0.0193332  0.589899
1984 0.34486 0.177076  0.478064
5210 0.065141 0.398197  0.536662
1532 0.472075 0.0956061  0.432319
3234 0.138391 0.557627  0.303982
921 0.677515 0.191049  0.131436
5289 0.669077 0.256112  0.0748113
2388 0.456594 0.430222  0.113184
3005 0.391584 0.427913  0.180503
2083 0.335951 0.635083  0.0289658
41 0.20324 0.259525  0.537235
497 0.603857 0.282868  0.113276
2692 0.158124 0.527193  0.314683
3918 0.269841 0.456512  0.273648
3353 0.368299 0.480315  0.151387
1716 0.285857 0.212447  0.501695
3095 0.376454 0.436062  0.187484
138 0.791932 0.105126  0.102942
1768 0.0881015 0.703711  0.208187
2073 0.15272 0.0131387  0.834142
4094 0.120966 0.271198  0.607836
4385 0.316071 0.379749  0.304179
4877 0.22554 0.133049  0.641412
154 0.255094 0.467061  0.277845
3483 0.446946 0.197304  0.355749
4298 0.259385 0.633535  0.10708
2958 0.676285 0.10535  0.218364
3041 0.480444 0.131489  0.388068
4709 0.279069 0.128716  0.592215
2644 0.284779 0.0790522  0.636169
1415 0.299207 0.222245  0.478548
101 0.350687 0.110134  0.539179
3125 0.10173 0.508188  0.390082
2135 0.447229 0.142052  0.410719
3850 0.0854121 0.658229  0.256359
2230 0.565847 0.290225  0.143928
5542 0.0787053 0.606654  0.314641
5016 0.493813 0.153236  0.352951
4164 0.497285 0.157557  0.345158
344 0.0355512 0.691055  0.273394
1677 0.345635 0.363964  0.290401
5235 0.529793 0.280007  0.1902
2066 0.541642 0.103989  0.354369
2616 0.505141 0.0758448  0.419014
4828 0.426025 0.432647  0.141328
324 0.40507 0.454318  0.140612
5173 0.317063 0.200968  0.481969
4273 0.0633778 0.464465  0.472157
1395 0.302196 0.147247  0.550557
1787 0.237646 0.333173  0.429181
2039 0.273169 0.307596  0.419235
5663 0.200462 0.431768  0.36777
3933 0.442693 0.108199  0.449108
4143 0.359885 0.326502  0.313613
4918 0.204908 0.350495  0.444597
4305 0.428966 0.271943  0.299091
25 0.0814382 0.290843  0.627719
1126 0.244234 0.335293  0.420472
3736 0.265304 0.371637  0.363059
747 0.402301 0.269613  0.328086
5303 0.158187 0.627387  0.214426
2996 0.0981627 0.651607  0.250231
3924 0.393751 0.367652  0.238597
2707 0.326342 0.538766  0.134893
1139 0.17931 0.485931  0.334759
1472 0.909149 0.051647  0.0392037
3055 0.323303 0.323318  0.353379
4101 0.0454594 0.455825  0.498716
4482 0.286404 0.284006  0.42959
4902 0.267194 0.306807  0.425999
951 0.0880136 0.372146  0.53984
2805 0.0523631 0.819132  0.128505
182 0.397955 0.328215  0.27383
659 0.346749 0.341092  0.312159
352 0.414316 0.31164  0.274043
4325 0.283318 0.203648  0.513034
5190 0.473852 0.182227  0.343921
1514 0.656222 0.143568  0.20021
1971 0.139776 0.478171  0.382053
75 0.432491 0.530367  0.0371422
4558 0.340094 0.348012  0.311893
2724 0.182161 0.451108  0.366732
4957 0.250625 0.583794  0.165582
5316 0.311997 0.580237  0.107767
3557 0.132073 0.108226  0.759701
4346 0.355734 0.203387  0.440879
168 0.426888 0.480749  0.0923626
5335 0.210441 0.208424  0.581135
2622 0.652615 0.171993  0.175391
6133 0.164683 0.0328285  0.802488
4037 0.592962 0.0714117  0.335627
5625 0.367967 0.101299  0.530733
1969 0.343143 0.292559  0.364298
1887 0.502682 0.248056  0.249262
4650 0.203335 0.390025  0.40664
4841 0.437766 0.176113  0.386122
2218 0.313987 0.325321  0.360692
539 0.0864809 0.415205  0.498314
490 0.434509 0.0575328  0.507959
2930 0.0700405 0.502097  0.427863
3317 0.200027 0.422273  0.377699
5875 0.544191 0.0353905  0.420419
299 0.0196109 0.517576  0.462813
3492 0.355116 0.28491  0.359974
3072 0.201762 0.544486  0.253752
935 0.385943 0.191009  0.423047
3867 0.166332 0.600549  0.233119
1690 0.67 0.0625323  0.267468
6102 0.0393656 0.773531  0.187104
2212 0.319569 0.659447  0.020984
1735 0.720181 0.028039  0.25178
4543 0.0282185 0.813573  0.158209
5949 0.548222 0.189651  0.262128
2654 0.460881 0.140454  0.398665
3177 0.229983 0.24981  0.520208
2478 0.347015 0.361434  0.291552
3058 0.378824 0.145531  0.475645
2596 0.262677 0.618259  0.119064
1144 0.807971 0.0862694  0.10576
3528 0.259269 0.386528  0.354203
4232 0.331874 0.0181314  0.649994
432 0.114239 0.64349  0.242271
4296 0.391242 0.532782  0.0759755
2116 0.635269 0.0897735  0.274957
4158 0.656131 0.138545  0.205324
200 0.400113 0.524601  0.0752851
3655 0.660824 0.0580686  0.281108
39 0.389402 0.450378  0.16022
678 0.228872 0.43539  0.335738
1260 0.0891451 0.334889  0.575966
5899 0.284278 0.292674  0.423048
5060 0.296679 0.284714  0.418607
4697 0.552 0.0621055  0.385895
4254 0.285499 0.0836062  0.630895
897 0.471759 0.411323  0.116917
4906 0.377064 0.421764  0.201172
1770 0.364474 0.255427  0.3801
1387 0.491953 0.0477605  0.460286
3112 0.0247267 0.745435  0.229839
2768 0.233527 0.317868  0.448606
6118 0.614029 0.220303  0.165668
4463 0.303702 0.387859  0.308439
4105 0.377254 0.29926  0.323486
3109 0.136176 0.616772  0.247052
4170 0.56253 0.202432  0.235039
2425 0.229271 0.399786  0.370943
3270 0.235352 0.160579  0.604069
1055 0.242333 0.485204  0.272463
1254 0.550967 0.0945793  0.354454
112 0.386191 0.22857  0.385239
1108 0.222871 0.385863  0.391266
5249 0.308661 0.0752748  0.616065
3928 0.285723 0.444364  0.269913
3511 0.306069 0.186029  0.507902
2277 0.328459 0.58057  0.0909711
3104 0.468538 0.235915  0.295547
5154 0.473146 0.426455  0.100399
1618 0.403424 0.501486  0.0950898
1452 0.403326 0.327347  0.269327
5035 0.335238 0.033656  0.631106
2615 0.39797 0.25249  0.349539
830 0.119147 0.286268  0.594585
2740 0.624116 0.032825  0.343059
5117 0.43947 0.319496  0.241034
3113 0.163211 0.754452  0.0823375
1336 0.387909 0.291043  0.321048
4910 0.630889 0.216398  0.152713
637 0.258198 0.347467  0.394335
4584 0.178163 0.562301  0.259537
6081 0.175528 0.185989  0.638484
692 0.294879 0.200333  0.504788
324 0.17586 0.0985547  0.725585
4410 0.0675412 0.255691  0.676768
543 0.426578 0.527663  0.0457588
5317 0.620404 0.370958  0.00863801
2560 0.299406 0.0533033  0.647291
2424 0.518885 0.259312  0.221803
5950 0.372819 0.429997  0.197184
335 0.414227 0.345825  0.239948
3597 0.304004 0.417031  0.278965
6 0.486602 0.218529  0.294869
4859 0.202594 0.718733  0.0786726
460 0.367548 0.303541  0.328912
5794 0.343847 0.024538  0.631615
4550 0.557589 0.407199  0.0352118
2024 0.304244 0.291292  0.404464
3173 0.495722 0.280252  0.224026
4193 0.323484 0.182617  0.493899
3805 0.349455 0.375553  0.274992
5259 0.195905 0.183582  0.620513
2649 0.519942 0.197693  0.282365
5918 0.264979 0.418945  0.316076
4806 0.499556 0.43537  0.0650742
1590 0.260157 0.185865  0.553978
2094 0.249166 0.39667  0.354164
5984 0.386525 0.394721  0.218754
2266 0.11763 0.36478  0.51759
4623 0.477344 0.496933  0.0257227
5758 0.485377 0.419584  0.0950392
2300 0.384202 0.384262  0.231536
5654 0.457728 0.176174  0.366098
5996 0.458335 0.219861  0.321804
3418 0.565657 0.0463374  0.388005
3418 0.414441 0.282647  0.302912
5698 0.483267 0.101256  0.415476
4783 0.37804 0.0743379  0.547622
2335 0.156568 0.226597  0.616835
1309 0.071184 0.735757  0.193059
366 0.301789 0.38685  0.311361
4471 0.335402 0.46752  0.197078
1452 0.43431 0.271185  0.294505
319 0.572429 0.27704  0.150531
4236 0.728589 0.0864745  0.184936
771 0.266109 0.346159  0.387732
5211 0.469569 0.380787  0.149644
3957 0.579141 0.150021  0.270837
5607 0.219041 0.258357  0.522603
5819 0.531647 0.252012  0.216342
1582 0.288295 0.446783  0.264923
2411 0.658517 0.245877  0.0956066
4235 0.193157 0.571561  0.235282
4185 0.54349 0.142013  0.314497
3753 0.284953 0.494748  0.220299
3551 0.329705 0.0729692  0.597326
1093 0.204357 0.447763  0.34788
4625 0.0897006 0.183699  0.7266
4289 0.522857 0.204574  0.272569
2510 0.279093 0.46285  0.258057
513 0.397901 0.324695  0.277404
102 0.483557 0.0759569  0.440486
4381 0.645643 0.169533  0.184824
3468 0.400552 0.120955  0.478493
629 0.219857 0.216831  0.563312
3977 0.490196 0.408423  0.101381
2861 0.332027 0.338345  0.329628
2294 0.298068 0.36288  0.339052
614 0.739016 0.1599  0.101084
476 0.321653 0.405971  0.272376
3764 0.327412 0.0568518  0.615737
4105 0.512267 0.17879  0.308943
387 0.155349 0.476795  0.367856
1622 0.233722 0.6761  0.0901782
4667 0.393119 0.420577  0.186304
1576 0.297121 0.145335  0.557544
478 0.498012 0.48073  0.0212583
5941 0.227545 0.350263  0.422191
181 0.608513 0.290444  0.101043
3342 0.0523133 0.680794  0.266893
2036 0.844322 0.114061  0.0416169
2411 0.416966 0.193308  0.389726
2415 0.51315 0.0871155  0.399735
4172 0.348712 0.407706  0.243582
1746 0.278591 0.648569  0.0728404
3576 0.356238 0.394488  0.249275
3299 0.47819 0.061216  0.460594
2621 0.334943 0.298726  0.366331
4090 0.368115 0.203121  0.428764
1443 0.0860533 0.504575  0.409372
4573 0.309993 0.358388  0.331619
368 0.123384 0.288474  0.588143
3520 0.226057 0.274736  0.499208
2129 0.364982 0.460821  0.174198
2118 0.139353 0.372075  0.488571
1641 0.332487 0.420289  0.247223
4430 0.688587 0.187097  0.124316
4902 0.576183 0.043345  0.380472
4211 0.335085 0.146436  0.51848
359 0.0670691 0.634529  0.298402
1113 0.327407 0.580104  0.0924888
3175 0.784942 0.152344  0.0627136
5227 0.258966 0.244468  0.496565
5346 0.189077 0.18537  0.625553
4602 0.393247 0.502518  0.104235
2996 0.125867 0.416331  0.457802
5863 0.249424 0.45246  0.298116
2031 0.394104 0.0162854  0.589611
5871 0.351119 0.0401348  0.608746
446 0.609643 0.0693359  0.321021
4177 0.302912 0.31021  0.386878
2218 0.212927 0.402219  0.384854
515 0.62046 0.0721384  0.307401
5351 0.0348289 0.418946  0.546225
2968 0.20712 0.42485  0.36803
3684 0.524753 0.0111581  0.464089
5723 0.263809 0.314905  0.421286
4919 0.675592 0.25311  0.071298
325 0.576134 0.207121  0.216744
696 0.0490512 0.563666  0.387283
2384 0.355094 0.501941  0.142966
3825 0.593251 0.16091  0.245839
2958 0.189513 0.374512  0.435975
1691 0.358052 0.581968  0.0599798
2848 0.463436 0.427782  0.108782
5396 0.0974325 0.572712  0.329856
4827 0.380515 0.497795  0.12169
3532 0.255499 0.60403  0.140471
797 0.192047 0.131865  0.676087
5029 0.374873 0.520309  0.104817
921 0.011445 0.835443  0.153112
5369 0.458947 0.365721  0.175332
2076 0.210817 0.246636  0.542547
605 0.24255 0.531234  0.226215
4797 0.388099 0.294547  0.317354
2513 0.377945 0.541726  0.0803297
2167 0.459945 0.0688015  0.471253
748 0.173765 0.349322  0.476913
1890 0.277857 0.149742  0.572401
2270 0.423031 0.261547  0.315422
4824 0.13879 0.252029  0.60918
1685 0.162236 0.580111  0.257653
6039 0.324446 0.309843  0.365711
380 0.40346 0.0594126  0.537127
1477 0.372006 0.487412  0.140582
3049 0.381328 0.180054  0.438618
3342 0.0959785 0.537446  0.366576
1935 0.378537 0.257162  0.364301
2706 0.68086 0.275857  0.043283
1334 0.476457 0.189685  0.333858
5874 0.0358812 0.409013  0.555105
3250 0.446587 0.404571  0.148842
350 0.433482 0.0786076  0.48791
5134 0.317271 0.256471  0.426258
3345 0.341932 0.527847  0.130221
3884 0.523401 0.0873926  0.389206
5918 0.270777 0.357642  0.371581
932 0.319135 0.654276  0.026589
4479 0.164619 0.39331  0.442071
4929 0.121699 0.13691  0.74139
2197 0.258085 0.394377  0.347539
5926 0.187333 0.618695  0.193973
3484 0.537028 0.023312  0.439659
4423 0.399466 0.443608  0.156926
4709 0.420618 0.327857  0.251526
3822 0.361281 0.292064  0.346655
2729 0.651253 0.147229  0.201518
3943 0.717041 0.242423  0.0405364
3971 0.455051 0.246209  0.298741
4404 0.495023 0.279126  0.22585
1691 0.300994 0.015482  0.683524
3120 0.217535 0.556715  0.22575
3065 0.11593 0.672678  0.211392
3998 0.0559474 0.621443  0.32261
1276 0.282012 0.123683  0.594304
2812 0.400805 0.36839  0.230805
1542 0.322815 0.222175  0.45501
2021 0.11768 0.033807  0.848513
4696 0.217524 0.190019  0.592457
2119 0.175943 0.350043  0.474014
2617 0.354553 0.352916  0.292531
3442 0.319769 0.329283  0.350948
4296 0.410369 0.507933  0.0816981
6067 0.212219 0.50603  0.281751
654 0.319602 0.401381  0.279016
4562 0.466484 0.524722  0.0087931
33 0.0661307 0.421951  0.511918
4120 0.179893 0.557744  0.262363
4283 0.515993 0.116037  0.36797
336 0.883278 0.0319976  0.0847243
1149 0.379567 0.458754  0.161679
2686 0.175226 0.236871  0.587903
5165 0.526419 0.209895  0.263686
4126 0.358696 0.478492  0.162812
2171 0.074553 0.618674  0.306773
3950 0.360811 0.0555688  0.58362
3368 0.277261 0.418094  0.304645
5874 0.219502 0.326445  0.454053
5647 0.235645 0.231877  0.532478
1249 0.391617 0.323689  0.284694
5959 0.177058 0.325285  0.497657
638 0.235097 0.523722  0.241181
1146 0.390185 0.284608  0.325207
2387 0.347393 0.299174  0.353433
2054 0.173343 0.328485  0.498172
490 0.088824 0.659253  0.251923
1837 0.324555 0.352143  0.323303
865 0.142262 0.61776  0.239978
6142 0.21426 0.43868  0.34706
3953 0.306239 0.54735  0.146411
2170 0.533593 0.13627  0.330136
6090 0.110041 0.283061  0.606898
1577 0.174446 0.285407  0.540148
5594 0.512099 0.428353  0.0595473
1530 0.428979 0.146186  0.424835
3490 0.0616847 0.470399  0.467917
740 0.123819 0.495938  0.380244
3957 0.0968208 0.568886  0.334293
826 0.152899 0.621847  0.225254
5263 0.0207688 0.82166  0.157571
2589 0.233455 0.345012  0.421533
2393 0.281253 0.576875  0.141872
1900 0.284717 0.252108  0.463175
3315 0.442 0.489315  0.0686846
2443 0.502709 0.474461  0.0228298
4807 0.25771 0.142155  0.600135
1004 0.599016 0.390449  0.0105349
148 0.190862 0.342272  0.466866
2017 0.261363 0.461082  0.277555
2059 0.147289 0.401288  0.451423
1394 0.195983 0.410288  0.393729
5754 0.171032 0.474516  0.354452
4654 0.138466 0.506167  0.355367
3604 0.258361 0.473014  0.268625
5754 0.260328 0.364624  0.375047
1027 0.543209 0.436032  0.0207591
2828 0.590505 0.0570832  0.352412
1721 0.376483 0.407665  0.215852
5007 0.206454 0.433168  0.360379
5901 0.226488 0.423436  0.350076
3579 0.318467 0.417328  0.264205
2771 0.460852 0.370842  0.168306
1501 0.263904 0.411114  0.324981
3809 0.295609 0.257633  0.446758
4472 0.404846 0.171637  0.423517
4436 0.215129 0.755472  0.0293994
4406 0.103009 0.438044  0.458947
2503 0.24623 0.425695  0.328075
5019 0.375543 0.28746  0.336996
2859 0.138717 0.371936  0.489348
837 0.375386 0.331852  0.292762
6124 0.262539 0.524586  0.212875
4664 0.218578 0.387018  0.394404
5064 0.290369 0.466132  0.243498
1394 0.0453198 0.409657  0.545023
564 0.101789 0.43885  0.459361
4374 0.422996 0.414957  0.162047
5345 0.304245 0.497569  0.198186
5814 0.199591 0.370277  0.430132
5681 0.589835 0.0361733  0.373992
80 0.710139 0.0180243  0.271836
3177 0.118072 0.70681  0.175118
5504 0.355269 0.415131  0.2296
3163 0.150466 0.421369  0.428165
2686 0.303044 0.497705  0.199251
1915 0.11573 0.0626777  0.821592
5021 0.359086 0.458563  0.182351
509 0.334141 0.389886  0.275973
6143 0.485704 0.363203  0.151093
496 0.326187 0.260749  0.413064
4237 0.370046 0.427675  0.202278
1980 0.0289985 0.503793  0.467209
5643 0.166973 0.18491  0.648117
2996 0.218761 0.454677  0.326562
5941 0.169664 0.432342  0.397994
4793 0.383194 0.498984  0.117822
76 0.272159 0.356392  0.371449
1707 0.31192 0.333907  0.354173
2642 0.447606 0.422724  0.129669
5235 0.0404903 0.416252  0.543257
4797 0.381882 0.314937  0.303181
225 0.406866 0.117734  0.4754
2 0.582716 0.357288  0.0599961
3246 0.4387 0.211825  0.349475
1119 0.751752 0.077768  0.17048
3359 0.228993 0.375286  0.39572
4797 0.235894 0.476777  0.287329
1099 0.284578 0.387997  0.327425
2668 0.199043 0.134074  0.666883
3060 0.319571 0.156905  0.523523
3571 0.426652 0.201001  0.372347
1813 0.123253 0.669579  0.207169
5360 0.343548 0.282039  0.374412
2125 0.312527 0.449183  0.23829
141 0.601784 0.302577  0.0956393
2971 0.219404 0.104686  0.67591
1056 0.0295712 0.726229  0.2442
2415 0.591562 0.0334065  0.375031
1469 0.38666 0.211292  0.402048
3715 0.0228669 0.29291  0.684223
3783 0.566439 0.0533397  0.380221
5868 0.501734 0.0124109  0.485855
5648 0.183026 0.436437  0.380538
1797 0.279761 0.584758  0.135481
3971 0.0291883 0.721023  0.249789
4272 0.457064 0.13206  0.410875
2913 0.308854 0.266826  0.42432
3768 0.555081 0.349269  0.0956496
1763 0.482196 0.418849  0.0989557
4995 0.23848 0.441393  0.320127
2350 0.262687 0.529889  0.207424
6104 0.549233 0.284175  0.166592
1637 0.413442 0.210988  0.37557
2898 0.564619 0.233017  0.202364
1873 0.293105 0.357651  0.349244
4518 0.597449 0.304087  0.0984643
3083 0.232479 0.208305  0.559216
1916 0.156372 0.48449  0.359138
2512 0.575739 0.109187  0.315074
1691 0.16813 0.440355  0.391515
4144 0.87584 0.0617112  0.0624486
3204 0.289492 0.28955  0.420958
4033 0.643532 0.206359  0.150109
1603 0.0965461 0.391963  0.511491
5804 0.199294 0.214103  0.586603
4031 0.163905 0.0824655  0.75363
5320 0.370088 0.282659  0.347254
3953 0.0921227 0.795975  0.111903
4125 0.303179 0.293162  0.40366
2354 0.203707 0.664582  0.131712
2918 0.435036 0.336167  0.228797
4250 0.496777 0.268839  0.234384
2294 0.494678 0.281725  0.223597
96 0.360047 0.514319  0.125634
2683 0.0470277 0.468979  0.483993
374 0.50141 0.40405  0.0945397
5560 0.0980964 0.49375  0.408154
2632 0.240711 0.459666  0.299622
4450 0.244583 0.430121  0.325296
764 0.0069836 0.435593  0.557423
2774 0.342136 0.291096  0.366768
83 0.184955 0.420276  0.394768
1226 0.255061 0.360557  0.384382
4509 0.127079 0.461689  0.411232
5244 0.39601 0.283503  0.320487
1854 0.121861 0.749325  0.128813
4961 0.322837 0.47449  0.202673
