2891 0.385863 0.0923231  0.521814
4484 0.152187 0.341589  0.506224
5019 0.315551 0.37692  0.307529
8000 0.125305 0.367281  0.507414
11915 0.474099 0.291397  0.234504
4659 0.474617 0.137186  0.388197
6046 0.215066 0.445067  0.339867
6223 0.374566 0.180682  0.444752
3946 0.326451 0.199413  0.474136
3067 0.0859706 0.125487  0.788542
5569 0.247673 0.412934  0.339393
5886 0.384487 0.21985  0.395662
10559 0.33828 0.484802  0.176918
135 0.382289 0.207321  0.410389
907 0.280591 0.290629  0.42878
9063 0.49189 0.313326  0.194784
11279 0.257813 0.319975  0.422212
5021 0.357641 0.244875  0.397484
10242 0.336645 0.307436  0.355919
5665 0.356648 0.278169  0.365183
578 0.249727 0.41395  0.336324
1356 0.250656 0.372039  0.377305
1386 0.320543 0.364957  0.3145
9137 0.23339 0.113327  0.653283
2277 0.217549 0.640449  0.142002
870 0.60772 0.183355  0.208925
9815 0.456772 0.126565  0.416663
1546 0.316687 0.213155  0.470158
11833 0.0768376 0.547628  0.375534
10988 0.216874 0.488406  0.294721
6808 0.429708 0.493451  0.0768414
4167 0.503784 0.231048  0.265168
5333 0.0996658 0.502867  0.397467
11231 0.242926 0.634047  0.123027
6067 0.409752 0.174603  0.415644
9390 0.71538 0.0511408  0.233479
12422 0.393706 0.49812  0.108174
5223 0.266168 0.0984828  0.635349
9226 0.154786 0.443896  0.401318
1597 0.31896 0.38055  0.300491
3086 0.289538 0.42968  0.280781
5915 0.203668 0.464284  0.332048
2164 0.218226 0.0961624  0.685611
4042 0.314138 0.306972  0.37889
1298 0.331189 0.415733  0.253078
10716 0.689359 0.293651  0.0169899
6389 0.282783 0.479252  0.237965
9276 0.125761 0.373229  0.50101
5994 0.348347 0.486673  0.16498
5149 0.126425 0.54023  0.333345
4018 0.436041 0.386995  0.176964
5453 0.398343 0.180697  0.42096
4148 0.461694 0.263098  0.275207
10111 0.287581 0.584212  0.128206
8188 0.312777 0.0862697  0.600953
8004 0.0581543 0.369681  0.572165
8955 0.640099 0.111576  0.248325
2211 0.121888 0.738961  0.139151
5597 0.249925 0.297932  0.452142
10266 0.696241 0.0911982  0.212561
3365 0.0273313 0.120841  0.851827
6243 0.359899 0.152301  0.487799
12134 0.250559 0.470182  0.279259
6733 0.1964 0.789318  0.014282
6077 0.318852 0.364334  0.316814
7891 0.345227 0.334873  0.3199
9209 0.18371 0.450026  0.366264
11529 0.507842 0.304339  0.187819
3748 0.312764 0.169787  0.51745
1132 0.0285281 0.534088  0.437384
9491 0.278243 0.0757985  0.645959
2998 0.473785 0.407369  0.118846
279 0.380291 0.437722  0.181987
3007 0.420733 0.400391  0.178877
3129 0.281185 0.312808  0.406006
1355 0.507876 0.0763415  0.415782
9388 0.117377 0.379489  0.503134
7445 0.445267 0.412306  0.142427
10838 0.326009 0.285305  0.388686
2872 0.413038 0.486185  0.100777
8730 0.235531 0.358483  0.405987
208 0.197176 0.453383  0.349441
2578 0.425396 0.35653  0.218073
9799 0.519874 0.318739  0.161387
12446 0.0486257 0.577203  0.374172
2654 0.263606 0.500777  0.235617
2588 0.140288 0.305596  0.554116
8122 0.0241345 0.700077  0.275788
506 0.489879 0.102922  0.407199
296 0.25585 0.391799  0.352351
7979 0.354888 0.346574  0.298538
3773 0.104807 0.586275  0.308918
3935 0.749001 0.203217  0.0477826
750 0.381709 0.0588625  0.559428
10188 0.311179 0.317634  0.371186
650 0.370848 0.314337  0.314815
5663 0.423926 0.528306  0.0477681
9856 0.433025 0.0435956  0.52338
1990 0.24024 0.220202  0.539559
9295 0.0865571 0.849067  0.0643759
9660 0.310484 0.245413  0.444103
3858 0.404952 0.249669  0.345379
4136 0.271718 0.381653  0.346629
5222 0.219598 0.23711  0.543292
6124 0.191736 0.319301  0.488963
2092 0.245263 0.307448  0.447289
1797 0.122806 0.384002  0.493192
3990 0.196048 0.188983  0.614968
9744 0.147545 0.557811  0.294645
12476 0.322919 0.399649  0.277432
1950 0.538019 0.21424  0.247741
2207 0.549006 0.277343  0.173651
10140 0.278015 0.33746  0.384526
1474 0.159273 0.434336  0.40639
12456 0.400094 0.222588  0.377318
11577 0.390928 0.335217  0.273855
10056 0.300644 0.311298  0.388058
11219 0.428027 0.381778  0.190194
10064 0.213344 0.521583  0.265073
2901 0.559499 0.412283  0.0282179
8487 0.415256 0.140122  0.444622
11788 0.614216 0.0537986  0.331986
11272 0.343609 0.345259  0.311132
1876 0.349494 0.486341  0.164165
8448 0.13444 0.61803  0.24753
2785 0.352561 0.590217  0.0572214
2472 0.607959 0.077929  0.314112
1888 0.419029 0.180999  0.399971
3281 0.0398712 0.379548  0.58058
6628 0.197898 0.66757  0.134532
6415 0.119567 0.452768  0.427665
4314 0.340036 0.395147  0.264816
145 0.0695162 0.156188  0.774296
5121 0.0910457 0.719684  0.18927
12245 0.392569 0.225909  0.381521
4698 0.187885 0.508064  0.304051
4159 0.575789 0.234629  0.189582
10857 0.397041 0.0506891  0.552269
2791 0.438039 0.206356  0.355605
5562 0.00617751 0.412534  0.581288
3820 0.566519 0.245978  0.187503
9339 0.0662975 0.485306  0.448396
9908 0.321991 0.533136  0.144873
6315 0.0364051 0.19305  0.770545
10661 0.353345 0.537263  0.109393
8682 0.453783 0.361942  0.184275
4925 0.500149 0.183444  0.316407
7298 0.240953 0.285615  0.473431
1776 0.329479 0.14666  0.523862
11923 0.351757 0.592706  0.0555373
7744 0.190811 0.120806  0.688383
7982 0.0469671 0.374244  0.578789
11015 0.0284402 0.843266  0.128294
5486 0.391953 0.458624  0.149423
2198 0.516838 0.0570592  0.426102
5991 0.555651 0.233018  0.211331
11951 0.416123 0.254941  0.328935
9416 0.421634 0.424762  0.153603
886 0.246506 0.667873  0.0856202
9310 0.468305 0.264871  0.266824
5792 0.4245 0.300006  0.275494
3121 0.0424245 0.628272  0.329303
1714 0.332528 0.319955  0.347516
10094 0.358558 0.367559  0.273883
1668 0.40751 0.50804  0.08445
3957 0.420232 0.09702  0.482748
9119 0.378872 0.299418  0.32171
2965 0.35312 0.054965  0.591915
10148 0.180108 0.273681  0.54621
3482 0.530617 0.117358  0.352025
7855 0.1955 0.270157  0.534343
1807 0.576629 0.391442  0.0319294
5006 0.174468 0.597737  0.227795
8772 0.633488 0.0616292  0.304883
5484 0.349467 0.0892163  0.561317
5103 0.58051 0.377111  0.0423786
4696 0.406285 0.467516  0.126199
1300 0.47753 0.258986  0.263484
430 0.438013 0.51281  0.0491768
12035 0.238049 0.3446  0.41735
9521 0.814481 0.144271  0.0412487
2795 0.153468 0.434695  0.411837
9129 0.156637 0.445078  0.398284
2366 0.250102 0.334382  0.415516
4640 0.456805 0.313982  0.229213
5009 0.355346 0.194122  0.450532
5730 0.556534 0.171864  0.271601
3878 0.159939 0.811624  0.0284371
7971 0.180086 0.402321  0.417593
8922 0.463217 0.179435  0.357347
11916 0.0903335 0.349607  0.560059
7650 0.084586 0.21801  0.697404
1036 0.221738 0.410921  0.367341
9975 0.220407 0.59019  0.189402
7726 0.396227 0.554701  0.0490718
3975 0.225726 0.317109  0.457165
6140 0.542642 0.0996568  0.357702
10492 0.368952 0.347371  0.283677
10858 0.456897 0.100875  0.442228
10091 0.321159 0.319686  0.359154
6747 0.015722 0.471285  0.512993
10653 0.0626643 0.486906  0.450429
12456 0.662257 0.186479  0.151264
6524 0.263431 0.347022  0.389548
10775 0.657045 0.252786  0.0901691
2579 0.4482 0.208126  0.343675
9324 0.527124 0.127231  0.345646
7344 0.359787 0.196598  0.443615
3421 0.432653 0.545172  0.0221748
3557 0.193908 0.0667244  0.739367
2619 0.164615 0.219568  0.615817
1414 0.474239 0.147158  0.378602
7551 0.431586 0.391787  0.176627
6957 0.306874 0.43306  0.260067
10880 0.393682 0.357332  0.248985
6507 0.475975 0.214496  0.309529
1868 0.438644 0.485835  0.0755215
5524 0.240894 0.439593  0.319513
9149 0.387184 0.519472  0.0933436
9357 0.792864 0.08966  0.117476
9577 0.0412461 0.520129  0.438625
9796 0.397045 0.364119  0.238837
10131 0.347488 0.369429  0.283082
8771 0.207638 0.443453  0.348909
3485 0.0647116 0.423612  0.511676
10177 0.328021 0.407674  0.264305
8953 0.304259 0.247982  0.447759
6829 0.304853 0.214341  0.480805
6794 0.242625 0.0733564  0.684018
12203 0.409362 0.177285  0.413353
10160 0.516623 0.237962  0.245415
11160 0.475754 0.432984  0.0912612
3927 0.618734 0.124347  0.256919
11254 0.519874 0.171112  0.309014
3374 0.467736 0.290275  0.241989
6451 0.386175 0.431031  0.182794
11964 0.252266 0.733753  0.0139818
4360 0.434631 0.0258439  0.539525
1234 0.360178 0.148741  0.491081
6640 0.387143 0.224255  0.388602
6265 0.420516 0.191027  0.388457
1867 0.117922 0.495663  0.386415
9544 0.0308358 0.440603  0.528561
1336 0.241911 0.340518  0.417571
6944 0.258678 0.119769  0.621554
2288 0.61753 0.139503  0.242967
3503 0.260988 0.405139  0.333874
11508 0.253122 0.426623  0.320255
2561 0.527439 0.297773  0.174788
1928 0.465237 0.223685  0.311079
7329 0.463774 0.334537  0.20169
3728 0.131423 0.587934  0.280642
9963 0.37646 0.550834  0.0727053
6658 0.127694 0.415447  0.456859
8701 0.178948 0.230554  0.590498
4593 0.320151 0.378282  0.301567
3488 0.792197 0.042592  0.165211
12303 0.328413 0.355602  0.315985
271 0.350555 0.253364  0.396081
10924 0.407584 0.15017  0.442246
6888 0.454216 0.470571  0.0752134
2643 0.1809 0.679573  0.139527
9896 0.0582912 0.550791  0.390918
7107 0.227753 0.582743  0.189504
10624 0.405479 0.370325  0.224196
10815 0.628796 0.234019  0.137186
5617 0.475011 0.115969  0.40902
1012 0.210538 0.345157  0.444305
3453 0.426312 0.151011  0.422678
3403 0.477096 0.356654  0.16625
5420 0.356969 0.545354  0.0976768
10301 0.42117 0.380375  0.198454
11498 0.502313 0.474821  0.0228659
9220 0.54231 0.157223  0.300467
9772 0.253829 0.457278  0.288893
5292 0.606443 0.135522  0.258034
2804 0.3388 0.430532  0.230668
10917 0.134237 0.428533  0.437229
5037 0.0873186 0.697977  0.214704
7059 0.170708 0.45446  0.374832
5098 0.548935 0.379102  0.0719632
4420 0.208999 0.454151  0.336851
1913 0.177034 0.19169  0.631276
2355 0.868451 0.0879345  0.0436149
4458 0.728509 0.0966503  0.174841
9099 0.314666 0.383949  0.301385
7864 0.0275042 0.774404  0.198091
9336 0.0874983 0.793369  0.119133
568 0.344028 0.632143  0.0238281
4285 0.489425 0.075576  0.434999
10081 0.621474 0.293179  0.0853465
8712 0.782927 0.183198  0.0338748
4957 0.0503552 0.237499  0.712146
9219 0.263103 0.400745  0.336152
8543 0.588086 0.166897  0.245017
5462 0.115459 0.579779  0.304762
7181 0.271215 0.606506  0.122279
7206 0.455592 0.239007  0.305402
5213 0.444548 0.174973  0.380479
5757 0.434198 0.252871  0.312932
5374 0.446011 0.376155  0.177834
4918 0.249322 0.0539465  0.696731
1042 0.0481459 0.184401  0.767453
4966 0.0989744 0.354948  0.546078
814 0.0560924 0.320514  0.623393
7563 0.327549 0.158107  0.514344
5016 0.271227 0.346253  0.38252
2858 0.376832 0.345565  0.277603
8911 0.310146 0.28354  0.406314
4227 0.343851 0.364544  0.291605
9431 0.094222 0.607932  0.297846
10173 0.736826 0.0274499  0.235724
3003 0.280276 0.290429  0.429294
5966 0.134904 0.554182  0.310914
9276 0.503205 0.451147  0.0456474
7094 0.227043 0.64326  0.129697
713 0.330843 0.332461  0.336696
6790 0.29541 0.483439  0.221152
4453 0.371869 0.167679  0.460453
11340 0.159864 0.293274  0.546862
950 0.555467 0.243636  0.200897
6568 0.363918 0.189563  0.446518
9926 0.358794 0.342194  0.299013
8553 0.120145 0.331325  0.54853
4708 0.302299 0.602672  0.095029
9898 0.499764 0.406698  0.0935375
9815 0.345214 0.352694  0.302092
11624 0.469549 0.217086  0.313365
5337 0.414795 0.164673  0.420532
7046 0.297396 0.439131  0.263473
8664 0.446666 0.269603  0.28373
7341 0.321612 0.426259  0.252129
11424 0.431231 0.0122251  0.556544
9707 0.36575 0.315368  0.318882
4804 0.357479 0.36199  0.280532
10763 0.228022 0.314176  0.457802
10679 0.485449 0.013537  0.501014
940 0.305689 0.281485  0.412825
7902 0.646631 0.0155582  0.337811
6735 0.499933 0.135561  0.364506
5237 0.0973199 0.523784  0.378896
5332 0.210693 0.597021  0.192286
7456 0.226633 0.452207  0.32116
5985 0.180121 0.706276  0.113602
6500 0.0401862 0.547001  0.412813
9215 0.0744794 0.479871  0.445649
9329 0.411313 0.403584  0.185103
11094 0.164386 0.162175  0.67344
2199 0.501645 0.375344  0.12301
11716 0.172552 0.49498  0.332467
1812 0.250566 0.438208  0.311226
3366 0.288126 0.440908  0.270966
2737 0.396772 0.566419  0.0368091
918 0.027953 0.206345  0.765702
11446 0.367678 0.220946  0.411376
1259 0.0752281 0.443277  0.481494
11916 0.0196713 0.319474  0.660855
11448 0.0161651 0.494549  0.489286
7292 0.550791 0.130371  0.318838
7335 0.648162 0.152297  0.199542
7761 0.517662 0.180848  0.30149
3960 0.659835 0.0935358  0.246629
2375 0.532602 0.0121343  0.455263
2898 0.356908 0.410071  0.233021
10354 0.503327 0.346386  0.150287
3782 0.707305 0.114031  0.178664
8545 0.289665 0.350178  0.360157
8993 0.164824 0.32697  0.508206
6296 0.302433 0.539815  0.157752
5536 0.169414 0.51736  0.313226
684 0.387088 0.505477  0.107434
8072 0.320753 0.658483  0.0207639
10593 0.363676 0.442112  0.194212
5494 0.379879 0.142629  0.477492
10512 0.29692 0.345034  0.358046
1936 0.433008 0.479555  0.0874373
3509 0.101141 0.488089  0.410769
5514 0.550736 0.439528  0.00973573
4247 0.0485257 0.191301  0.760173
1356 0.501103 0.223477  0.27542
6995 0.19346 0.304007  0.502533
10854 0.443785 0.346667  0.209548
6009 0.424341 0.363932  0.211726
9730 0.222526 0.588315  0.189158
5552 0.376847 0.353367  0.269785
8397 0.410297 0.333496  0.256206
1808 0.282309 0.28171  0.435982
405 0.0494798 0.439057  0.511463
6998 0.120517 0.533664  0.345818
3207 0.45032 0.234478  0.315201
7055 0.381706 0.245838  0.372456
4098 0.689857 0.114161  0.195982
5100 0.444856 0.0912351  0.463909
7136 0.46951 0.0291211  0.501369
688 0.172647 0.425081  0.402272
4130 0.238599 0.365437  0.395964
8523 0.290612 0.446545  0.262843
908 0.550424 0.10677  0.342805
11312 0.577387 0.407338  0.0152746
8543 0.372479 0.550175  0.0773461
2471 0.169355 0.278627  0.552018
5028 0.190538 0.562669  0.246794
8064 0.318427 0.35723  0.324342
3645 0.516799 0.0283943  0.454807
3805 0.212411 0.0925673  0.695022
5026 0.49783 0.369549  0.132621
9223 0.395644 0.521662  0.0826942
4990 0.264047 0.363791  0.372162
6004 0.251671 0.543968  0.204361
4165 0.3476 0.358884  0.293516
4015 0.629304 0.14186  0.228836
11975 0.611163 0.0809599  0.307877
4450 0.496486 0.464856  0.0386585
7269 0.358438 0.0562855  0.585277
12444 0.426968 0.332279  0.240753
2935 0.172691 0.580589  0.24672
7756 0.533611 0.253241  0.213148
6445 0.296085 0.368728  0.335187
2313 0.425103 0.0577831  0.517114
9058 0.408192 0.0309188  0.560889
4539 0.148924 0.691195  0.159881
9933 0.161559 0.537215  0.301226
11923 0.352132 0.296961  0.350907
9452 0.491907 0.266427  0.241666
11484 0.262398 0.379512  0.358089
7510 0.0597426 0.309703  0.630554
4779 0.622036 0.253271  0.124693
3876 0.197159 0.385892  0.416949
2190 0.461249 0.327403  0.211348
6981 0.174002 0.625189  0.200809
6171 0.0235673 0.613087  0.363346
12026 0.522262 0.221136  0.256602
11130 0.0109227 0.537639  0.451438
2656 0.247909 0.342879  0.409212
7492 0.165688 0.188488  0.645824
305 0.203781 0.344758  0.451461
9562 0.233499 0.472083  0.294419
4510 0.357436 0.358996  0.283568
8555 0.149057 0.692427  0.158517
2153 0.10656 0.353988  0.539452
10340 0.433165 0.445552  0.121283
10005 0.414896 0.229324  0.35578
10415 0.027071 0.449886  0.523043
4331 0.309458 0.447924  0.242617
9748 0.219071 0.422874  0.358055
11479 0.483536 0.0570887  0.459375
1634 0.0269716 0.688882  0.284146
7165 0.344444 0.510811  0.144745
3364 0.310921 0.424086  0.264993
6466 0.41406 0.355622  0.230317
4378 0.81421 0.119814  0.0659768
10301 0.141702 0.617925  0.240373
1033 0.494412 0.389844  0.115745
8590 0.0975248 0.307636  0.594839
6687 0.396955 0.423184  0.179861
4827 0.401496 0.226244  0.37226
10935 0.333455 0.280703  0.385843
5997 0.22305 0.305473  0.471477
1331 0.598742 0.0526267  0.348631
3783 0.194453 0.553877  0.251671
12012 0.269158 0.264896  0.465946
497 0.0684391 0.441996  0.489565
1374 0.652941 0.281324  0.0657347
6970 0.466796 0.325411  0.207793
1945 0.160291 0.325889  0.513819
12257 0.295708 0.174128  0.530165
776 0.361215 0.316946  0.32184
5052 0.757356 0.210676  0.0319675
7359 0.252228 0.395252  0.35252
8091 0.545844 0.267027  0.187128
425 0.175109 0.493659  0.331233
11484 0.334923 0.418062  0.247015
6525 0.515017 0.0723276  0.412656
2163 0.399802 0.196722  0.403477
2320 0.329704 0.397178  0.273117
6192 0.806893 0.118847  0.0742605
10962 0.040404 0.496747  0.462849
7177 0.199315 0.476976  0.323709
11532 0.287073 0.531904  0.181023
2014 0.259237 0.3436  0.397163
4734 0.195697 0.388031  0.416272
7587 0.487676 0.156819  0.355504
3948 0.420678 0.0868421  0.49248
8574 0.503868 0.098973  0.397159
8510 0.481882 0.260732  0.257386
6360 0.806772 0.0106211  0.182607
4940 0.280784 0.0325084  0.686707
411 0.631205 0.097902  0.270893
5095 0.322966 0.30755  0.369484
4724 0.120453 0.267454  0.612093
7476 0.381714 0.163567  0.454719
5759 0.481034 0.344108  0.174858
6168 0.553845 0.401593  0.0445616
8870 0.294242 0.399944  0.305814
4915 0.636988 0.313252  0.0497601
6024 0.253908 0.36134  0.384751
10542 0.480652 0.479286  0.0400622
589 0.0244362 0.33254  0.643024
10857 0.207883 0.311861  0.480257
4813 0.00679666 0.425899  0.567305
4593 0.24699 0.307158  0.445853
1986 0.416032 0.418643  0.165325
10293 0.353921 0.205649  0.440429
680 0.521899 0.289821  0.18828
1109 0.29676 0.376909  0.326331
229 0.500796 0.0137031  0.485501
7608 0.429637 0.274462  0.295901
3721 0.236484 0.411931  0.351585
4756 0.455805 0.277092  0.267103
4845 0.524321 0.148975  0.326705
11083 0.104644 0.368448  0.526908
12406 0.610108 0.0993575  0.290534
2545 0.580891 0.23991  0.179199
376 0.341084 0.0868942  0.572021
10736 0.19943 0.732302  0.0682675
7722 0.0884723 0.694195  0.217333
3454 0.428931 0.221227  0.349842
7036 0.334513 0.407929  0.257557
9486 0.699176 0.241175  0.059649
11624 0.352707 0.550019  0.0972738
10672 0.548351 0.181296  0.270353
10639 0.671575 0.274849  0.0535761
8208 0.2998 0.563892  0.136308
3165 0.15452 0.430937  0.414543
8888 0.386474 0.512603  0.100923
1368 0.124077 0.273073  0.60285
10850 0.341614 0.223166  0.43522
1415 0.118389 0.279145  0.602466
54 0.313403 0.228671  0.457926
1494 0.379352 0.412019  0.208629
5631 0.478069 0.277513  0.244418
6246 0.518078 0.340621  0.141301
8221 0.266726 0.164904  0.56837
7986 0.0309306 0.42138  0.547689
7719 0.172587 0.443514  0.383899
778 0.094315 0.70084  0.204845
1023 0.413204 0.560753  0.0260431
5274 0.334311 0.322238  0.343451
1205 0.330571 0.329593  0.339837
7300 0.668316 0.0305524  0.301131
5368 0.114311 0.298285  0.587404
7927 0.165709 0.459568  0.374723
8581 0.365844 0.509755  0.124401
1542 0.403592 0.308219  0.28819
12027 0.576961 0.15323  0.269809
7263 0.260919 0.31995  0.419131
8545 0.0318949 0.862394  0.105711
2668 0.0267314 0.301696  0.671573
10315 0.466412 0.0909516  0.442636
1857 0.0291919 0.863612  0.107197
8634 0.0552967 0.758032  0.186672
2504 0.207451 0.36635  0.426199
5999 0.311232 0.429262  0.259507
1177 0.218588 0.473218  0.308194
1659 0.545919 0.0759099  0.378171
8697 0.199509 0.502123  0.298368
10810 0.440642 0.250525  0.308833
3689 0.339464 0.396443  0.264093
7088 0.199402 0.309662  0.490935
4814 0.311253 0.444193  0.244554
6899 0.251839 0.498641  0.24952
8413 0.0172666 0.429073  0.55366
6298 0.370578 0.327832  0.30159
2309 0.26713 0.0301627  0.702707
9448 0.302198 0.360577  0.337224
12438 0.410332 0.226192  0.363476
3009 0.565158 0.158601  0.276241
11192 0.225538 0.30423  0.470232
11697 0.320205 0.325126  0.35467
3601 0.0979494 0.740588  0.161462
998 0.342198 0.317737  0.340065
5103 0.342688 0.28427  0.373042
4468 0.381793 0.124665  0.493542
3317 0.158502 0.14491  0.696588
11775 0.523258 0.419531  0.0572112
9672 0.314834 0.626242  0.0589239
9368 0.291061 0.44138  0.267559
12162 0.356527 0.352334  0.291139
2282 0.39233 0.207431  0.400239
7161 0.210749 0.386041  0.40321
11607 0.504066 0.2378  0.258134
9978 0.769273 0.156472  0.0742556
11867 0.453324 0.0333263  0.513349
11964 0.48075 0.282181  0.23707
4116 0.243171 0.1357  0.621129
2715 0.242065 0.380598  0.377337
9603 0.236699 0.569736  0.193566
8536 0.335681 0.0184038  0.645915
4156 0.352177 0.249748  0.398075
2803 0.339092 0.390146  0.270762
11482 0.129798 0.332008  0.538194
2789 0.417842 0.212533  0.369625
1646 0.164367 0.408972  0.426661
2470 0.166737 0.327749  0.505514
10132 0.237174 0.363232  0.399594
660 0.805513 0.158876  0.0356101
6365 0.185261 0.165868  0.648871
6686 0.493703 0.4014  0.104897
7051 0.0809546 0.418233  0.500813
3210 0.471717 0.0374184  0.490865
9560 0.146895 0.435603  0.417502
6883 0.422709 0.129016  0.448275
3780 0.0415403 0.39105  0.56741
4106 0.511173 0.232432  0.256395
6234 0.239048 0.0292827  0.731669
3057 0.325558 0.280024  0.394418
1092 0.353981 0.346456  0.299563
9570 0.498832 0.226594  0.274574
2165 0.453626 0.134442  0.411933
551 0.460989 0.105298  0.433713
2798 0.357816 0.210338  0.431846
8243 0.314267 0.337643  0.34809
8002 0.316798 0.326  0.357202
8206 0.332076 0.328971  0.338953
9589 0.0516251 0.468104  0.480271
9313 0.202572 0.210029  0.587399
12020 0.203077 0.348603  0.44832
7378 0.386716 0.482997  0.130287
12460 0.439045 0.310137  0.250818
3104 0.279904 0.144671  0.575425
4390 0.429015 0.461681  0.109304
11557 0.265525 0.689705  0.0447703
6060 0.311052 0.274518  0.41443
7929 0.0793764 0.833505  0.0871184
10098 0.20496 0.629455  0.165585
5454 0.413443 0.227961  0.358597
305 0.482003 0.455775  0.0622221
2254 0.212403 0.125032  0.662565
1436 0.301259 0.118  0.580741
3302 0.151536 0.296147  0.552318
4047 0.423294 0.382419  0.194287
9820 0.550348 0.403386  0.0462665
404 0.369252 0.305726  0.325022
6672 0.314835 0.371629  0.313535
7339 0.158111 0.668314  0.173575
8446 0.410836 0.45821  0.130953
11677 0.48987 0.136444  0.373686
9920 0.251985 0.404928  0.343087
24 0.451519 0.262096  0.286385
8846 0.370611 0.571023  0.0583663
2958 0.613313 0.00950396  0.377183
292 0.322612 0.260853  0.416535
11691 0.188194 0.4439  0.367906
6143 0.0745814 0.452072  0.473347
2475 0.344772 0.214802  0.440426
8467 0.43076 0.167215  0.402025
6801 0.233311 0.385501  0.381187
8442 0.120236 0.71784  0.161924
3246 0.186007 0.419717  0.394276
1015 0.284361 0.256728  0.458911
8889 0.319647 0.429598  0.250754
10561 0.259845 0.277838  0.462317
10205 0.294013 0.389723  0.316263
10984 0.197688 0.408907  0.393406
9511 0.320291 0.0152753  0.664434
1798 0.489319 0.432948  0.0777325
11875 0.363902 0.380066  0.256032
9320 0.218139 0.160139  0.621722
5373 0.101344 0.121362  0.777295
4844 0.283356 0.160158  0.556486
10135 0.428563 0.31307  0.258367
2045 0.653515 0.336449  0.010036
10732 0.247046 0.515015  0.237939
5251 0.708622 0.252222  0.0391564
5271 0.325341 0.0241804  0.650479
2448 0.0357005 0.517347  0.446953
7168 0.524857 0.105905  0.369239
10390 0.499843 0.188523  0.311634
3979 0.392763 0.0775741  0.529663
8550 0.655677 0.24289  0.101433
11972 0.584074 0.121625  0.294301
3817 0.0500863 0.704547  0.245367
1323 0.390296 0.291281  0.318423
11150 0.302051 0.446851  0.251098
6274 0.644154 0.178323  0.177522
6323 0.477904 0.440914  0.0811818
10523 0.293413 0.542972  0.163615
11620 0.493064 0.226172  0.280764
9439 0.355699 0.307936  0.336365
10259 0.0475598 0.741844  0.210596
2140 0.0406849 0.20484  0.754475
3439 0.250031 0.359903  0.390066
12443 0.441887 0.0922066  0.465907
7935 0.088169 0.506137  0.405694
775 0.507472 0.202721  0.289808
2913 0.305555 0.519043  0.175402
11498 0.255459 0.39042  0.354122
12012 0.250343 0.503382  0.246274
11909 0.163151 0.554257  0.282592
3449 0.510281 0.239161  0.250558
9854 0.534597 0.268267  0.197137
6812 0.534758 0.264123  0.201119
9833 0.64765 0.207305  0.145045
5688 0.155882 0.28121  0.562908
11301 0.325508 0.346089  0.328404
8620 0.416304 0.468271  0.115424
8076 0.165706 0.532703  0.301591
4831 0.386365 0.2964  0.317235
6666 0.195758 0.572313  0.231929
6796 0.365517 0.363018  0.271465
7686 0.412509 0.360134  0.227357
6421 0.472096 0.195993  0.331911
3820 0.317432 0.446688  0.23588
8293 0.394522 0.150969  0.454509
10339 0.0284682 0.384982  0.586549
7860 0.35657 0.0919995  0.551431
11139 0.21409 0.278794  0.507116
9888 0.504889 0.45834  0.0367706
7479 0.494098 0.0636427  0.44226
11354 0.427161 0.23206  0.340779
7657 0.357762 0.454225  0.188013
5509 0.673406 0.157533  0.169061
6522 0.401213 0.244783  0.354004
11116 0.18904 0.0296821  0.781278
12456 0.419651 0.380823  0.199525
9469 0.249057 0.486627  0.264316
7702 0.303438 0.433364  0.263197
1353 0.628292 0.0646262  0.307082
8441 0.27995 0.154077  0.565973
4789 0.184032 0.716444  0.0995243
342 0.386147 0.361112  0.252741
4364 0.218207 0.420044  0.361749
140 0.299983 0.35687  0.343147
9865 0.410159 0.385275  0.204566
10609 0.0604335 0.514288  0.425278
11912 0.351172 0.22344  0.425388
4911 0.688419 0.23221  0.0793705
11242 0.268708 0.71516  0.0161323
1538 0.664902 0.0486136  0.286484
2712 0.240482 0.417218  0.3423
1871 0.097909 0.474184  0.427907
2354 0.548644 0.280613  0.170743
11254 0.407694 0.226846  0.365461
104 0.432606 0.504195  0.0631991
3135 0.609618 0.203407  0.186974
6495 0.364359 0.497121  0.13852
2638 0.260418 0.399207  0.340376
5528 0.531678 0.339521  0.128801
8839 0.324733 0.602234  0.0730336
4511 0.709801 0.156429  0.133771
684 0.0744211 0.441472  0.484107
9642 0.607681 0.339536  0.0527828
11736 0.135105 0.364208  0.500687
3597 0.115017 0.330704  0.554279
10266 0.41479 0.182221  0.402989
11897 0.157285 0.192823  0.649891
7894 0.133394 0.437771  0.428835
7619 0.475196 0.300475  0.224328
919 0.0927194 0.532793  0.374487
10736 0.453094 0.424089  0.122817
11844 0.232161 0.567051  0.200788
11974 0.227809 0.282544  0.489647
11801 0.329158 0.630691  0.0401509
8772 0.478101 0.0496759  0.472223
577 0.487238 0.477108  0.0356532
10546 0.172651 0.327304  0.500045
3480 0.398217 0.295769  0.306014
3267 0.583911 0.173909  0.24218
2827 0.479922 0.122654  0.397424
6716 0.281957 0.147815  0.570228
10233 0.426518 0.156187  0.417295
2689 0.42392 0.144537  0.431543
3231 0.580842 0.138645  0.280514
185 0.0234649 0.631795  0.34474
2083 0.543644 0.190845  0.26551
3275 0.468359 0.459784  0.0718576
8380 0.460846 0.489184  0.0499693
7152 0.493095 0.303545  0.203359
6380 0.378731 0.154426  0.466843
1793 0.203847 0.349134  0.447019
11147 0.0394642 0.251219  0.709317
6281 0.379798 0.519738  0.100465
1206 0.113448 0.402865  0.483687
7800 0.123534 0.344191  0.532275
11309 0.085819 0.456998  0.457183
10650 0.251733 0.453138  0.29513
12200 0.357493 0.270415  0.372091
1624 0.300841 0.108311  0.590848
4824 0.526807 0.355028  0.118164
2094 0.372796 0.432824  0.19438
9179 0.283833 0.369791  0.346377
5200 0.320915 0.36432  0.314764
9633 0.058373 0.591599  0.350028
10427 0.0250082 0.379986  0.595005
11507 0.136041 0.430047  0.433912
9118 0.320805 0.331395  0.3478
7095 0.715731 0.24627  0.0379993
4045 0.269721 0.572657  0.157622
7048 0.191004 0.330766  0.478231
1028 0.32641 0.527837  0.145753
263 0.318542 0.15  0.531457
5702 0.299551 0.283007  0.417443
927 0.438725 0.371696  0.189579
8912 0.300349 0.332835  0.366815
8940 0.0476519 0.130713  0.821635
6077 0.363269 0.338535  0.298196
425 0.214461 0.119165  0.666374
838 0.290189 0.219063  0.490748
11014 0.373128 0.203304  0.423568
9347 0.843176 0.0955414  0.0612827
3507 0.333655 0.427996  0.238348
3876 0.671042 0.18978  0.139178
7541 0.314882 0.281409  0.403709
12021 0.112473 0.496549  0.390977
9467 0.255352 0.158819  0.585829
10597 0.15331 0.0230977  0.823592
10116 0.158252 0.43604  0.405708
8591 0.253904 0.505306  0.24079
1850 0.675874 0.16309  0.161036
11728 0.502243 0.157957  0.3398
1874 0.614544 0.218681  0.166774
2366 0.432768 0.248644  0.318587
6401 0.429151 0.475631  0.0952181
6335 0.107172 0.453011  0.439817
11751 0.394362 0.358515  0.247122
118 0.408419 0.174728  0.416853
3667 0.247971 0.400102  0.351927
10304 0.284653 0.370621  0.344726
10844 0.168346 0.5227  0.308954
12255 0.214989 0.295742  0.489269
2829 0.325194 0.388792  0.286014
6102 0.186722 0.470236  0.343042
11683 0.407433 0.171102  0.421465
2704 0.433197 0.32978  0.237023
3352 0.715906 0.15156  0.132534
984 0.185106 0.376675  0.438219
1198 0.160887 0.783977  0.0551366
6752 0.369076 0.439093  0.191832
7539 0.191858 0.557409  0.250733
1761 0.151668 0.281676  0.566656
5407 0.518641 0.0185626  0.462796
5458 0.439751 0.141031  0.419218
1471 0.0189725 0.301383  0.679644
8936 0.278533 0.561948  0.159519
11313 0.324058 0.189163  0.486779
3914 0.421492 0.332762  0.245746
12132 0.32423 0.480313  0.195458
4131 0.277038 0.497479  0.225483
10742 0.281538 0.225446  0.493016
8191 0.249848 0.233166  0.516986
5365 0.623828 0.33004  0.0461315
2167 0.0258445 0.488856  0.485299
10907 0.250341 0.0789929  0.670666
7122 0.176017 0.775819  0.0481642
8286 0.409112 0.298757  0.292131
11636 0.270565 0.129775  0.59966
11611 0.442154 0.418255  0.139591
7959 0.28995 0.357158  0.352892
4267 0.377276 0.0791525  0.543572
8064 0.18605 0.753561  0.0603881
6517 0.407158 0.454246  0.138595
38 0.457749 0.452234  0.090017
6750 0.181598 0.425792  0.392611
3457 0.364196 0.44949  0.186314
5730 0.597854 0.0160379  0.386108
3870 0.482347 0.204695  0.312958
9171 0.321526 0.150905  0.52757
12251 0.296701 0.463467  0.239832
6075 0.100357 0.171593  0.72805
10626 0.237377 0.470303  0.29232
2907 0.405623 0.427068  0.167308
5646 0.387693 0.178268  0.434039
10852 0.150558 0.20926  0.640181
10892 0.449098 0.0242717  0.52663
5189 0.289503 0.277228  0.433269
5707 0.150147 0.56502  0.284833
7565 0.0255986 0.297352  0.677049
2233 0.0459499 0.52236  0.43169
4467 0.0241098 0.600496  0.375395
9805 0.806147 0.04975  0.144103
12221 0.356473 0.255049  0.388478
2979 0.158743 0.685259  0.155999
9762 0.270839 0.102195  0.626967
55 0.216365 0.5015  0.282135
6365 0.241559 0.42267  0.335771
7641 0.378356 0.450073  0.171571
6744 0.203331 0.208219  0.588449
11192 0.258774 0.139521  0.601705
7070 0.355731 0.379483  0.264787
3684 0.253201 0.261143  0.485656
1266 0.250327 0.445002  0.304671
4514 0.379608 0.166838  0.453554
2998 0.517666 0.328721  0.153613
3357 0.396743 0.357687  0.24557
4842 0.303913 0.588411  0.107676
1832 0.33986 0.294688  0.365452
1911 0.605064 0.24064  0.154296
6392 0.597523 0.0674839  0.334993
5161 0.8719 0.0238883  0.104212
9504 0.488762 0.38384  0.127399
4233 0.311377 0.269004  0.41962
1596 0.429469 0.115095  0.455436
3194 0.37277 0.560805  0.0664242
6469 0.389218 0.0808325  0.52995
6382 0.657145 0.238619  0.104236
3887 0.0428852 0.678514  0.278601
3302 0.236805 0.488617  0.274577
4576 0.0219928 0.889113  0.0888938
158 0.53628 0.433708  0.0300119
6465 0.392291 0.299784  0.307926
12262 0.239614 0.0689799  0.691406
12113 0.429508 0.186463  0.384029
7067 0.0146535 0.491316  0.49403
9982 0.265033 0.372969  0.361998
8051 0.348274 0.479889  0.171837
5022 0.429716 0.473686  0.0965982
8392 0.453806 0.303991  0.242203
3194 0.251133 0.29394  0.454927
5382 0.389542 0.579102  0.0313568
3192 0.469695 0.408397  0.121909
10794 0.116408 0.346885  0.536707
3420 0.036196 0.938649  0.0251548
709 0.14709 0.512249  0.340661
12393 0.324796 0.323441  0.351762
7762 0.328918 0.298865  0.372216
8406 0.311325 0.414619  0.274056
12419 0.197188 0.293561  0.509251
192 0.404856 0.151936  0.443207
5092 0.116251 0.329973  0.553776
1444 0.530937 0.141797  0.327265
9553 0.107621 0.316638  0.575741
7091 0.435156 0.0900396  0.474805
2119 0.315668 0.664752  0.0195797
4558 0.231672 0.347091  0.421237
10299 0.258388 0.434415  0.307198
7565 0.543918 0.391884  0.0641978
3220 0.23298 0.468339  0.298681
4625 0.432567 0.151688  0.415744
977 0.39896 0.0715505  0.529489
2649 0.536721 0.204978  0.258302
8983 0.309307 0.295889  0.394804
11982 0.340917 0.169234  0.489848
2091 0.20513 0.413534  0.381336
1041 0.184176 0.256759  0.559064
3479 0.310051 0.404403  0.285545
10774 0.670943 0.303482  0.0255757
10546 0.153911 0.539695  0.306393
4605 0.245746 0.446839  0.307415
5610 0.236018 0.591034  0.172949
4967 0.0633 0.588201  0.348499
3817 0.380993 0.338351  0.280656
9897 0.0779995 0.0977122  0.824288
9925 0.445682 0.128303  0.426015
10497 0.215034 0.243023  0.541943
252 0.406252 0.273885  0.319863
7909 0.183205 0.386932  0.429863
11886 0.583973 0.186197  0.229831
4509 0.15568 0.611219  0.233102
8878 0.231318 0.626528  0.142154
4246 0.371524 0.264636  0.36384
4331 0.37559 0.315377  0.309033
2370 0.105519 0.755776  0.138705
4970 0.367956 0.353991  0.278053
9897 0.0604609 0.473004  0.466536
4142 0.266121 0.6441  0.0897792
2764 0.106285 0.618645  0.27507
8404 0.390372 0.42759  0.182038
1242 0.165587 0.273606  0.560807
4198 0.371859 0.144592  0.48355
3881 0.208345 0.613719  0.177936
5596 0.627364 0.273837  0.0987992
12193 0.083212 0.0518017  0.864986
4742 0.458029 0.319679  0.222291
581 0.668028 0.150337  0.181636
2853 0.343586 0.283607  0.372807
10994 0.0200436 0.479676  0.50028
10121 0.23825 0.45147  0.31028
5147 0.296619 0.442827  0.260553
3955 0.0114622 0.299831  0.688707
2512 0.359193 0.558538  0.0822698
2933 0.632421 0.341373  0.0262056
2620 0.199286 0.748897  0.0518164
7350 0.364179 0.341323  0.294498
6493 0.311282 0.195998  0.492721
784 0.275383 0.581863  0.142754
6708 0.383002 0.0418329  0.575165
10814 0.553981 0.0885421  0.357477
9535 0.484099 0.431318  0.0845828
12287 0.327946 0.380911  0.291144
992 0.0110692 0.504221  0.484709
9921 0.290466 0.29356  0.415974
4593 0.663167 0.148954  0.187878
5789 0.380839 0.541998  0.0771638
11625 0.405305 0.197583  0.397112
271 0.204228 0.482506  0.313267
2761 0.438085 0.258907  0.303008
11267 0.0860928 0.620852  0.293055
1995 0.120173 0.494651  0.385176
10989 0.506611 0.111415  0.381974
8748 0.208966 0.147937  0.643097
1795 0.631052 0.0964392  0.272509
3482 0.0693369 0.421103  0.50956
12258 0.442739 0.401831  0.155431
2707 0.310764 0.39492  0.294316
6736 0.131911 0.396961  0.471128
5652 0.68627 0.27851  0.0352194
4029 0.40577 0.0880758  0.506154
1876 0.273538 0.35383  0.372632
8554 0.145041 0.0510656  0.803893
2206 0.0820371 0.300616  0.617346
11276 0.0356516 0.25579  0.708558
9664 0.393172 0.251216  0.355612
5168 0.312174 0.0583704  0.629456
3965 0.254884 0.598231  0.146885
12178 0.35981 0.37128  0.268909
11977 0.680016 0.24208  0.0779032
10910 0.0219133 0.492938  0.485149
5751 0.0220454 0.358739  0.619216
3979 0.412745 0.216054  0.3712
6498 0.245159 0.314026  0.440815
8812 0.427333 0.0310312  0.541636
4060 0.64606 0.153111  0.200829
2765 0.777414 0.182616  0.0399697
5026 0.660958 0.284528  0.0545139
6107 0.314789 0.366715  0.318496
11361 0.13009 0.493839  0.376071
829 0.494007 0.451779  0.054214
4918 0.341451 0.307189  0.35136
4362 0.105341 0.43131  0.463349
10232 0.411879 0.539891  0.0482308
8672 0.147831 0.473018  0.379151
9989 0.106356 0.128368  0.765275
11421 0.484883 0.0735311  0.441586
7804 0.381732 0.262877  0.355391
12204 0.164176 0.506584  0.32924
3040 0.157216 0.520069  0.322715
4101 0.508652 0.0896533  0.401695
5185 0.481545 0.136984  0.38147
2464 0.515473 0.369522  0.115005
10058 0.511033 0.32977  0.159198
384 0.283223 0.257126  0.459652
10538 0.0415864 0.598935  0.359479
1732 0.133771 0.619288  0.246941
10654 0.837539 0.114226  0.0482348
3250 0.209343 0.256072  0.534585
2498 0.279835 0.576178  0.143987
2394 0.314227 0.510104  0.175669
5151 0.378857 0.0270156  0.594128
9841 0.0632606 0.452654  0.484085
6729 0.176569 0.42172  0.401711
9128 0.459558 0.169112  0.37133
123 0.446315 0.252693  0.300991
1407 0.0886186 0.678391  0.232991
10145 0.289727 0.328225  0.382047
5302 0.620368 0.273202  0.10643
1551 0.483572 0.147211  0.369217
1898 0.227665 0.04323  0.729105
4042 0.409723 0.334696  0.255581
6953 0.303583 0.399631  0.296786
11090 0.280784 0.348532  0.370684
4620 0.402513 0.303496  0.293991
3731 0.0190939 0.491939  0.488967
3121 0.177039 0.502943  0.320018
8680 0.205103 0.51603  0.278867
8194 0.646209 0.160131  0.193659
2215 0.398203 0.223344  0.378454
3368 0.096375 0.323663  0.579962
5948 0.437583 0.346803  0.215614
3944 0.255375 0.340142  0.404483
11031 0.468478 0.134325  0.397197
11553 0.217749 0.653425  0.128826
3874 0.0375747 0.495351  0.467075
4302 0.105501 0.346516  0.547983
5589 0.377781 0.356485  0.265734
12212 0.0477624 0.316154  0.636084
4511 0.494075 0.464451  0.0414743
7430 0.323979 0.166689  0.509332
4554 0.130684 0.623668  0.245647
9421 0.219983 0.598461  0.181556
3109 0.071679 0.459369  0.468952
4722 0.460716 0.225072  0.314212
10109 0.374273 0.465594  0.160133
10505 0.528189 0.350375  0.121435
6613 0.153641 0.456872  0.389487
104 0.340195 0.603918  0.0558874
7210 0.17179 0.493826  0.334384
1728 0.690873 0.0352455  0.273881
9907 0.0392334 0.614062  0.346704
11486 0.60708 0.0349997  0.35792
3956 0.384106 0.518951  0.0969432
11410 0.216834 0.664582  0.118584
6741 0.398284 0.3697  0.232016
8428 0.364039 0.300592  0.335369
4914 0.214882 0.413121  0.371997
5075 0.321978 0.340928  0.337094
10924 0.226219 0.132079  0.641702
9851 0.628863 0.360759  0.0103782
6166 0.498251 0.153359  0.348389
12249 0.449233 0.534501  0.016266
8892 0.411572 0.174774  0.413654
3239 0.0230877 0.666582  0.31033
10573 0.18252 0.486498  0.330982
9814 0.415703 0.165414  0.418883
11065 0.354528 0.29743  0.348042
4138 0.317619 0.318127  0.364255
7267 0.300487 0.417985  0.281528
8770 0.42831 0.480371  0.0913196
8322 0.249107 0.206007  0.544885
8478 0.449189 0.171002  0.379809
9217 0.382772 0.462893  0.154335
9963 0.196406 0.202365  0.601229
2063 0.348754 0.346869  0.304377
1902 0.270206 0.349424  0.380369
8772 0.434639 0.140987  0.424374
7734 0.412763 0.215113  0.372123
11337 0.172338 0.109284  0.718378
10105 0.306553 0.352247  0.341201
4713 0.299367 0.300447  0.400186
858 0.331628 0.326961  0.341411
8116 0.196523 0.731633  0.0718437
11032 0.268325 0.515921  0.215754
3117 0.249482 0.367322  0.383196
8209 0.0566503 0.368258  0.575092
9797 0.791913 0.0671845  0.140902
9032 0.0175408 0.551046  0.431413
11450 0.348898 0.269314  0.381788
6593 0.272309 0.165355  0.562336
4218 0.0353937 0.587844  0.376762
54 0.137658 0.625338  0.237004
2643 0.0991644 0.313146  0.587689
4234 0.0985003 0.635407  0.266093
4364 0.197253 0.470373  0.332374
10966 0.443494 0.240452  0.316054
7692 0.597457 0.102526  0.300016
11597 0.485091 0.463272  0.0516365
10180 0.123157 0.425603  0.45124
7621 0.816146 0.12534  0.0585141
8658 0.350704 0.331983  0.317313
6753 0.380642 0.412898  0.20646
10194 0.262604 0.343112  0.394283
11258 0.464429 0.384655  0.150916
10224 0.21015 0.371572  0.418277
10324 0.0337585 0.697059  0.269183
6062 0.30401 0.423059  0.272931
2277 0.548946 0.285896  0.165159
3978 0.282717 0.467625  0.249658
12289 0.482078 0.174642  0.34328
9446 0.660688 0.24272  0.0965923
3367 0.0563008 0.181826  0.761874
11488 0.537897 0.12888  0.333223
9821 0.401695 0.543369  0.0549369
1377 0.0557903 0.109466  0.834744
5263 0.209882 0.404737  0.385381
11987 0.740652 0.023213  0.236135
2834 0.216867 0.061559  0.721573
11064 0.341422 0.404512  0.254066
6874 0.353676 0.45546  0.190864
11728 0.045326 0.528799  0.425875
2614 0.0580241 0.588374  0.353601
10539 0.623419 0.290902  0.085679
526 0.137465 0.278717  0.583818
2997 0.534272 0.406386  0.0593425
5256 0.137176 0.442939  0.419885
9706 0.253518 0.438999  0.307483
8496 0.0527381 0.392808  0.554454
1527 0.461823 0.0902668  0.44791
3423 0.367395 0.443278  0.189328
8809 0.103879 0.433098  0.463024
6639 0.384567 0.356419  0.259014
4260 0.210244 0.652657  0.1371
7405 0.0456866 0.382525  0.571789
11067 0.106786 0.0732027  0.820011
8117 0.0173639 0.366969  0.615667
1113 0.0695871 0.360135  0.570278
6280 0.101369 0.620362  0.278269
5979 0.779278 0.160305  0.060417
282 0.689225 0.131195  0.17958
9336 0.208339 0.187867  0.603794
7851 0.387362 0.392284  0.220353
9182 0.130322 0.480974  0.388704
3762 0.159715 0.460484  0.379801
1978 0.271057 0.388026  0.340916
5772 0.169926 0.409798  0.420276
603 0.0602767 0.434106  0.505618
891 0.48479 0.49355  0.0216605
1411 0.339665 0.358423  0.301912
9700 0.365502 0.141143  0.493356
3642 0.105018 0.836217  0.0587652
6951 0.575708 0.351321  0.0729714
1579 0.239433 0.53223  0.228337
1398 0.73228 0.194323  0.0733976
2358 0.231972 0.575624  0.192404
5179 0.178587 0.533651  0.287762
1477 0.441286 0.13868  0.420034
11936 0.419476 0.541451  0.0390727
6594 0.134743 0.270209  0.595048
8477 0.357742 0.425899  0.216359
1807 0.171342 0.309269  0.519389
2428 0.287765 0.196689  0.515546
9863 0.167344 0.259205  0.573451
12064 0.439616 0.0375784  0.522806
6902 0.463596 0.307539  0.228865
6470 0.208085 0.438368  0.353547
2957 0.179695 0.130411  0.689893
27 0.32495 0.329972  0.345079
2255 0.103192 0.44959  0.447218
5298 0.570435 0.228644  0.20092
7102 0.0265426 0.833879  0.139578
5045 0.260074 0.536352  0.203573
3362 0.309407 0.675144  0.0154495
9485 0.523444 0.205144  0.271412
10832 0.0878009 0.504151  0.408048
9370 0.568514 0.205289  0.226197
6647 0.446795 0.294207  0.258998
8266 0.328091 0.253567  0.418342
1527 0.128813 0.408069  0.463119
2605 0.461708 0.169864  0.368428
