3031 0.464204 0.336643  0.199153
1277 0.346476 0.199702  0.453822
1097 0.375333 0.0747016  0.549965
3540 0.424575 0.228152  0.347273
2639 0.304724 0.387393  0.307883
2115 0.090609 0.321774  0.587617
885 0.233887 0.470145  0.295968
3918 0.0146883 0.517915  0.467397
2526 0.386433 0.494796  0.118771
3547 0.299091 0.0338326  0.667077
3499 0.285401 0.413103  0.301496
1234 0.493475 0.155895  0.35063
1723 0.0367519 0.486422  0.476826
4496 0.418641 0.38142  0.199938
4115 0.29716 0.499698  0.203141
4610 0.31345 0.226789  0.459761
3185 0.423106 0.362235  0.21466
18 0.317776 0.311288  0.370936
3358 0.178833 0.47982  0.341347
2965 0.268346 0.389798  0.341856
1256 0.408009 0.0739919  0.517999
4941 0.518006 0.163337  0.318657
3266 0.337228 0.365891  0.296881
3557 0.316613 0.349872  0.333515
3333 0.469444 0.517084  0.0134718
3084 0.304365 0.361545  0.33409
4116 0.310421 0.0694608  0.620119
1909 0.220667 0.115607  0.663725
4820 0.356567 0.466152  0.177281
4064 0.237439 0.463069  0.299492
3935 0.236735 0.344684  0.418581
4336 0.16899 0.491757  0.339253
4894 0.542009 0.388395  0.0695956
1336 0.197394 0.632997  0.169609
2503 0.0659866 0.406198  0.527816
4483 0.321307 0.483209  0.195484
4820 0.278177 0.308141  0.413682
2326 0.311308 0.16477  0.523922
2825 0.240454 0.644986  0.11456
4026 0.162684 0.369247  0.468069
1263 0.148653 0.267841  0.583507
4417 0.262642 0.300582  0.436776
2514 0.635065 0.210197  0.154738
3496 0.148802 0.406026  0.445171
3936 0.701523 0.235312  0.0631654
4838 0.320845 0.259646  0.419509
1031 0.418601 0.554247  0.0271528
2267 0.318789 0.414516  0.266695
2585 0.393908 0.418169  0.187922
4039 0.356649 0.281768  0.361582
3418 0.0271961 0.501071  0.471733
1941 0.158968 0.447421  0.39361
3203 0.533459 0.0763047  0.390236
4115 0.414396 0.533558  0.052046
3833 0.585237 0.0881268  0.326636
844 0.295429 0.50859  0.195981
1693 0.242102 0.12001  0.637888
3941 0.188429 0.257243  0.554328
2570 0.0611522 0.496628  0.442219
2848 0.0511902 0.0456164  0.903193
4238 0.223997 0.697966  0.0780371
610 0.227058 0.278555  0.494387
3571 0.0660639 0.167688  0.766248
1935 0.353255 0.373114  0.27363
4820 0.30533 0.327256  0.367414
3708 0.157531 0.367363  0.475106
3455 0.377706 0.369173  0.253121
4644 0.12627 0.272069  0.601661
2557 0.160557 0.256577  0.582866
4634 0.22453 0.325803  0.449668
3669 0.494049 0.413932  0.0920189
4651 0.320788 0.32527  0.353942
4895 0.190977 0.39994  0.409084
3622 0.613922 0.360492  0.0255858
2741 0.514508 0.425922  0.0595697
223 0.316479 0.354429  0.329092
4136 0.187698 0.574031  0.238271
4076 0.500338 0.435465  0.0641974
3557 0.269891 0.47304  0.257069
1918 0.364137 0.364896  0.270968
3860 0.401738 0.121299  0.476963
4631 0.319261 0.361993  0.318746
4767 0.635065 0.147153  0.217782
4633 0.680467 0.277655  0.0418775
4935 0.439149 0.142995  0.417856
4106 0.312062 0.368188  0.31975
565 0.161397 0.4852  0.353402
237 0.707115 0.0288125  0.264073
565 0.0316738 0.142053  0.826273
2479 0.356231 0.306418  0.33735
3525 0.0133521 0.969712  0.0169364
1014 0.328315 0.593327  0.078358
4030 0.267366 0.599252  0.133382
4116 0.202831 0.412565  0.384604
1893 0.288415 0.0172971  0.694288
4119 0.132224 0.464402  0.403374
4100 0.407886 0.413285  0.178828
740 0.282773 0.549721  0.167506
653 0.201104 0.656079  0.142817
3907 0.157552 0.379846  0.462602
4820 0.551538 0.351399  0.097063
1732 0.259851 0.436719  0.30343
4333 0.224418 0.60489  0.170692
1240 0.0390057 0.87177  0.0892246
4903 0.383634 0.246777  0.369589
4935 0.149479 0.458174  0.392347
2942 0.0701885 0.699902  0.229909
2095 0.240531 0.62383  0.135639
4078 0.441243 0.1209  0.437857
1305 0.219127 0.330676  0.450197
3177 0.325163 0.373398  0.301439
4975 0.391832 0.400665  0.207503
4731 0.225421 0.465666  0.308913
4325 0.348695 0.350053  0.301252
3055 0.286302 0.34284  0.370859
551 0.535056 0.265438  0.199506
4106 0.485973 0.101921  0.412106
4631 0.772597 0.081741  0.145662
565 0.453005 0.131319  0.415675
1241 0.0708534 0.451635  0.477512
4495 0.432078 0.543827  0.0240947
1279 0.234359 0.323838  0.441803
1592 0.682908 0.0894226  0.227669
1662 0.53425 0.109713  0.356037
3651 0.178176 0.162029  0.659794
4122 0.0700619 0.729558  0.20038
974 0.0359675 0.467254  0.496778
4235 0.404909 0.238001  0.35709
3373 0.254706 0.249242  0.496052
4928 0.533737 0.142611  0.323652
4819 0.367778 0.404139  0.228083
3793 0.205183 0.323687  0.47113
3282 0.532849 0.216165  0.250987
4987 0.401266 0.457809  0.140926
4126 0.320351 0.0242285  0.65542
3211 0.257211 0.568989  0.173801
1185 0.0558562 0.468037  0.476106
4524 0.396327 0.0546557  0.549017
1426 0.570844 0.378403  0.0507531
1666 0.180508 0.0429583  0.776534
298 0.350951 0.261592  0.387457
2418 0.319934 0.133048  0.547018
3315 0.221444 0.558232  0.220324
4136 0.296285 0.355065  0.34865
3079 0.218232 0.655053  0.126716
4062 0.457508 0.126644  0.415848
1490 0.282694 0.0662197  0.651086
4166 0.288028 0.492716  0.219256
2663 0.146283 0.5313  0.322418
3571 0.144315 0.166116  0.689568
1146 0.100557 0.238072  0.66137
845 0.170251 0.468001  0.361748
1082 0.240264 0.696832  0.0629041
4679 0.182528 0.49639  0.321082
3263 0.145116 0.457304  0.397581
1554 0.622248 0.260941  0.116811
3118 0.589995 0.330748  0.0792567
1023 0.214615 0.273317  0.512067
2679 0.376319 0.299765  0.323915
3540 0.418032 0.117008  0.46496
2265 0.229088 0.384031  0.386881
518 0.19581 0.306341  0.497849
4362 0.318643 0.480751  0.200606
1299 0.141681 0.535855  0.322465
3438 0.288672 0.369883  0.341445
2718 0.431077 0.0592464  0.509676
4439 0.625073 0.0621504  0.312777
2394 0.479202 0.2233  0.297498
642 0.334481 0.41887  0.246649
2672 0.336963 0.235315  0.427722
815 0.222568 0.20422  0.573212
4126 0.0149625 0.177627  0.807411
587 0.332523 0.543973  0.123504
2757 0.537884 0.392956  0.0691598
4019 0.331584 0.607326  0.0610902
243 0.312002 0.436022  0.251976
1475 0.0592775 0.610476  0.330246
1964 0.257855 0.471235  0.27091
658 0.0833009 0.553726  0.362973
3371 0.411748 0.36439  0.223862
864 0.553956 0.427964  0.01808
528 0.295545 0.214051  0.490404
4073 0.507216 0.453679  0.0391042
2885 0.416584 0.50935  0.0740658
4936 0.427084 0.384315  0.188601
4265 0.0810988 0.782221  0.13668
4482 0.331027 0.325784  0.343189
2552 0.310002 0.341706  0.348292
365 0.0602064 0.333967  0.605826
1894 0.342495 0.225437  0.432068
4935 0.568289 0.0588275  0.372884
1945 0.393674 0.211585  0.394742
2417 0.192309 0.477856  0.329835
2795 0.327573 0.378734  0.293692
3539 0.263305 0.487294  0.249401
4279 0.505687 0.466013  0.0283004
4134 0.481691 0.298069  0.22024
3548 0.276297 0.307684  0.416019
3665 0.110001 0.380665  0.509334
4589 0.130097 0.202016  0.667887
3840 0.291626 0.590019  0.118355
2974 0.415642 0.384836  0.199522
674 0.0468914 0.290134  0.662974
2026 0.060068 0.0931858  0.846746
4662 0.293218 0.589686  0.117097
340 0.530687 0.400564  0.0687495
4807 0.399282 0.35983  0.240888
4454 0.321005 0.348649  0.330346
2046 0.43421 0.382835  0.182955
4439 0.336522 0.385845  0.277632
3990 0.872734 0.0378062  0.0894594
4263 0.251414 0.145008  0.603578
671 0.228237 0.246994  0.524768
2505 0.390063 0.554088  0.0558493
4483 0.258993 0.225731  0.515276
1275 0.00985577 0.112977  0.877167
4019 0.454588 0.378929  0.166482
4022 0.636682 0.271576  0.0917422
2546 0.411298 0.488581  0.100121
1175 0.277595 0.0669088  0.655496
3735 0.49038 0.496927  0.0126931
1317 0.0701882 0.32988  0.599932
845 0.0303794 0.490222  0.479398
915 0.257151 0.135983  0.606866
1118 0.45584 0.380107  0.164053
845 0.372268 0.308953  0.318779
2366 0.293779 0.465212  0.241009
2782 0.117455 0.181405  0.70114
4447 0.54632 0.1813  0.27238
4622 0.214811 0.448365  0.336824
4648 0.343751 0.384717  0.271533
976 0.511724 0.129338  0.358939
501 0.14492 0.36412  0.490959
3665 0.203114 0.593577  0.203309
2664 0.287592 0.483554  0.228854
1020 0.639107 0.0930117  0.267881
1277 0.251715 0.359449  0.388836
3476 0.373386 0.210042  0.416571
4826 0.503972 0.167453  0.328575
4826 0.536372 0.248826  0.214802
613 0.301776 0.452291  0.245933
3004 0.459626 0.511651  0.0287239
1546 0.534976 0.368262  0.0967617
4537 0.603167 0.13895  0.257883
3212 0.605192 0.28344  0.111369
908 0.654786 0.28243  0.0627846
4982 0.152723 0.385751  0.461525
4599 0.504252 0.248549  0.247199
3549 0.268898 0.544037  0.187065
3509 0.185351 0.305115  0.509534
1124 0.277415 0.590206  0.132378
2398 0.223053 0.548897  0.22805
877 0.208218 0.398442  0.39334
4116 0.510321 0.379192  0.110488
1048 0.155085 0.507751  0.337164
4158 0.334117 0.358981  0.306902
1336 0.437458 0.0340052  0.528537
541 0.376947 0.124993  0.49806
4972 0.492803 0.00930133  0.497895
4447 0.163171 0.383322  0.453507
2307 0.24925 0.413888  0.336861
473 0.544865 0.20641  0.248725
1279 0.346738 0.19723  0.456032
3274 0.491707 0.20933  0.298964
1622 0.393839 0.343739  0.262423
3853 0.108245 0.673145  0.21861
2664 0.38617 0.138078  0.475752
3107 0.361505 0.287455  0.35104
4131 0.341317 0.395034  0.263649
3258 0.712835 0.157983  0.129181
27 0.536468 0.339495  0.124037
2085 0.083991 0.223212  0.692797
3681 0.384415 0.085199  0.530386
3670 0.346299 0.40168  0.25202
492 0.106116 0.159794  0.73409
3358 0.280251 0.376863  0.342886
2060 0.238347 0.547622  0.214031
2495 0.467537 0.182181  0.350282
417 0.0485984 0.466649  0.484753
16 0.280135 0.267266  0.452599
4590 0.408005 0.351709  0.240286
3514 0.530394 0.445299  0.0243074
3251 0.281674 0.418063  0.300263
3258 0.325035 0.142159  0.532806
2328 0.371133 0.372037  0.256829
4935 0.189939 0.175835  0.634226
2759 0.473839 0.208242  0.317919
3686 0.0451523 0.312751  0.642097
4278 0.403113 0.523203  0.0736847
3572 0.555637 0.184745  0.259618
1029 0.319523 0.200464  0.480013
3715 0.691842 0.163025  0.145134
3306 0.0817418 0.671544  0.246714
3521 0.675897 0.0219393  0.302163
3733 0.334869 0.360053  0.305078
4948 0.389447 0.477134  0.133419
4864 0.233209 0.50985  0.256941
4074 0.275665 0.165988  0.558346
1806 0.122828 0.33916  0.538012
4836 0.270109 0.146209  0.583682
3422 0.451809 0.0482389  0.499953
3515 0.320609 0.252431  0.42696
4082 0.320848 0.191422  0.48773
1241 0.3071 0.217865  0.475035
4590 0.0639132 0.842744  0.0933429
1277 0.579391 0.399847  0.0207621
3610 0.0585797 0.486979  0.454441
2173 0.43139 0.18251  0.3861
4739 0.538293 0.243154  0.218553
1211 0.461908 0.0260437  0.512048
4060 0.374515 0.39934  0.226145
1898 0.344225 0.217371  0.438404
1776 0.292986 0.627459  0.0795552
2735 0.456872 0.0910365  0.452092
1103 0.080164 0.664217  0.255619
970 0.553352 0.197682  0.248965
1808 0.427251 0.373234  0.199514
2976 0.0109066 0.61317  0.375924
298 0.381855 0.276399  0.341746
1251 0.667171 0.0195852  0.313244
4126 0.631151 0.238316  0.130534
4133 0.529343 0.23013  0.240527
4169 0.0975179 0.277629  0.624853
4695 0.333586 0.43205  0.234363
4940 0.0302312 0.0495744  0.920194
734 0.177096 0.304687  0.518218
4743 0.441367 0.0449129  0.51372
1864 0.275116 0.296716  0.428167
3263 0.740933 0.10438  0.154687
3566 0.390958 0.186043  0.422998
4327 0.419355 0.453407  0.127238
4166 0.127785 0.374459  0.497756
2786 0.384329 0.304645  0.311026
1124 0.326793 0.23426  0.438947
4266 0.616856 0.330493  0.0526506
2675 0.496561 0.168824  0.334615
4997 0.0211226 0.265995  0.712882
4039 0.189679 0.273461  0.53686
1805 0.337437 0.357567  0.304996
3358 0.401951 0.0910348  0.507015
571 0.050046 0.897387  0.0525669
3665 0.298568 0.0833457  0.618086
3717 0.54244 0.0421385  0.415422
4440 0.488542 0.274826  0.236632
4802 0.473483 0.21413  0.312388
3556 0.135008 0.467911  0.397082
4099 0.0602887 0.759877  0.179834
4666 0.439614 0.499829  0.0605567
3132 0.319174 0.178481  0.502344
2669 0.251048 0.232648  0.516304
3186 0.430502 0.286678  0.28282
570 0.24366 0.742647  0.0136928
1669 0.3881 0.314914  0.296986
2003 0.124651 0.474588  0.400761
1154 0.653864 0.151214  0.194922
1286 0.378698 0.284571  0.336731
3213 0.494441 0.450254  0.0553051
2506 0.314585 0.368396  0.317019
4387 0.310906 0.490582  0.198512
1428 0.610379 0.0345274  0.355093
2589 0.504838 0.411611  0.0835507
1235 0.756379 0.0540702  0.189551
1788 0.329032 0.350458  0.32051
4908 0.439399 0.0162768  0.544324
4126 0.676218 0.172659  0.151124
2698 0.216581 0.527338  0.256081
4359 0.101299 0.467166  0.431534
4590 0.467779 0.236026  0.296196
3432 0.319294 0.360362  0.320345
4614 0.349928 0.11115  0.538922
4590 0.0633407 0.558696  0.377964
4325 0.279096 0.22543  0.495474
3187 0.539466 0.203249  0.257285
2713 0.426819 0.261051  0.31213
442 0.523647 0.193053  0.2833
3171 0.240589 0.22059  0.538821
1638 0.0778307 0.524508  0.397661
4398 0.208238 0.683073  0.108689
4134 0.409758 0.118088  0.472154
1146 0.13801 0.369862  0.492129
1239 0.665207 0.110766  0.224027
785 0.28016 0.185321  0.534519
3907 0.252379 0.160827  0.586794
3401 0.440441 0.223313  0.336246
3275 0.337496 0.366682  0.295822
1979 0.337258 0.453598  0.209144
3369 0.33473 0.171289  0.493981
4607 0.463088 0.506517  0.0303944
4364 0.121361 0.70026  0.178379
4677 0.569563 0.0319702  0.398466
734 0.207189 0.428135  0.364676
295 0.414847 0.302869  0.282284
1237 0.342471 0.365799  0.29173
2745 0.41253 0.184474  0.402996
746 0.562947 0.377243  0.05981
4632 0.261699 0.273335  0.464965
2268 0.447566 0.114871  0.437563
4231 0.812369 0.0567023  0.130929
555 0.145743 0.237584  0.616673
3391 0.352016 0.348141  0.299843
557 0.464897 0.321702  0.213401
3778 0.422365 0.497955  0.07968
4106 0.0370116 0.714716  0.248272
1040 0.0596545 0.479268  0.461077
4634 0.56073 0.0471758  0.392094
4496 0.411607 0.225879  0.362514
2901 0.365426 0.290069  0.344506
1610 0.489249 0.0619311  0.44882
2795 0.38125 0.237977  0.380772
492 0.738364 0.11359  0.148046
2135 0.338854 0.305153  0.355993
4726 0.105022 0.464718  0.430259
4120 0.533581 0.39064  0.075779
686 0.421006 0.37768  0.201314
3141 0.421247 0.522427  0.0563254
4482 0.334693 0.240062  0.425245
4376 0.293824 0.147616  0.55856
1540 0.307459 0.472524  0.220017
339 0.227053 0.277288  0.495659
3262 0.345742 0.345425  0.308833
2478 0.633306 0.217741  0.148953
4936 0.198503 0.257516  0.543981
1997 0.408843 0.335177  0.25598
3720 0.0880067 0.393936  0.518057
1818 0.174536 0.141332  0.684132
4836 0.366642 0.119193  0.514165
4078 0.65088 0.212055  0.137065
1478 0.519851 0.0986257  0.381523
1574 0.643677 0.105596  0.250726
539 0.193233 0.430252  0.376515
1863 0.192769 0.449154  0.358076
483 0.274681 0.442045  0.283274
4116 0.580715 0.0466998  0.372585
3571 0.473617 0.273482  0.252901
2386 0.335646 0.349426  0.314929
2696 0.330193 0.183063  0.486744
3263 0.173274 0.323395  0.503331
1806 0.326565 0.463817  0.209618
3553 0.415328 0.155797  0.428875
1684 0.636329 0.0420769  0.321594
3338 0.0956198 0.285643  0.618738
41 0.339323 0.364688  0.295989
4646 0.351593 0.362975  0.285432
2663 0.393655 0.333076  0.273269
4126 0.130263 0.808847  0.0608901
3268 0.0775061 0.429639  0.492855
3850 0.432345 0.428777  0.138879
636 0.0907686 0.353789  0.555443
4634 0.129088 0.488929  0.381983
1955 0.370432 0.0715169  0.558051
1333 0.62544 0.225877  0.148682
845 0.538322 0.184776  0.276902
1594 0.411505 0.488799  0.099695
844 0.136288 0.645838  0.217874
3358 0.404648 0.255788  0.339564
4719 0.475784 0.483663  0.0405537
4116 0.546813 0.24  0.213188
1276 0.473364 0.20324  0.323396
2338 0.429158 0.0383448  0.532497
2557 0.0394186 0.484738  0.475843
2531 0.166923 0.433189  0.399888
4283 0.258071 0.302726  0.439203
2795 0.411785 0.0848887  0.503326
3442 0.72228 0.214371  0.063349
3075 0.351629 0.426789  0.221582
1423 0.380418 0.345357  0.274226
1312 0.512851 0.395954  0.0911946
3271 0.357161 0.230284  0.412555
625 0.208935 0.452697  0.338368
2142 0.442316 0.187432  0.370251
1235 0.35311 0.302519  0.344372
2248 0.43291 0.0563804  0.51071
786 0.225003 0.200802  0.574195
2497 0.297814 0.24997  0.452216
850 0.502807 0.361507  0.135686
1148 0.552166 0.102812  0.345022
3371 0.143978 0.405511  0.450511
2815 0.0904144 0.341005  0.568581
3550 0.380738 0.225117  0.394145
4836 0.53043 0.410769  0.058801
940 0.548882 0.42567  0.0254481
4181 0.176313 0.106407  0.717281
4981 0.466982 0.135086  0.397932
1807 0.315041 0.380697  0.304262
3904 0.0788716 0.552792  0.368337
878 0.356852 0.222594  0.420554
1692 0.0388898 0.644921  0.316189
4760 0.335058 0.347748  0.317193
397 0.151413 0.439545  0.409042
3369 0.0275203 0.763579  0.208901
4083 0.494401 0.249774  0.255825
4630 0.195282 0.508387  0.296331
3353 0.362779 0.148273  0.488948
3274 0.344616 0.365349  0.290035
3263 0.317755 0.495069  0.187176
3258 0.284938 0.138871  0.576191
3060 0.0940177 0.595165  0.310818
415 0.264955 0.326402  0.408643
2677 0.548826 0.329337  0.121838
4078 0.52365 0.21845  0.2579
2709 0.215925 0.36053  0.423545
1707 0.365643 0.253499  0.380859
3102 0.087457 0.450175  0.462368
1355 0.419743 0.154502  0.425755
4624 0.599999 0.179632  0.220369
9 0.234448 0.544055  0.221497
3156 0.255939 0.156489  0.587572
2423 0.0504082 0.460567  0.489025
1448 0.418996 0.359031  0.221973
4858 0.41403 0.234706  0.351264
817 0.785975 0.0389799  0.175045
4542 0.266805 0.37225  0.360945
18 0.216589 0.384755  0.398656
1283 0.461543 0.423751  0.114706
3468 0.34859 0.57564  0.0757705
3708 0.178509 0.422808  0.398682
1116 0.120471 0.024179  0.85535
3676 0.496253 0.226607  0.27714
4630 0.176623 0.124451  0.698927
1823 0.157262 0.0716945  0.771044
4264 0.776865 0.0342215  0.188913
4826 0.364189 0.390999  0.244812
4646 0.454395 0.214229  0.331376
3129 0.279888 0.625494  0.0946184
4902 0.502628 0.106715  0.390657
895 0.316436 0.252627  0.430937
2178 0.326591 0.304392  0.369017
3281 0.00955822 0.492011  0.49843
622 0.386944 0.530391  0.0826644
1240 0.30885 0.174428  0.516721
4111 0.301654 0.322117  0.376229
4496 0.395607 0.227956  0.376437
2786 0.281665 0.434998  0.283337
761 0.333873 0.312242  0.353885
2754 0.224869 0.442275  0.332857
3772 0.693768 0.21299  0.0932426
4484 0.353936 0.0904417  0.555622
2111 0.587963 0.184837  0.2272
2265 0.639874 0.186019  0.174107
1332 0.246128 0.340146  0.413726
1112 0.258709 0.374079  0.367211
3944 0.391024 0.203949  0.405026
897 0.251356 0.286411  0.462233
537 0.722634 0.256469  0.0208968
1118 0.664405 0.116724  0.218871
3904 0.271294 0.386811  0.341895
4748 0.440096 0.429382  0.130523
1060 0.311597 0.297784  0.390619
4614 0.502389 0.445034  0.0525765
1894 0.507495 0.243369  0.249136
4633 0.334136 0.458107  0.207757
2179 0.269403 0.399014  0.331582
3457 0.728087 0.106127  0.165787
4610 0.128718 0.359227  0.512054
626 0.385124 0.378123  0.236753
3262 0.286432 0.282641  0.430928
1850 0.162282 0.0740255  0.763693
4729 0.225832 0.538763  0.235405
1575 0.412159 0.239877  0.347964
4722 0.34327 0.280285  0.376445
3142 0.0733597 0.407309  0.519331
2495 0.431116 0.0933332  0.47555
1241 0.377211 0.390591  0.232198
3676 0.464245 0.162476  0.373279
4119 0.567249 0.0738895  0.358862
590 0.260928 0.528033  0.21104
985 0.469782 0.228293  0.301925
4882 0.478598 0.139423  0.381978
3846 0.458058 0.345581  0.196361
3176 0.587478 0.234554  0.177968
2749 0.179545 0.713806  0.10665
4936 0.34974 0.347178  0.303081
142 0.299244 0.25448  0.446276
4631 0.293159 0.578849  0.127993
3573 0.183281 0.347082  0.469637
1116 0.558967 0.330989  0.110043
4616 0.460224 0.407485  0.132292
1807 0.118396 0.42524  0.456364
4126 0.325594 0.162453  0.511953
1270 0.219758 0.627432  0.15281
4398 0.352921 0.0933403  0.553738
4719 0.300977 0.364056  0.334968
2214 0.382069 0.367571  0.250361
3446 0.431987 0.533953  0.0340602
4243 0.561329 0.154164  0.284506
4216 0.049521 0.262969  0.68751
1905 0.564532 0.243296  0.192172
1374 0.304369 0.401363  0.294267
743 0.289381 0.189455  0.521164
1367 0.401551 0.0694584  0.528991
4819 0.214374 0.531289  0.254337
4576 0.0516174 0.545474  0.402909
3904 0.108947 0.655545  0.235508
2900 0.127579 0.443889  0.428532
4466 0.385551 0.321335  0.293113
512 0.230554 0.532618  0.236828
3226 0.418765 0.296039  0.285196
4264 0.292327 0.375682  0.331991
4290 0.456577 0.503642  0.0397815
1148 0.407217 0.56213  0.0306536
4285 0.253559 0.38899  0.357451
4388 0.612648 0.162817  0.224535
4294 0.118268 0.418297  0.463436
3707 0.387565 0.24423  0.368205
3028 0.665939 0.133611  0.200449
4485 0.149179 0.357363  0.493458
2089 0.705056 0.232668  0.0622767
1671 0.402414 0.395278  0.202308
1253 0.259793 0.0669331  0.673274
636 0.356292 0.227727  0.415981
1665 0.333205 0.405999  0.260797
4953 0.38498 0.194073  0.420947
1921 0.454275 0.197531  0.348194
4904 0.496913 0.275261  0.227826
4076 0.545932 0.0683318  0.385736
4483 0.111576 0.721928  0.166496
1702 0.121331 0.498689  0.37998
2008 0.312158 0.177305  0.510537
1946 0.05679 0.684695  0.258515
4590 0.442367 0.538874  0.0187589
4860 0.176617 0.581094  0.242289
2055 0.0879861 0.742904  0.16911
2389 0.37693 0.500933  0.122137
3973 0.392079 0.386509  0.221412
588 0.0715412 0.471164  0.457295
2998 0.562148 0.250777  0.187076
3727 0.488256 0.380971  0.130772
2929 0.493916 0.485624  0.0204608
1508 0.351603 0.386691  0.261706
3381 0.368201 0.544519  0.08728
2852 0.372847 0.219673  0.407481
1091 0.497804 0.0715292  0.430667
4936 0.259201 0.448148  0.292651
4618 0.463412 0.199482  0.337106
3376 0.344464 0.219795  0.435741
4259 0.406511 0.0626066  0.530882
4680 0.202304 0.400446  0.39725
569 0.178273 0.603282  0.218445
2890 0.20486 0.251722  0.543419
1806 0.334905 0.48483  0.180265
2181 0.0458059 0.512999  0.441195
3863 0.537695 0.110027  0.352279
4484 0.127333 0.405298  0.467369
4864 0.441837 0.372766  0.185397
4608 0.560038 0.0838367  0.356125
4126 0.413391 0.161362  0.425247
4319 0.543446 0.259742  0.196811
3325 0.443498 0.274635  0.281867
1240 0.172664 0.456083  0.371253
3679 0.186204 0.332116  0.48168
1893 0.0939093 0.448384  0.457706
1894 0.283791 0.306505  0.409704
1096 0.0311857 0.354035  0.61478
407 0.353585 0.13651  0.509904
1855 0.632365 0.286979  0.0806557
1806 0.395165 0.417547  0.187288
1892 0.311536 0.356213  0.33225
629 0.452412 0.384895  0.162693
1840 0.124634 0.350614  0.524752
4965 0.659339 0.0166438  0.324017
2889 0.581954 0.301117  0.116928
4055 0.202094 0.303138  0.494768
4126 0.559273 0.206836  0.233891
1475 0.394899 0.446515  0.158586
1987 0.347168 0.182225  0.470607
4906 0.718861 0.209425  0.0717135
4006 0.154336 0.294574  0.55109
861 0.193917 0.587043  0.219039
1940 0.171274 0.454126  0.374601
3696 0.264064 0.361831  0.374105
3437 0.105703 0.41891  0.475387
1663 0.537606 0.32941  0.132983
4457 0.225344 0.508045  0.266611
2369 0.0172597 0.608758  0.373982
4991 0.524612 0.172777  0.302611
4485 0.158018 0.629069  0.212913
976 0.348667 0.259663  0.39167
3545 0.428362 0.423476  0.148162
2118 0.371731 0.228615  0.399654
789 0.687067 0.0902643  0.222669
4468 0.318956 0.0419419  0.639102
4048 0.459271 0.0588109  0.481919
3853 0.638546 0.0289765  0.332478
4726 0.367367 0.0588995  0.573734
1673 0.0749023 0.435865  0.489232
4484 0.200233 0.228984  0.570783
1349 0.125249 0.4291  0.445651
846 0.533033 0.174265  0.292702
492 0.0549432 0.297792  0.647265
4117 0.276302 0.423359  0.300339
4106 0.300929 0.633838  0.0652323
4542 0.0841629 0.584623  0.331214
3904 0.451547 0.324445  0.224008
4244 0.412992 0.36701  0.219998
4128 0.161249 0.345812  0.492939
1271 0.212391 0.475645  0.311964
3923 0.172636 0.747389  0.0799744
1999 0.213426 0.392047  0.394527
4284 0.317384 0.0978664  0.584749
3903 0.523831 0.220606  0.255563
4624 0.366406 0.247981  0.385612
3204 0.677347 0.182524  0.140128
2310 0.424114 0.397651  0.178234
3398 0.503972 0.418504  0.0775237
243 0.553498 0.218595  0.227907
2580 0.56188 0.155195  0.282925
644 0.0170261 0.39956  0.583414
4864 0.314852 0.0217536  0.663394
2508 0.511009 0.184066  0.304924
2192 0.0823895 0.514027  0.403584
4567 0.686351 0.250467  0.0631817
518 0.136488 0.382443  0.481069
2338 0.510618 0.238044  0.251338
3265 0.420492 0.435956  0.143552
4647 0.441994 0.477972  0.0800335
1662 0.273145 0.249003  0.477851
1014 0.546171 0.218213  0.235616
1048 0.44855 0.20523  0.346221
966 0.280858 0.329929  0.389213
4320 0.614092 0.0466043  0.339304
4606 0.511499 0.457714  0.0307869
896 0.330484 0.28894  0.380576
1807 0.239783 0.333412  0.426805
2878 0.438896 0.48245  0.0786542
551 0.422265 0.181548  0.396186
4561 0.3837 0.503817  0.112483
3981 0.218012 0.674068  0.10792
3901 0.492635 0.368208  0.139157
4666 0.361937 0.447792  0.190271
1575 0.226973 0.385955  0.387072
4403 0.152815 0.474084  0.373101
1277 0.187995 0.725634  0.0863709
845 0.475469 0.159129  0.365402
3846 0.428434 0.178236  0.39333
1955 0.563764 0.388764  0.0474728
2100 0.523606 0.208694  0.2677
455 0.337076 0.484269  0.178656
2113 0.417123 0.0722717  0.510605
4700 0.410713 0.184927  0.40436
4126 0.252703 0.52032  0.226977
3252 0.25779 0.237075  0.505136
2718 0.519795 0.229438  0.250767
3216 0.550927 0.200571  0.248503
2975 0.198406 0.41975  0.381845
3371 0.229409 0.688583  0.082008
2751 0.450056 0.352733  0.197212
1485 0.260186 0.292125  0.447689
4824 0.0575385 0.609667  0.332795
3901 0.319254 0.354576  0.32617
3670 0.229539 0.298496  0.471965
2070 0.0284863 0.173682  0.797831
1461 0.190653 0.313667  0.49568
4613 0.356171 0.366618  0.277211
1524 0.108737 0.734434  0.156829
1012 0.0769071 0.543658  0.379435
4578 0.239409 0.613791  0.1468
1072 0.131473 0.451026  0.417501
4590 0.569744 0.125108  0.305148
4302 0.219489 0.48654  0.293971
3211 0.256594 0.342458  0.400947
1805 0.401123 0.291375  0.307502
3572 0.38308 0.428075  0.188845
4819 0.316874 0.474914  0.208212
1282 0.150079 0.498959  0.350962
1502 0.410251 0.39259  0.197158
3369 0.193544 0.18659  0.619866
3550 0.330765 0.44106  0.228175
3162 0.247846 0.375027  0.377127
2877 0.487237 0.105559  0.407203
1718 0.351352 0.361814  0.286833
4483 0.220332 0.104444  0.675224
4078 0.0964359 0.482086  0.421478
4140 0.459666 0.433288  0.107045
1932 0.251401 0.391546  0.357053
4175 0.400707 0.455393  0.1439
1205 0.320009 0.375114  0.304877
3900 0.242626 0.599253  0.158121
2460 0.599858 0.0593934  0.340749
2679 0.256495 0.248177  0.495328
2116 0.40449 0.509165  0.0863453
3287 0.315033 0.197718  0.487249
3366 0.615754 0.126176  0.25807
743 0.416975 0.102739  0.480286
4382 0.44632 0.131572  0.422107
3373 0.282107 0.308294  0.409598
4266 0.595422 0.157741  0.246838
2247 0.149802 0.800648  0.0495496
4903 0.747514 0.011535  0.240951
4134 0.0239864 0.54005  0.435963
4482 0.03014 0.590698  0.379162
4868 0.64193 0.108091  0.249978
4483 0.440452 0.467517  0.0920319
2398 0.147896 0.52946  0.322644
913 0.45282 0.221539  0.325642
2160 0.408548 0.401435  0.190017
2963 0.575457 0.115526  0.309016
1294 0.0385272 0.292651  0.668822
1800 0.301585 0.343991  0.354424
4730 0.115596 0.613542  0.270863
2107 0.290301 0.682213  0.0274857
863 0.222567 0.347359  0.430074
812 0.410271 0.122856  0.466873
1701 0.370315 0.349088  0.280597
4860 0.179965 0.553411  0.266625
2892 0.391238 0.27126  0.337502
3616 0.446884 0.336928  0.216187
1646 0.475218 0.289496  0.235285
4935 0.631961 0.327102  0.0409366
1209 0.317093 0.578652  0.104255
1671 0.358491 0.225169  0.41634
3813 0.0565198 0.857237  0.0862431
2912 0.0736892 0.238595  0.687716
4689 0.467844 0.42636  0.105796
4728 0.470646 0.360075  0.16928
3467 0.187097 0.567495  0.245409
4646 0.331556 0.352517  0.315927
3486 0.317009 0.470957  0.212034
3253 0.420021 0.338291  0.241688
2925 0.215133 0.670449  0.114419
4646 0.0986579 0.482544  0.418798
4072 0.388376 0.0241169  0.587508
1146 0.153825 0.277024  0.569151
4111 0.388594 0.402961  0.208445
3217 0.233612 0.334848  0.43154
4801 0.0456139 0.155196  0.79919
2614 0.234032 0.528562  0.237406
4589 0.209712 0.559184  0.231103
1801 0.331096 0.301385  0.367518
2757 0.277668 0.422381  0.299951
4464 0.43435 0.310127  0.255523
767 0.199513 0.242183  0.558303
3271 0.149872 0.351828  0.4983
4735 0.125609 0.248224  0.626167
4667 0.180665 0.566615  0.25272
3371 0.210113 0.393281  0.396605
2487 0.414464 0.0273591  0.558177
4486 0.439181 0.271439  0.28938
3680 0.353655 0.420754  0.225592
2915 0.573454 0.00779454  0.418752
1096 0.327206 0.349531  0.323262
2914 0.418487 0.327736  0.253777
741 0.305375 0.628416  0.0662098
1907 0.523807 0.330539  0.145655
3342 0.187574 0.710616  0.10181
2461 0.397998 0.258884  0.343118
4606 0.128779 0.723796  0.147424
3371 0.217946 0.507151  0.274903
4836 0.034494 0.614474  0.351032
3304 0.491005 0.326931  0.182064
2449 0.185112 0.634319  0.180569
2585 0.336616 0.306036  0.357347
842 0.0382146 0.681473  0.280312
3657 0.433271 0.0802258  0.486503
4660 0.257785 0.341249  0.400966
4485 0.372784 0.192487  0.434729
2457 0.219167 0.116852  0.663981
3543 0.447602 0.163248  0.389151
2978 0.361777 0.471607  0.166616
4836 0.256333 0.562743  0.180923
3369 0.640684 0.0983014  0.261015
3485 0.392942 0.549942  0.0571152
3269 0.139654 0.638954  0.221391
4837 0.2873 0.636345  0.0763549
3699 0.434624 0.173725  0.39165
3663 0.21877 0.348727  0.432504
1070 0.167166 0.619763  0.213071
4623 0.398866 0.0895928  0.511541
4596 0.430599 0.406749  0.162652
4485 0.688868 0.183049  0.128083
2221 0.0942414 0.520452  0.385306
3718 0.0999102 0.47875  0.42134
2639 0.589534 0.360167  0.0502994
4268 0.682625 0.158532  0.158843
2785 0.776891 0.139648  0.083461
3189 0.0573949 0.273046  0.669559
1336 0.12445 0.58042  0.29513
3500 0.29265 0.536314  0.171037
4660 0.466593 0.218889  0.314518
1237 0.291907 0.583792  0.124301
4611 0.461015 0.214299  0.324686
4135 0.470483 0.103864  0.425653
4507 0.246238 0.173299  0.580463
1207 0.277577 0.154744  0.567679
4266 0.364286 0.377515  0.258198
3915 0.359274 0.341821  0.298905
974 0.852966 0.0724344  0.0746
1198 0.298102 0.287045  0.414852
3120 0.236172 0.0367671  0.727061
3672 0.446465 0.135313  0.418222
4804 0.0932162 0.872052  0.0347316
2395 0.0498591 0.695659  0.254482
2527 0.190954 0.548964  0.260083
2116 0.605591 0.269699  0.12471
1281 0.485103 0.393303  0.121593
1300 0.416506 0.0419057  0.541588
1667 0.385625 0.273859  0.340515
3542 0.0924978 0.20843  0.699073
4646 0.162987 0.436896  0.400117
4540 0.100286 0.121057  0.778657
4116 0.140198 0.563227  0.296575
4483 0.183158 0.367497  0.449345
4442 0.257199 0.35341  0.389391
3266 0.543493 0.0808781  0.375629
2838 0.202229 0.386124  0.411647
4807 0.514798 0.159523  0.325679
3358 0.222196 0.449739  0.328065
1746 0.316478 0.658523  0.0249986
3831 0.497594 0.429734  0.0726715
1174 0.418035 0.0738392  0.508126
1377 0.398193 0.278657  0.32315
4107 0.124627 0.516992  0.358381
1681 0.386896 0.228586  0.384518
587 0.233443 0.350157  0.4164
1748 0.357739 0.314272  0.327989
3904 0.498154 0.425484  0.0763618
1157 0.357809 0.383365  0.258826
2685 0.012604 0.47087  0.516526
509 0.468609 0.230609  0.300781
2855 0.363998 0.382347  0.253655
2919 0.405933 0.224665  0.369403
4265 0.704171 0.103081  0.192748
2003 0.485235 0.288607  0.226158
4624 0.0815078 0.627471  0.291021
625 0.234537 0.125316  0.640147
848 0.382118 0.300552  0.31733
2539 0.31528 0.141549  0.543171
4838 0.530846 0.267444  0.20171
1740 0.455441 0.265094  0.279465
3369 0.32614 0.283774  0.390086
1861 0.114438 0.606662  0.2789
2342 0.164941 0.42783  0.407229
4717 0.630011 0.145008  0.224981
2901 0.301567 0.385196  0.313237
3358 0.0973284 0.23765  0.665022
562 0.487372 0.3306  0.182028
877 0.189518 0.504415  0.306067
444 0.602794 0.204766  0.19244
4117 0.183609 0.389026  0.427365
4820 0.203115 0.34857  0.448315
1279 0.486738 0.303239  0.210024
2343 0.19246 0.172276  0.635264
4567 0.337976 0.362486  0.299538
3275 0.407607 0.365823  0.22657
3701 0.475121 0.306561  0.218318
3386 0.233417 0.0824616  0.684121
4983 0.124493 0.304513  0.570994
3371 0.471185 0.152563  0.376252
3875 0.200413 0.531616  0.267971
3018 0.379632 0.300427  0.319941
2782 0.00978879 0.786728  0.203483
740 0.351997 0.119565  0.528438
3907 0.6478 0.156627  0.195573
4942 0.61555 0.348704  0.0357457
1728 0.331856 0.331809  0.336334
1737 0.023932 0.384501  0.591567
3286 0.124255 0.619408  0.256338
4859 0.330571 0.306591  0.362838
4424 0.0571218 0.340648  0.60223
4543 0.419921 0.342468  0.237612
1645 0.208066 0.355419  0.436515
2834 0.300549 0.305804  0.393647
3461 0.18873 0.500112  0.311158
2507 0.341886 0.350877  0.307237
1686 0.12974 0.458747  0.411513
2335 0.305289 0.269496  0.425215
3779 0.275397 0.376892  0.347711
1747 0.0257201 0.391029  0.583251
3962 0.0114114 0.611738  0.376851
2253 0.215801 0.640524  0.143676
3571 0.314698 0.171983  0.513319
1807 0.416457 0.0909123  0.492631
1335 0.326302 0.290703  0.382994
4763 0.519063 0.285946  0.194991
1331 0.161718 0.452358  0.385924
3540 0.241819 0.510545  0.247636
4807 0.200418 0.469394  0.330188
2953 0.234649 0.686753  0.0785976
4672 0.130371 0.720103  0.149526
4495 0.218889 0.503851  0.277261
2505 0.270421 0.329571  0.400008
2887 0.416983 0.384191  0.198825
4484 0.377907 0.0697662  0.552327
4648 0.295007 0.187158  0.517835
3881 0.0706363 0.542547  0.386817
1824 0.21317 0.276874  0.509956
4618 0.0589744 0.502624  0.438402
4313 0.488075 0.0306826  0.481243
3540 0.226678 0.382049  0.391272
2118 0.463581 0.202023  0.334396
3251 0.707583 0.0743942  0.218023
3259 0.00867444 0.565545  0.425781
3840 0.431062 0.0806909  0.488247
1056 0.483933 0.0106297  0.505438
3778 0.347101 0.230251  0.422649
4136 0.272304 0.423698  0.303997
4116 0.0450046 0.386673  0.568323
4891 0.0250167 0.573534  0.401449
1327 0.0836234 0.636673  0.279704
4820 0.617235 0.204056  0.178709
1557 0.345872 0.400869  0.253259
4922 0.417566 0.400965  0.181469
2505 0.0926019 0.514176  0.393222
4815 0.708411 0.0482212  0.243368
3861 0.368534 0.372936  0.25853
4619 0.0899844 0.575453  0.334563
492 0.230673 0.507913  0.261414
2892 0.133974 0.468364  0.397662
3269 0.353181 0.165554  0.481265
4232 0.204936 0.444841  0.350223
2709 0.0694123 0.577405  0.353182
4480 0.602616 0.337329  0.0600544
967 0.31342 0.480995  0.205585
3609 0.471668 0.260121  0.268211
4605 0.743677 0.0834461  0.172876
4820 0.493396 0.334917  0.171687
1950 0.372468 0.326959  0.300573
2387 0.074697 0.381139  0.544164
613 0.442623 0.145949  0.411427
2094 0.343812 0.351441  0.304747
1355 0.105641 0.34202  0.552339
4015 0.0780863 0.388088  0.533826
1240 0.575705 0.106222  0.318073
3405 0.374737 0.420657  0.204606
1443 0.101159 0.336021  0.56282
1819 0.0155885 0.690444  0.293968
1169 0.264196 0.403896  0.331908
4822 0.111471 0.383512  0.505018
4752 0.432384 0.5525  0.0151162
2598 0.381403 0.246031  0.372566
2681 0.56673 0.415662  0.0176076
3436 0.349688 0.43367  0.216642
4106 0.250128 0.25456  0.495311
4483 0.682081 0.109584  0.208335
845 0.305802 0.400845  0.293353
3262 0.384251 0.250288  0.365461
2545 0.44274 0.38046  0.1768
1742 0.459965 0.0154979  0.524538
183 0.332779 0.395006  0.272216
4812 0.442618 0.0629428  0.494439
3758 0.443731 0.0948046  0.461464
1239 0.373852 0.281063  0.345085
4727 0.884675 0.0132564  0.102069
4484 0.397323 0.0724136  0.530263
4630 0.275586 0.266643  0.457771
4134 0.0559245 0.468921  0.475154
3259 0.154262 0.460514  0.385224
1665 0.503406 0.413689  0.0829045
578 0.223478 0.26085  0.515672
3571 0.291538 0.534035  0.174427
3813 0.318999 0.33915  0.341851
4484 0.0140211 0.299425  0.686554
4120 0.370093 0.16533  0.464577
3477 0.056251 0.714242  0.229507
2528 0.381834 0.460652  0.157514
1872 0.208597 0.463909  0.327494
4930 0.613027 0.205019  0.181953
4860 0.00704631 0.397506  0.595447
4306 0.287661 0.660199  0.0521398
4483 0.319679 0.168867  0.511454
628 0.14154 0.416299  0.442161
4936 0.278438 0.557362  0.164201
668 0.478094 0.108224  0.413681
4859 0.482626 0.195548  0.321826
3284 0.227769 0.40932  0.362911
1174 0.188724 0.241341  0.569935
124 0.312266 0.43062  0.257113
1273 0.244993 0.40267  0.352337
1277 0.298998 0.19164  0.509362
4607 0.322562 0.425546  0.251892
4344 0.244195 0.348632  0.407173
4867 0.366442 0.545748  0.0878098
3846 0.343134 0.529187  0.12768
4043 0.142539 0.661945  0.195517
570 0.153437 0.484499  0.362063
4935 0.337218 0.531859  0.130922
561 0.056068 0.756321  0.18761
4549 0.0669878 0.250794  0.682218
2605 0.335609 0.276621  0.387769
3540 0.224577 0.404176  0.371247
2759 0.444042 0.269812  0.286146
4126 0.439013 0.532039  0.0289479
4509 0.5333 0.0913415  0.375359
2284 0.485926 0.353417  0.160656
2319 0.0679185 0.421284  0.510798
976 0.247916 0.42413  0.327954
4860 0.47863 0.148894  0.372476
2593 0.227253 0.485169  0.287577
4646 0.380889 0.035744  0.583367
4021 0.383945 0.33997  0.276085
3855 0.348613 0.182909  0.468478
2950 0.333893 0.508111  0.157996
3012 0.363314 0.419308  0.217378
2354 0.33677 0.650901  0.0123284
4103 0.219563 0.501485  0.278952
935 0.343362 0.463177  0.193461
3358 0.150421 0.468895  0.380684
3261 0.465068 0.447743  0.0871887
4319 0.228751 0.393316  0.377933
2888 0.336408 0.367236  0.296356
1799 0.316244 0.345075  0.33868
1327 0.092663 0.448011  0.459326
2638 0.0412665 0.876225  0.082508
2323 0.547087 0.17776  0.275154
2084 0.366519 0.612661  0.0208198
3857 0.403493 0.252866  0.343641
4828 0.187806 0.589699  0.222495
4987 0.402447 0.567253  0.0303005
3891 0.269626 0.290836  0.439538
4859 0.386359 0.237577  0.376063
180 0.443409 0.387418  0.169174
2541 0.362069 0.509265  0.128666
640 0.520294 0.348758  0.130948
3540 0.501319 0.237523  0.261158
2264 0.479221 0.267339  0.25344
3707 0.067035 0.222968  0.709997
966 0.46948 0.375961  0.154559
4933 0.514726 0.221733  0.26354
1702 0.302088 0.238932  0.45898
4739 0.128977 0.301862  0.569161
4606 0.398918 0.045403  0.555679
4935 0.583738 0.0678422  0.34842
3268 0.232606 0.551072  0.216322
4633 0.285457 0.425391  0.289152
4175 0.413689 0.414736  0.171574
4830 0.0406021 0.490418  0.46898
4820 0.464453 0.217484  0.318063
4843 0.412278 0.183952  0.40377
3271 0.11919 0.845561  0.0352488
3220 0.273393 0.0458648  0.680743
4426 0.238234 0.453912  0.307854
644 0.280089 0.615529  0.104382
2975 0.0445639 0.527079  0.428357
219 0.270748 0.429997  0.299255
3035 0.656341 0.0699583  0.2737
3043 0.0383015 0.726471  0.235228
119 0.360978 0.179611  0.459412
1932 0.412806 0.32922  0.257974
3266 0.763256 0.0144833  0.222261
4836 0.279381 0.239841  0.480778
4224 0.187159 0.270778  0.542062
4909 0.419178 0.345462  0.23536
965 0.102157 0.44962  0.448223
2073 0.125176 0.411477  0.463347
1164 0.494841 0.282177  0.222982
4687 0.434487 0.092185  0.473328
4133 0.5344 0.06674  0.39886
746 0.421186 0.234759  0.344056
2978 0.651353 0.0797348  0.268912
842 0.333519 0.312007  0.354475
1792 0.0610189 0.268923  0.670058
4660 0.36175 0.242682  0.395568
1020 0.0358693 0.137256  0.826875
1556 0.721634 0.0257219  0.252644
301 0.479191 0.257269  0.26354
4807 0.461708 0.529157  0.00913523
1274 0.276655 0.304436  0.418909
4997 0.0915864 0.491136  0.417277
3800 0.048657 0.440909  0.510434
1273 0.125133 0.368649  0.506218
2453 0.160616 0.27831  0.561074
3185 0.188625 0.401188  0.410187
2928 0.419459 0.458844  0.121696
4062 0.43299 0.0596248  0.507385
3405 0.455487 0.0899758  0.454537
2274 0.169388 0.397769  0.432843
3437 0.177995 0.0761175  0.745888
1438 0.0871874 0.358983  0.55383
1170 0.123411 0.49907  0.377519
3364 0.286709 0.325897  0.387394
4184 0.368429 0.289941  0.34163
631 0.576706 0.126235  0.297059
3548 0.787261 0.0773598  0.13538
2526 0.277127 0.308833  0.41404
4646 0.175192 0.379163  0.445645
1484 0.327557 0.597262  0.0751811
3572 0.472892 0.422682  0.104427
1242 0.176881 0.506242  0.316877
4447 0.519912 0.309354  0.170734
2420 0.0838485 0.401967  0.514184
2227 0.265177 0.337774  0.39705
2751 0.321225 0.562606  0.116169
986 0.393123 0.127855  0.479022
1384 0.568369 0.36537  0.0662608
3265 0.657763 0.025433  0.316804
2826 0.0571331 0.449117  0.49375
554 0.487584 0.262526  0.249889
4723 0.509147 0.15305  0.337803
4456 0.160787 0.414913  0.4243
1507 0.442407 0.468139  0.0894539
2759 0.308142 0.534137  0.157721
4778 0.377343 0.265459  0.357198
2509 0.132198 0.685999  0.181803
3064 0.485307 0.135867  0.378826
2536 0.414732 0.0672415  0.518027
4277 0.397168 0.301188  0.301644
3318 0.222978 0.168461  0.608561
588 0.322011 0.402888  0.275102
2898 0.126449 0.51288  0.360672
3543 0.290069 0.32113  0.388802
2263 0.566644 0.213914  0.219442
4936 0.401279 0.386451  0.21227
4974 0.361321 0.434956  0.203723
3115 0.494714 0.0386978  0.466589
4826 0.305633 0.295925  0.398442
90 0.225964 0.179831  0.594205
2116 0.207972 0.565954  0.226074
4392 0.0253142 0.707157  0.267528
2983 0.0233115 0.474551  0.502137
1994 0.301063 0.659538  0.0393989
3920 0.207627 0.0498102  0.742563
1955 0.221505 0.426821  0.351674
3280 0.372585 0.078653  0.548762
4150 0.547392 0.411755  0.0408524
2024 0.375136 0.0839211  0.540943
1788 0.58485 0.0293118  0.385839
4194 0.418311 0.506759  0.0749308
