2577 0.553236 0.0593875  0.387377
316 0.475145 0.238708  0.286147
4094 0.730619 0.190824  0.0785564
1610 0.439489 0.435264  0.125247
2301 0.268385 0.354586  0.377029
1606 0.0645191 0.334027  0.601454
1751 0.254235 0.422684  0.323081
1459 0.390426 0.504804  0.10477
1014 0.408996 0.376366  0.214638
1606 0.134882 0.227288  0.637829
4528 0.451104 0.0873323  0.461564
3984 0.379249 0.41275  0.208001
1042 0.365549 0.393863  0.240588
1941 0.919922 0.0565002  0.023578
4081 0.286882 0.214745  0.498373
3265 0.640605 0.310689  0.0487058
2779 0.171295 0.415476  0.413229
1413 0.221762 0.0811949  0.697043
1511 0.47566 0.0815677  0.442772
2442 0.331327 0.373911  0.294761
3708 0.256498 0.480202  0.263301
3701 0.38616 0.0376046  0.576235
4610 0.346391 0.456419  0.19719
3898 0.0876954 0.13347  0.778835
3478 0.272036 0.33045  0.397514
1596 0.476354 0.468843  0.0548034
1596 0.424625 0.520382  0.0549932
2738 0.250754 0.542752  0.206494
922 0.430447 0.241073  0.32848
1610 0.276311 0.672402  0.0512872
3573 0.287809 0.321852  0.390339
831 0.23994 0.485798  0.274262
4596 0.568357 0.351865  0.0797782
1511 0.384003 0.261934  0.354063
1575 0.355648 0.310241  0.334111
1609 0.426407 0.189726  0.383867
3098 0.47834 0.432148  0.089512
332 0.694342 0.0313334  0.274325
2740 0.0936534 0.409047  0.4973
2680 0.45672 0.452519  0.090761
4931 0.396292 0.276991  0.326718
1015 0.0793618 0.272408  0.64823
1574 0.010087 0.272105  0.717808
923 0.244995 0.395358  0.359647
3922 0.51483 0.0347166  0.450453
1682 0.428212 0.105646  0.466142
1607 0.120523 0.692952  0.186525
4577 0.0431298 0.440085  0.516785
4482 0.0880102 0.265365  0.646625
983 0.387654 0.417388  0.194958
3784 0.086443 0.855233  0.0583243
983 0.467917 0.0901527  0.441931
2072 0.156272 0.772298  0.0714304
3193 0.133814 0.395391  0.470794
2730 0.0141454 0.483275  0.502579
3252 0.295662 0.18865  0.515688
1511 0.210009 0.207237  0.582755
1049 0.564736 0.314297  0.120967
4633 0.185244 0.507503  0.307253
1596 0.399785 0.496191  0.104024
2249 0.303175 0.366123  0.330702
3803 0.0313643 0.523196  0.445439
5201 0.0623288 0.74555  0.192121
1511 0.264737 0.141284  0.593979
4727 0.409359 0.190194  0.400447
3047 0.387244 0.591906  0.0208498
2787 0.244059 0.306091  0.44985
1511 0.199481 0.0814275  0.719092
1511 0.142737 0.342965  0.514298
3853 0.264603 0.174082  0.561315
1511 0.4953 0.239407  0.265292
4801 0.570691 0.0179202  0.411389
3745 0.180506 0.553785  0.265708
1610 0.210588 0.399474  0.389938
4571 0.383788 0.398222  0.21799
4874 0.256229 0.72523  0.0185408
4214 0.40384 0.35787  0.238289
2710 0.476746 0.13294  0.390314
1511 0.331889 0.655087  0.0130244
1511 0.415757 0.295846  0.288398
1051 0.342682 0.286012  0.371306
4306 0.486102 0.375489  0.13841
1511 0.541148 0.193668  0.265184
2530 0.411588 0.485556  0.102856
1781 0.408443 0.142331  0.449226
1511 0.424411 0.18311  0.392479
1511 0.17244 0.553048  0.274511
5092 0.403816 0.24223  0.353954
1706 0.236568 0.278413  0.485019
1009 0.420405 0.169744  0.409851
2742 0.20301 0.457202  0.339788
1610 0.461756 0.260192  0.278052
1610 0.352624 0.144683  0.502693
2522 0.327886 0.461985  0.210129
102 0.0515422 0.434038  0.51442
1983 0.209935 0.290971  0.499094
26 0.358713 0.173889  0.467398
981 0.150602 0.52136  0.328037
5306 0.0121112 0.261965  0.725924
1058 0.365287 0.331376  0.303337
1596 0.341243 0.431104  0.227653
1610 0.320112 0.125434  0.554453
1610 0.168318 0.419148  0.412534
1511 0.377664 0.14839  0.473946
3688 0.0880105 0.367201  0.544788
3403 0.408075 0.499221  0.0927039
933 0.498816 0.471228  0.0299559
2729 0.275749 0.307094  0.417157
1610 0.232726 0.347021  0.420252
1609 0.18476 0.472792  0.342448
1646 0.519812 0.13263  0.347558
3289 0.197952 0.422305  0.379744
1049 0.346103 0.505894  0.148002
499 0.295542 0.533285  0.171173
3580 0.285377 0.465321  0.249303
1511 0.212023 0.282518  0.505459
2928 0.284406 0.392149  0.323446
4586 0.202443 0.0830604  0.714497
578 0.0441382 0.615512  0.34035
3032 0.203589 0.418794  0.377618
983 0.307094 0.534399  0.158507
1511 0.399973 0.580146  0.0198809
1610 0.369202 0.383549  0.247249
1049 0.13165 0.472431  0.395919
1610 0.320998 0.603097  0.0759052
1610 0.140317 0.613514  0.246169
1042 0.093832 0.547762  0.358406
3768 0.0225973 0.564937  0.412466
1396 0.284734 0.397281  0.317984
1609 0.265574 0.215595  0.518832
1210 0.564983 0.380804  0.0542122
1011 0.395576 0.347935  0.256488
5162 0.242562 0.169805  0.587633
945 0.229856 0.271897  0.498247
4537 0.0379246 0.930533  0.0315426
1511 0.209604 0.208688  0.581708
3802 0.0281162 0.659034  0.31285
1511 0.370681 0.103708  0.525611
1672 0.369813 0.0505937  0.579593
1610 0.540231 0.42174  0.0380281
454 0.525219 0.451696  0.0230849
1511 0.511483 0.319349  0.169168
4518 0.377216 0.215573  0.40721
3593 0.80198 0.0144691  0.183551
963 0.702577 0.0758489  0.221574
1574 0.445574 0.314175  0.240252
4577 0.292375 0.123389  0.584236
1806 0.132613 0.110087  0.757301
2286 0.474371 0.240741  0.284889
1213 0.119082 0.234242  0.646676
1511 0.476344 0.435431  0.0882252
5022 0.553448 0.0827239  0.363828
1747 0.360517 0.42132  0.218163
5040 0.503304 0.352739  0.143958
1616 0.400784 0.191078  0.408138
1596 0.681516 0.113912  0.204572
1610 0.432349 0.410763  0.156888
3525 0.376352 0.427667  0.19598
3186 0.477148 0.0772436  0.445608
2084 0.326782 0.467457  0.20576
1610 0.449427 0.216921  0.333652
3849 0.252776 0.61565  0.131573
5430 0.753412 0.020231  0.226357
4558 0.117753 0.436453  0.445794
1281 0.139294 0.445681  0.415025
1192 0.586395 0.159361  0.254244
3718 0.304397 0.157423  0.53818
3476 0.239345 0.339632  0.421023
1511 0.328628 0.226714  0.444658
3629 0.582349 0.15772  0.259931
2268 0.311936 0.21532  0.472744
2725 0.331026 0.488649  0.180325
3912 0.103541 0.319255  0.577204
3929 0.396503 0.278331  0.325166
1041 0.52511 0.196133  0.278757
1511 0.399845 0.350101  0.250054
2539 0.254553 0.542766  0.202681
5079 0.355834 0.1732  0.470967
2310 0.276376 0.352115  0.371509
1511 0.313954 0.358834  0.327212
1511 0.0954158 0.313093  0.591491
4563 0.151361 0.296422  0.552217
1511 0.262046 0.569146  0.168808
2955 0.278795 0.496271  0.224934
3564 0.44337 0.481713  0.0749164
2268 0.286588 0.318122  0.39529
5092 0.205889 0.194639  0.599472
4217 0.570549 0.17208  0.257371
984 0.558134 0.0904752  0.35139
1298 0.394365 0.275778  0.329857
1511 0.495197 0.335457  0.169346
1610 0.366984 0.22304  0.409976
4795 0.441328 0.400272  0.1584
3469 0.366402 0.275627  0.35797
945 0.657259 0.275189  0.0675519
1511 0.243705 0.406014  0.350281
4181 0.338014 0.138492  0.523494
1610 0.482675 0.508271  0.00905395
2849 0.0249655 0.412242  0.562793
975 0.219749 0.179992  0.600259
1049 0.392649 0.276416  0.330935
1511 0.276972 0.540524  0.182504
1015 0.095889 0.494838  0.409273
1013 0.168338 0.513578  0.318084
4130 0.324653 0.323328  0.352019
482 0.298347 0.313322  0.388331
1511 0.65402 0.28344  0.0625396
3804 0.374878 0.0661923  0.55893
5214 0.451606 0.450094  0.0982998
1603 0.0696943 0.539757  0.390548
1609 0.331183 0.337853  0.330964
1511 0.285997 0.301089  0.412914
4305 0.284718 0.306336  0.408946
1609 0.58449 0.245685  0.169826
982 0.598657 0.0685907  0.332752
1511 0.0595904 0.479783  0.460627
4760 0.244405 0.0566414  0.698954
2506 0.428738 0.327311  0.24395
182 0.0383055 0.464272  0.497422
1511 0.454961 0.193307  0.351732
3266 0.407815 0.373443  0.218743
1540 0.39828 0.169536  0.432184
1041 0.248239 0.302272  0.44949
964 0.0760825 0.564964  0.358953
5259 0.299482 0.382917  0.317602
2451 0.249258 0.325268  0.425474
1609 0.393654 0.457511  0.148836
4191 0.402799 0.0141339  0.583068
1596 0.390966 0.396561  0.212474
1682 0.0927344 0.31836  0.588906
1258 0.450281 0.0529512  0.496768
5071 0.332899 0.330718  0.336383
1607 0.336647 0.288908  0.374445
914 0.421365 0.0247437  0.553891
1541 0.730177 0.0311857  0.238638
1762 0.457529 0.486063  0.0564082
2216 0.795177 0.148898  0.0559249
3616 0.514019 0.448767  0.0372142
4577 0.117419 0.819775  0.0628065
1602 0.409289 0.109784  0.480926
1369 0.137585 0.526932  0.335483
1596 0.358571 0.457166  0.184262
1610 0.583999 0.278392  0.137609
1609 0.221196 0.44823  0.330574
1596 0.146639 0.712824  0.140536
4460 0.304341 0.279589  0.41607
984 0.503071 0.327354  0.169575
4531 0.355218 0.308381  0.336402
1511 0.0807302 0.813796  0.105474
1514 0.418894 0.510028  0.0710779
1610 0.346846 0.578082  0.0750718
921 0.370493 0.231922  0.397585
4741 0.528336 0.0392732  0.432391
1596 0.337125 0.346645  0.316231
1954 0.208418 0.316165  0.475417
1776 0.180475 0.438883  0.380642
693 0.160887 0.243542  0.595571
4519 0.340612 0.349204  0.310184
5059 0.0703904 0.687277  0.242332
1706 0.324873 0.437313  0.237813
1609 0.313816 0.149424  0.53676
2220 0.189842 0.323207  0.486951
4515 0.399696 0.191954  0.40835
919 0.161143 0.62215  0.216707
21 0.12355 0.435735  0.440715
925 0.450522 0.535704  0.0137742
1602 0.463101 0.180868  0.356031
1672 0.220208 0.275779  0.504013
4531 0.646496 0.22179  0.131714
4315 0.361259 0.530675  0.108066
935 0.0139371 0.233325  0.752738
1681 0.228096 0.442695  0.329209
1896 0.549492 0.226968  0.22354
2989 0.200297 0.443887  0.355815
5098 0.490755 0.446486  0.0627595
4394 0.32639 0.468365  0.205245
4058 0.101729 0.0255677  0.872704
2384 0.0817514 0.392985  0.525264
605 0.0817899 0.46374  0.454471
1035 0.203489 0.524742  0.271769
307 0.204336 0.181933  0.61373
1511 0.320044 0.302565  0.37739
3518 0.250268 0.116512  0.63322
335 0.0896983 0.506871  0.403431
1986 0.386191 0.163222  0.450587
4147 0.254476 0.349922  0.395602
3262 0.63703 0.133632  0.229338
2743 0.248591 0.636069  0.115341
1511 0.267903 0.475443  0.256654
1127 0.33498 0.380367  0.284653
700 0.49238 0.286807  0.220813
1707 0.470419 0.214132  0.315449
905 0.0547963 0.592183  0.35302
2118 0.388289 0.50166  0.110051
2899 0.291064 0.0308213  0.678115
3604 0.274649 0.500937  0.224413
1610 0.272308 0.430003  0.297689
4745 0.15975 0.54779  0.29246
1610 0.187253 0.461412  0.351335
940 0.0672673 0.548463  0.384269
1696 0.46851 0.371353  0.160136
1610 0.171112 0.513598  0.315291
1540 0.250202 0.495494  0.254304
3510 0.477013 0.283749  0.239238
2587 0.0633736 0.46222  0.474406
1705 0.333279 0.624895  0.0418258
1511 0.505539 0.415819  0.0786425
1577 0.0167951 0.191508  0.791697
1590 0.128393 0.413248  0.458359
984 0.53699 0.3884  0.0746097
1677 0.582888 0.26994  0.147172
1511 0.130403 0.522263  0.347334
2759 0.3064 0.53246  0.16114
2613 0.169269 0.405543  0.425188
1511 0.710098 0.197188  0.0927148
936 0.339547 0.0180746  0.642379
1610 0.3772 0.328084  0.294716
1955 0.39517 0.124667  0.480163
2301 0.390591 0.409894  0.199514
1511 0.107995 0.430237  0.461768
1693 0.355751 0.0795434  0.564706
460 0.399434 0.50558  0.0949867
2730 0.310386 0.65335  0.0362635
1320 0.105653 0.688278  0.206069
3459 0.384504 0.184451  0.431045
1609 0.110451 0.428013  0.461536
1111 0.314469 0.425868  0.259664
1042 0.493182 0.334461  0.172357
934 0.356786 0.324395  0.318819
4491 0.34823 0.349567  0.302203
1030 0.436176 0.131648  0.432176
3893 0.10708 0.293455  0.599466
1511 0.491175 0.4589  0.0499253
1516 0.575577 0.106816  0.317606
1578 0.294466 0.14532  0.560214
1574 0.0125964 0.529524  0.457879
2744 0.411896 0.137075  0.451029
5173 0.156063 0.401835  0.442103
2673 0.382642 0.281835  0.335523
3942 0.493493 0.0202841  0.486223
3520 0.219488 0.316543  0.463969
39 0.321948 0.228737  0.449315
982 0.638809 0.0784888  0.282702
4697 0.216585 0.250826  0.53259
1593 0.289277 0.521494  0.189229
1511 0.160686 0.0588002  0.780514
3843 0.47754 0.0667683  0.455692
1553 0.0345254 0.242617  0.722857
1047 0.263895 0.339803  0.396301
1511 0.306335 0.341972  0.351693
2902 0.44576 0.34569  0.208549
1610 0.363139 0.272494  0.364367
3685 0.42725 0.406803  0.165947
1696 0.130906 0.234985  0.63411
211 0.194371 0.266033  0.539596
2279 0.487498 0.338084  0.174418
1035 0.458698 0.401068  0.140234
1610 0.279298 0.278113  0.44259
1009 0.366698 0.431559  0.201743
2434 0.0439881 0.552512  0.4035
1035 0.20833 0.550269  0.241402
977 0.558241 0.409502  0.0322568
3474 0.334152 0.235227  0.430621
1226 0.373174 0.314682  0.312144
1596 0.240014 0.433606  0.32638
994 0.526812 0.324719  0.148469
2550 0.406608 0.261564  0.331828
2730 0.313938 0.329801  0.356261
921 0.0880393 0.794237  0.117724
423 0.462577 0.275743  0.26168
4557 0.309202 0.500247  0.190551
985 0.29752 0.428831  0.27365
2001 0.593162 0.22116  0.185678
1044 0.0614249 0.193082  0.745493
4936 0.153368 0.262185  0.584448
1021 0.482721 0.0963866  0.420892
1578 0.151444 0.672968  0.175588
1511 0.411082 0.344673  0.244244
2268 0.224918 0.247458  0.527624
2229 0.0645684 0.384183  0.551248
3613 0.353641 0.354784  0.291575
2288 0.0234916 0.608147  0.368362
3271 0.185314 0.493245  0.321441
5200 0.275626 0.299934  0.42444
1035 0.142469 0.349076  0.508455
1049 0.0704937 0.802898  0.126609
1049 0.623344 0.188632  0.188024
1609 0.207354 0.169618  0.623028
683 0.667439 0.142267  0.190294
1610 0.445535 0.261466  0.292999
1049 0.385556 0.160591  0.453853
2913 0.374342 0.600663  0.0249951
1511 0.0609897 0.530696  0.408315
979 0.364444 0.236053  0.399503
1610 0.163461 0.326797  0.509742
299 0.538963 0.282153  0.178884
2743 0.379146 0.138998  0.481856
2580 0.235388 0.401367  0.363245
1511 0.494114 0.17374  0.332145
923 0.284011 0.307541  0.408448
1042 0.0676008 0.477126  0.455273
966 0.305363 0.255501  0.439136
1035 0.545214 0.196322  0.258463
4120 0.297514 0.469053  0.233433
1602 0.319026 0.337191  0.343783
1610 0.343844 0.388328  0.267828
1603 0.192786 0.606497  0.200716
1601 0.639908 0.256085  0.104007
4207 0.087827 0.404493  0.50768
935 0.391904 0.437232  0.170864
3289 0.546579 0.20701  0.24641
1189 0.125266 0.12964  0.745094
1642 0.0310804 0.474846  0.494074
1893 0.0795783 0.807261  0.113161
1627 0.379167 0.143563  0.47727
1232 0.372967 0.357687  0.269346
4496 0.315359 0.336708  0.347933
4592 0.0149091 0.675601  0.309489
1122 0.188362 0.340903  0.470735
3583 0.331396 0.185618  0.482986
2962 0.178836 0.788053  0.033111
1058 0.296992 0.444093  0.258914
3838 0.426641 0.443368  0.129991
3179 0.343306 0.340207  0.316487
3823 0.0578658 0.618622  0.323512
4476 0.440627 0.312761  0.246612
3773 0.182119 0.573857  0.244025
1511 0.330015 0.494936  0.175049
29 0.628301 0.289976  0.0817223
935 0.0786435 0.655144  0.266212
928 0.477256 0.260935  0.261809
1610 0.360355 0.224915  0.41473
1511 0.375705 0.313225  0.311071
1014 0.884893 0.0473708  0.0677361
5057 0.502281 0.235244  0.262475
985 0.0918637 0.297439  0.610697
1610 0.4884 0.00984846  0.501751
2720 0.249985 0.450562  0.299453
1345 0.378001 0.307274  0.314725
1511 0.116509 0.359508  0.523983
2731 0.256923 0.331064  0.412013
3619 0.288512 0.0638913  0.647597
1690 0.0257445 0.59613  0.378125
4338 0.316273 0.489677  0.19405
4693 0.356692 0.344119  0.29919
2817 0.537541 0.0121296  0.45033
3297 0.484398 0.0391251  0.476477
5062 0.532598 0.078908  0.388494
1930 0.377224 0.274561  0.348216
1459 0.0428858 0.238757  0.718357
2114 0.438711 0.122447  0.438841
4370 0.182217 0.581548  0.236235
946 0.144126 0.464359  0.391515
1619 0.376758 0.147856  0.475385
5069 0.367253 0.544364  0.0883823
5068 0.215994 0.21306  0.570946
1912 0.46359 0.218238  0.318172
1008 0.418663 0.289484  0.291853
3035 0.396963 0.105183  0.497854
4563 0.0229743 0.0662346  0.910791
1247 0.433843 0.154997  0.411159
1551 0.29205 0.297736  0.410214
3550 0.613546 0.106148  0.280305
2331 0.569061 0.137965  0.292974
919 0.409181 0.263509  0.32731
935 0.17731 0.44282  0.37987
1661 0.0758094 0.199378  0.724813
1574 0.122507 0.68342  0.194073
1574 0.127982 0.309884  0.562134
3462 0.292708 0.33994  0.367353
4890 0.168548 0.0297522  0.8017
919 0.300084 0.435081  0.264835
1511 0.231296 0.044892  0.723812
1596 0.22787 0.385996  0.386134
1892 0.622081 0.0769112  0.301008
1596 0.335188 0.13531  0.529502
1257 0.125568 0.543033  0.331398
1593 0.474351 0.279632  0.246017
2581 0.39932 0.236903  0.363777
1022 0.229318 0.184464  0.586218
1610 0.472901 0.108293  0.418806
4939 0.584399 0.39789  0.0177115
1019 0.271069 0.269976  0.458955
4098 0.452711 0.431189  0.116101
1595 0.816642 0.098885  0.0844733
2897 0.323979 0.404789  0.271232
5302 0.388104 0.44288  0.169016
4549 0.179709 0.542208  0.278082
12 0.434614 0.411455  0.153931
4531 0.586075 0.337821  0.0761049
4634 0.553762 0.13782  0.308419
3143 0.0346801 0.221474  0.743846
886 0.658568 0.171735  0.169697
1610 0.599254 0.214478  0.186269
1489 0.356432 0.217589  0.425978
1136 0.132108 0.327714  0.540177
2686 0.364598 0.298585  0.336817
4270 0.25915 0.344347  0.396503
288 0.672581 0.119934  0.207485
1031 0.212386 0.510005  0.277609
4318 0.376186 0.399554  0.22426
1511 0.337743 0.0959707  0.566287
3637 0.470534 0.491693  0.0377729
3339 0.320144 0.311746  0.36811
1610 0.510272 0.371463  0.118266
1511 0.451395 0.0493568  0.499248
1511 0.475408 0.406386  0.118206
1861 0.272542 0.674437  0.0530209
1596 0.37751 0.611502  0.0109876
1382 0.208738 0.346117  0.445145
5381 0.277891 0.0169843  0.705125
2710 0.242019 0.480676  0.277305
978 0.521075 0.377171  0.101754
4570 0.262631 0.490748  0.246621
5417 0.405175 0.442886  0.151939
3238 0.334336 0.369135  0.296529
5312 0.373006 0.464642  0.162351
3700 0.182801 0.802073  0.0151265
1511 0.172543 0.412674  0.414782
1642 0.498642 0.035034  0.466324
2240 0.321074 0.372943  0.305982
1511 0.486378 0.417837  0.0957846
1551 0.398159 0.247662  0.354179
4916 0.474729 0.456112  0.0691586
2385 0.463571 0.43848  0.0979493
2868 0.345945 0.191423  0.462632
1511 0.423493 0.222018  0.354489
1575 0.748533 0.234816  0.0166517
1511 0.31508 0.365808  0.319112
5071 0.294926 0.330132  0.374942
466 0.138659 0.192492  0.668849
3891 0.614777 0.139536  0.245687
2894 0.474996 0.358338  0.166667
5070 0.304249 0.279886  0.415864
1610 0.608931 0.350898  0.0401706
2000 0.0787503 0.570981  0.350269
322 0.195697 0.424197  0.380106
1328 0.0787931 0.362732  0.558475
4185 0.41608 0.0117216  0.572198
3905 0.123761 0.415156  0.461083
3871 0.423004 0.290618  0.286378
1194 0.191039 0.477602  0.331359
2273 0.135362 0.538653  0.325985
989 0.305586 0.561564  0.13285
4541 0.715355 0.158267  0.126378
2665 0.0261465 0.20492  0.768933
5054 0.505988 0.172099  0.321913
4044 0.320654 0.290707  0.388639
5326 0.134539 0.182287  0.683174
3559 0.0910802 0.38082  0.5281
1051 0.257468 0.491166  0.251366
2665 0.183031 0.236098  0.580871
4612 0.355829 0.358666  0.285505
1511 0.45668 0.203151  0.340169
1021 0.584462 0.154596  0.260943
1511 0.0326238 0.722425  0.244951
1596 0.233407 0.468496  0.298097
3573 0.494345 0.379525  0.12613
1008 0.107205 0.457566  0.435229
3789 0.485935 0.44284  0.0712244
1021 0.0912883 0.411819  0.496893
1963 0.378649 0.373173  0.248179
1610 0.0109767 0.541364  0.44766
1596 0.427708 0.331892  0.2404
1605 0.305125 0.402609  0.292266
1023 0.215086 0.322101  0.462813
1049 0.702385 0.0995795  0.198036
1511 0.148982 0.666762  0.184256
1638 0.452728 0.308154  0.239118
4286 0.394056 0.396119  0.209824
5063 0.486895 0.346719  0.166386
5060 0.396818 0.294355  0.308827
5244 0.705271 0.0738344  0.220894
402 0.14551 0.434467  0.420023
1587 0.154656 0.378406  0.466939
2260 0.114342 0.522527  0.36313
937 0.16419 0.41852  0.41729
2532 0.289029 0.486745  0.224226
2730 0.0607217 0.36862  0.570659
5403 0.415807 0.539049  0.0451449
1218 0.276452 0.355767  0.367781
4627 0.109878 0.412753  0.477369
2968 0.242329 0.49082  0.266851
1015 0.235305 0.571546  0.193149
994 0.295674 0.409557  0.294769
3968 0.404355 0.166604  0.429042
1511 0.755571 0.218565  0.0258643
1596 0.421915 0.196831  0.381254
462 0.297035 0.296099  0.406865
1511 0.149344 0.390755  0.4599
1609 0.0492126 0.599908  0.350879
471 0.700695 0.00946225  0.289843
936 0.30863 0.536063  0.155306
4605 0.0259794 0.106145  0.867876
1593 0.305461 0.645272  0.049267
1517 0.282994 0.436371  0.280635
992 0.556454 0.210566  0.232979
656 0.166224 0.240856  0.59292
5124 0.184239 0.505541  0.31022
1035 0.270671 0.492537  0.236793
1511 0.652107 0.3223  0.0255928
3745 0.0929506 0.296189  0.61086
1855 0.341837 0.233877  0.424286
1264 0.47978 0.306702  0.213518
1609 0.0908501 0.449037  0.460113
1511 0.319172 0.442656  0.238172
5057 0.511441 0.263936  0.224623
1709 0.354989 0.285419  0.359592
1711 0.465542 0.435661  0.098797
1595 0.172723 0.100292  0.726985
1448 0.341699 0.41012  0.24818
4243 0.388427 0.135539  0.476034
150 0.240618 0.0785969  0.680785
964 0.267607 0.432418  0.299974
1044 0.243527 0.573676  0.182796
1511 0.229129 0.236836  0.534035
982 0.44871 0.40348  0.14781
4311 0.525554 0.343409  0.131037
1522 0.674293 0.193977  0.13173
428 0.440207 0.306379  0.253414
4607 0.265932 0.427028  0.30704
1015 0.388449 0.227443  0.384108
5363 0.455136 0.274625  0.270238
4491 0.262818 0.37547  0.361713
1511 0.311223 0.340421  0.348356
1596 0.316592 0.340154  0.343254
2472 0.361058 0.0570289  0.581913
1596 0.258269 0.234117  0.507615
1139 0.0927208 0.765426  0.141853
1511 0.320036 0.242863  0.437101
3184 0.380341 0.375995  0.243663
3249 0.0371886 0.477558  0.485254
964 0.146413 0.0565425  0.797044
940 0.348825 0.489002  0.162173
2940 0.349536 0.237008  0.413457
3365 0.058354 0.631338  0.310308
1891 0.297121 0.319986  0.382893
281 0.262117 0.448487  0.289396
1596 0.337204 0.115657  0.547139
1511 0.340491 0.148494  0.511015
1679 0.189875 0.237122  0.573003
4618 0.363884 0.273331  0.362784
674 0.266331 0.371558  0.36211
1022 0.268001 0.0750575  0.656942
3587 0.136709 0.606903  0.256388
5320 0.0534578 0.560929  0.385613
1511 0.442583 0.246327  0.31109
3985 0.012383 0.549662  0.437955
4756 0.0917733 0.299919  0.608308
5397 0.294022 0.382866  0.323112
1610 0.339158 0.338905  0.321937
1511 0.0397293 0.0411374  0.919133
1010 0.503888 0.076732  0.41938
1610 0.18536 0.395642  0.418998
1606 0.218164 0.372159  0.409677
1678 0.233955 0.174324  0.59172
1681 0.40384 0.059055  0.537105
1021 0.509083 0.428742  0.0621745
3059 0.503816 0.0515925  0.444591
982 0.355123 0.360892  0.283985
990 0.23181 0.200611  0.567579
1887 0.14909 0.646167  0.204743
615 0.156751 0.616915  0.226334
1691 0.0361019 0.340434  0.623465
3773 0.375711 0.309248  0.315042
1596 0.340677 0.435868  0.223456
1180 0.418528 0.187173  0.3943
1709 0.264324 0.177881  0.557795
1016 0.45318 0.516141  0.0306791
2518 0.178503 0.341232  0.480265
1511 0.0665043 0.450865  0.482631
1511 0.549201 0.184812  0.265987
1553 0.338479 0.499564  0.161956
4289 0.452678 0.441252  0.10607
1596 0.563668 0.0745134  0.361819
978 0.331965 0.480996  0.187039
5067 0.526662 0.0815453  0.391793
1516 0.542535 0.312565  0.144899
3894 0.198474 0.508912  0.292614
2363 0.448551 0.259869  0.29158
3089 0.241099 0.220983  0.537917
1845 0.297942 0.137603  0.564455
84 0.503105 0.361315  0.13558
1008 0.431913 0.220104  0.347983
1511 0.311412 0.380856  0.307732
982 0.311838 0.510653  0.177509
1427 0.227778 0.304467  0.467755
5222 0.0448235 0.67535  0.279827
1511 0.298894 0.241973  0.459133
923 0.52609 0.243222  0.230688
1980 0.432158 0.0426921  0.52515
926 0.327818 0.38877  0.283411
1511 0.525113 0.0151605  0.459727
4564 0.14651 0.801278  0.0522116
4532 0.422431 0.299319  0.278249
4340 0.427173 0.27869  0.294137
1511 0.477199 0.495267  0.0275339
1528 0.489346 0.353394  0.15726
2491 0.278805 0.539213  0.181982
984 0.496293 0.378466  0.125242
1609 0.368958 0.503268  0.127775
1618 0.60238 0.331996  0.0656232
937 0.421162 0.468798  0.11004
1596 0.464074 0.195908  0.340018
1575 0.514849 0.0840402  0.401111
4626 0.147876 0.433625  0.418499
2059 0.177697 0.533843  0.28846
1610 0.121202 0.311719  0.567079
4070 0.427128 0.0850741  0.487798
1601 0.397152 0.195212  0.407637
838 0.47456 0.0173222  0.508118
2465 0.0207733 0.412426  0.566801
1726 0.0853113 0.495305  0.419384
102 0.762343 0.0649288  0.172729
1224 0.325011 0.570275  0.104714
1596 0.156198 0.412032  0.431769
1289 0.316917 0.438602  0.244481
5066 0.454907 0.117443  0.427649
1511 0.447108 0.503264  0.0496276
1016 0.0140527 0.478567  0.50738
5107 0.468249 0.339816  0.191935
980 0.0846815 0.415075  0.500243
1576 0.409057 0.306793  0.28415
973 0.242553 0.387178  0.370268
3379 0.0189983 0.645736  0.335266
3507 0.0823649 0.382714  0.534921
1578 0.346511 0.435107  0.218382
3228 0.475047 0.506358  0.0185949
1257 0.231298 0.418566  0.350136
3482 0.319286 0.326835  0.353879
3936 0.335706 0.218846  0.445448
2221 0.192387 0.477754  0.32986
3136 0.306917 0.297203  0.39588
885 0.311911 0.640336  0.0477532
1368 0.186972 0.0757863  0.737242
671 0.140912 0.071893  0.787195
1805 0.498625 0.343905  0.15747
552 0.333534 0.344081  0.322384
1511 0.498319 0.217004  0.284677
75 0.47973 0.0419143  0.478356
1035 0.403631 0.368472  0.227897
946 0.341566 0.233728  0.424706
966 0.229927 0.155967  0.614106
1511 0.306381 0.36361  0.330009
988 0.0193896 0.879862  0.100748
641 0.0652445 0.668544  0.266212
1511 0.0726472 0.42385  0.503502
1044 0.230567 0.315839  0.453594
2298 0.298129 0.52136  0.180511
663 0.306352 0.532412  0.161236
3876 0.288663 0.213557  0.49778
1596 0.357837 0.412852  0.229311
2530 0.436913 0.24341  0.319677
3750 0.517951 0.0459264  0.436123
1511 0.67176 0.0886398  0.239601
2752 0.489531 0.450772  0.0596973
4814 0.0605658 0.595117  0.344317
1609 0.670927 0.144242  0.184832
2731 0.352955 0.239624  0.407421
1511 0.742761 0.0964758  0.160763
4369 0.624672 0.15443  0.220898
3926 0.260403 0.391321  0.348277
4399 0.195989 0.547759  0.256252
4596 0.199575 0.463321  0.337104
989 0.658503 0.0898223  0.251675
966 0.455363 0.0304119  0.514226
4607 0.316182 0.195092  0.488726
2260 0.370335 0.270383  0.359282
1576 0.635013 0.323016  0.0419704
3309 0.240853 0.170642  0.588505
4586 0.0599869 0.357513  0.5825
2716 0.479377 0.10075  0.419873
987 0.321914 0.134152  0.543935
985 0.172629 0.702599  0.124772
1511 0.424432 0.39212  0.183448
4632 0.637385 0.339821  0.0227945
2510 0.219239 0.421552  0.359208
919 0.426675 0.285393  0.287932
499 0.366988 0.2136  0.419412
1042 0.411543 0.546701  0.0417569
303 0.606407 0.155271  0.238321
460 0.214423 0.648319  0.137258
4919 0.625587 0.197461  0.176952
1784 0.194994 0.328034  0.476972
3140 0.44006 0.165639  0.394301
1033 0.216015 0.269152  0.514834
1104 0.490286 0.278858  0.230856
983 0.296834 0.433643  0.269522
2223 0.321083 0.414015  0.264902
1609 0.0595368 0.407122  0.533342
2220 0.368372 0.182212  0.449415
1463 0.502084 0.337138  0.160777
2693 0.506819 0.364709  0.128472
2449 0.215562 0.417623  0.366815
3854 0.524435 0.0524403  0.423125
1185 0.186036 0.412943  0.401021
2345 0.796102 0.0896596  0.114238
983 0.0791675 0.647115  0.273717
1925 0.273605 0.560823  0.165573
3495 0.250851 0.369942  0.379206
2447 0.428699 0.119664  0.451637
1511 0.472312 0.173953  0.353735
2089 0.17468 0.0694882  0.755832
5246 0.238476 0.347729  0.413795
5098 0.518639 0.30478  0.17658
3061 0.191965 0.306282  0.501753
1511 0.490621 0.373696  0.135683
2699 0.33848 0.340147  0.321373
1578 0.196871 0.332987  0.470142
1511 0.276323 0.277313  0.446364
1575 0.141032 0.357794  0.501175
4610 0.341323 0.306703  0.351975
1917 0.235826 0.385816  0.378358
1511 0.174862 0.741742  0.0833964
3600 0.0348872 0.548984  0.416129
1511 0.189103 0.348773  0.462124
3473 0.370655 0.339795  0.28955
1603 0.348432 0.331857  0.31971
2492 0.328173 0.228186  0.44364
4907 0.396144 0.182294  0.421562
1610 0.563444 0.207625  0.228931
1706 0.34132 0.338597  0.320083
1666 0.393941 0.18748  0.418579
3719 0.302679 0.428338  0.268983
1511 0.292051 0.380127  0.327822
1485 0.582318 0.135832  0.28185
1609 0.492494 0.067701  0.439805
1198 0.0485634 0.487606  0.463831
1605 0.245277 0.572968  0.181755
2363 0.316669 0.431347  0.251984
243 0.318142 0.397067  0.284791
2238 0.458946 0.436033  0.10502
967 0.0255724 0.556808  0.417619
1511 0.333613 0.264945  0.401441
2977 0.440792 0.177576  0.381633
1031 0.494083 0.44091  0.0650077
3719 0.500134 0.0465507  0.453315
1577 0.582981 0.182886  0.234133
1511 0.13293 0.484056  0.383014
1015 0.336211 0.32767  0.336119
3529 0.438214 0.202767  0.35902
1511 0.356876 0.417192  0.225932
2334 0.0821866 0.781474  0.136339
4895 0.435984 0.120204  0.443813
3395 0.0854974 0.704277  0.210226
1693 0.319506 0.365824  0.31467
4874 0.367409 0.512593  0.119999
2267 0.0366358 0.158088  0.805277
1171 0.688872 0.147833  0.163295
4615 0.117492 0.440946  0.441561
1517 0.136023 0.4294  0.434577
5286 0.363629 0.511429  0.124943
921 0.361728 0.373981  0.264291
1096 0.0568366 0.377513  0.565651
1009 0.295645 0.31561  0.388744
977 0.407727 0.149071  0.443202
1439 0.552606 0.141479  0.305915
981 0.488352 0.044386  0.467262
982 0.474832 0.0984767  0.426692
1511 0.43419 0.413656  0.152154
1015 0.0883404 0.285849  0.62581
1314 0.112523 0.545803  0.341674
5432 0.474275 0.105521  0.420204
965 0.473531 0.367912  0.158557
1606 0.435727 0.103969  0.460304
1609 0.344347 0.331373  0.32428
1511 0.0403568 0.172499  0.787145
2567 0.174525 0.399354  0.426121
1596 0.461361 0.158029  0.380609
2216 0.409095 0.287319  0.303586
3093 0.627001 0.254007  0.118992
2376 0.108517 0.478652  0.412831
4235 0.496355 0.431926  0.0717191
5242 0.388616 0.316471  0.294913
4431 0.217844 0.750152  0.0320046
1511 0.22147 0.0877857  0.690744
975 0.37688 0.27938  0.34374
1643 0.521479 0.0992298  0.379291
1635 0.229086 0.341844  0.429069
2730 0.0790498 0.861591  0.0593589
1596 0.274155 0.0113771  0.714468
1610 0.264775 0.592742  0.142483
1511 0.243886 0.286048  0.470066
4483 0.420112 0.28203  0.297858
1610 0.197309 0.297486  0.505205
4588 0.473431 0.508431  0.018138
1511 0.32672 0.188767  0.484513
3517 0.352796 0.243145  0.404059
3592 0.86648 0.0922228  0.0412972
1271 0.116087 0.2643  0.619613
1610 0.520997 0.100391  0.378612
4467 0.550703 0.14685  0.302447
1546 0.117985 0.550674  0.331341
1096 0.352145 0.323181  0.324673
701 0.331097 0.33215  0.336753
1111 0.449775 0.078065  0.47216
4720 0.570937 0.40487  0.0241933
1520 0.368749 0.18042  0.450831
4044 0.346167 0.370071  0.283762
926 0.533763 0.194046  0.27219
1035 0.158219 0.291962  0.549819
4171 0.342105 0.0505205  0.607375
5226 0.463758 0.196773  0.339469
973 0.174098 0.439788  0.386114
1564 0.114837 0.777462  0.107701
4922 0.171889 0.367351  0.46076
5108 0.483524 0.199351  0.317124
2469 0.277819 0.481108  0.241072
1029 0.357778 0.199305  0.442917
4418 0.457955 0.334027  0.208018
3575 0.30709 0.210879  0.482031
1701 0.319908 0.552619  0.127473
195 0.472732 0.457874  0.0693939
4708 0.224293 0.381714  0.393993
1511 0.330116 0.360355  0.309529
1080 0.264061 0.180624  0.555315
973 0.195331 0.273223  0.531446
1229 0.240985 0.337909  0.421106
1610 0.146149 0.393559  0.460293
2743 0.208449 0.0779769  0.713574
1596 0.0159083 0.606591  0.3775
1612 0.426583 0.216635  0.356782
1299 0.25728 0.213905  0.528815
2698 0.531464 0.191808  0.276728
1596 0.560674 0.423609  0.015717
1706 0.163734 0.406729  0.429537
1511 0.446055 0.110611  0.443333
1511 0.524286 0.324407  0.151307
1035 0.427793 0.335025  0.237182
1610 0.470008 0.169711  0.360281
1029 0.355393 0.36226  0.282347
3672 0.0618146 0.800352  0.137834
2265 0.434001 0.25086  0.315139
75 0.140478 0.0757947  0.783727
64 0.507801 0.166232  0.325967
4475 0.0189966 0.920697  0.060306
1553 0.181699 0.592144  0.226157
4889 0.36893 0.19787  0.433201
1246 0.326921 0.102528  0.570551
2246 0.398268 0.0416716  0.56006
983 0.181709 0.0768221  0.741469
933 0.194912 0.316225  0.488863
3911 0.576784 0.343138  0.0800782
1049 0.0965408 0.637897  0.265562
879 0.29904 0.331938  0.369022
185 0.276045 0.401431  0.322524
4508 0.0439353 0.324385  0.63168
4600 0.557185 0.172494  0.270322
1898 0.197428 0.461667  0.340906
1593 0.481743 0.452738  0.0655193
1014 0.620059 0.121915  0.258026
3373 0.062543 0.519091  0.418366
983 0.602017 0.0963313  0.301652
302 0.210798 0.495742  0.29346
289 0.0966403 0.12051  0.78285
466 0.336101 0.221156  0.442743
1490 0.168295 0.419289  0.412417
1511 0.161788 0.435019  0.403193
1049 0.390338 0.394363  0.215299
1511 0.371457 0.271871  0.356671
940 0.0454727 0.318157  0.63637
1706 0.267075 0.490055  0.24287
1051 0.359137 0.586029  0.0548338
58 0.200006 0.745632  0.0543613
1232 0.396025 0.359835  0.24414
2163 0.225281 0.240441  0.534278
3031 0.230699 0.395856  0.373446
2260 0.392481 0.315599  0.291921
49 0.209739 0.350264  0.439997
5365 0.0382069 0.434955  0.526838
1511 0.19039 0.311249  0.498362
824 0.350809 0.187207  0.461985
2461 0.412531 0.0994339  0.488035
4534 0.10486 0.282269  0.612871
2480 0.502523 0.341618  0.155859
4675 0.0610635 0.451352  0.487585
2511 0.25898 0.40411  0.33691
5074 0.189529 0.139604  0.670867
5070 0.378633 0.274943  0.346423
1511 0.3122 0.216338  0.471461
1511 0.350936 0.181108  0.467956
1511 0.224298 0.214839  0.560864
5315 0.222602 0.437127  0.340272
3882 0.201571 0.262739  0.53569
3710 0.385616 0.124798  0.489586
1511 0.531701 0.0146786  0.453621
919 0.366454 0.158659  0.474888
1015 0.517557 0.13353  0.348913
1049 0.513266 0.195762  0.290972
5262 0.453373 0.497797  0.0488302
1511 0.66304 0.0784856  0.258475
1015 0.391525 0.312557  0.295919
1574 0.345769 0.554787  0.0994445
3871 0.432404 0.282949  0.284647
2656 0.172604 0.546223  0.281173
1035 0.331225 0.115673  0.553102
1606 0.341611 0.228363  0.430025
945 0.190439 0.408048  0.401513
4268 0.467168 0.349848  0.182984
3561 0.259555 0.156719  0.583726
1511 0.30249 0.421076  0.276434
2752 0.465767 0.311734  0.222499
3060 0.434129 0.458688  0.107183
1522 0.151941 0.340332  0.507727
1979 0.0268527 0.700614  0.272533
1678 0.453884 0.340433  0.205683
2636 0.483478 0.153658  0.362863
1610 0.366322 0.330231  0.303447
2964 0.214873 0.369425  0.415702
2434 0.0785568 0.436008  0.485435
3594 0.329292 0.378629  0.292079
4166 0.655515 0.31211  0.0323741
2215 0.573886 0.0248875  0.401226
973 0.408382 0.461309  0.130309
4571 0.49173 0.341679  0.166591
1029 0.251427 0.186331  0.562242
332 0.462467 0.0536697  0.483864
1955 0.443049 0.125986  0.430966
945 0.0523337 0.720486  0.227181
1609 0.151931 0.11141  0.736659
2921 0.474602 0.280611  0.244787
2276 0.120275 0.656408  0.223317
1188 0.455143 0.2674  0.277457
4531 0.58603 0.0984461  0.315523
2402 0.267766 0.292674  0.43956
1511 0.268864 0.283502  0.447634
4568 0.546023 0.277989  0.175988
1488 0.420946 0.339093  0.239962
1021 0.259598 0.0668038  0.673598
983 0.166881 0.12724  0.705879
3632 0.0363134 0.58301  0.380676
3483 0.329695 0.248695  0.42161
289 0.267331 0.184937  0.547733
1681 0.219509 0.314035  0.466456
127 0.334731 0.331428  0.333842
2958 0.477935 0.0177878  0.504278
4605 0.0715177 0.649176  0.279306
482 0.279256 0.387589  0.333155
2369 0.109684 0.0746318  0.815685
2031 0.236309 0.449274  0.314417
3855 0.431586 0.226493  0.341921
4079 0.36919 0.1603  0.47051
1610 0.626384 0.096673  0.276944
3518 0.350743 0.354809  0.294448
205 0.402501 0.569341  0.0281576
877 0.369271 0.566122  0.0646068
4286 0.429847 0.26588  0.304272
3696 0.38573 0.465335  0.148935
979 0.0955021 0.575732  0.328766
1010 0.321009 0.641534  0.0374562
14 0.477867 0.341462  0.180671
2729 0.210377 0.590475  0.199148
978 0.528457 0.258967  0.212576
1283 0.305437 0.36028  0.334283
534 0.421876 0.295678  0.282446
231 0.274892 0.261692  0.463416
4426 0.507593 0.361494  0.130913
1041 0.41005 0.344019  0.245931
2819 0.504698 0.276034  0.219269
4580 0.490894 0.141661  0.367444
3565 0.369884 0.0918252  0.538291
4727 0.0345019 0.381448  0.58405
1029 0.0722774 0.37269  0.555033
1511 0.339558 0.333258  0.327184
1542 0.21219 0.371393  0.416417
993 0.238224 0.286433  0.475342
1084 0.341137 0.288697  0.370166
1511 0.792375 0.19197  0.0156547
1539 0.59258 0.128108  0.279312
1610 0.42664 0.0413737  0.531986
1514 0.385942 0.393926  0.220132
4848 0.488868 0.0301591  0.480973
4808 0.360194 0.159599  0.480207
2245 0.476916 0.251778  0.271306
1289 0.445389 0.206528  0.348082
4361 0.267565 0.222659  0.509776
1610 0.327574 0.574609  0.0978176
1093 0.0743508 0.229078  0.696572
1887 0.636625 0.217466  0.145909
1607 0.301331 0.269359  0.42931
2769 0.278981 0.567542  0.153477
2308 0.51572 0.201707  0.282573
3036 0.0831439 0.187596  0.72926
1525 0.357147 0.293103  0.34975
1681 0.0135144 0.154836  0.831649
961 0.279141 0.475482  0.245377
1596 0.182396 0.425282  0.392322
4302 0.0804373 0.361355  0.558207
1607 0.364594 0.53266  0.102746
5055 0.440561 0.455322  0.104117
497 0.179899 0.37225  0.447851
3826 0.486935 0.474767  0.0382977
2508 0.29799 0.474081  0.227929
1564 0.203499 0.556382  0.240118
139 0.378277 0.363064  0.258659
3768 0.253475 0.174972  0.571553
3887 0.198406 0.468752  0.332842
2435 0.470819 0.300868  0.228313
3919 0.356427 0.1007  0.542873
4215 0.347212 0.391914  0.260874
1511 0.276084 0.294611  0.429305
1511 0.480595 0.0873521  0.432053
1696 0.380869 0.197212  0.421918
2928 0.0301047 0.437953  0.531942
1276 0.113474 0.110853  0.775673
1610 0.676965 0.0657633  0.257272
1947 0.326864 0.426289  0.246847
2469 0.598546 0.241605  0.159849
328 0.462664 0.371301  0.166035
1655 0.617606 0.082917  0.299477
1511 0.369251 0.225977  0.404773
1511 0.465295 0.481954  0.0527512
1610 0.131947 0.399828  0.468225
945 0.710549 0.017355  0.272096
4832 0.460972 0.382442  0.156586
541 0.395077 0.591236  0.0136868
1610 0.639532 0.322512  0.0379564
4348 0.382412 0.178585  0.439003
1511 0.5458 0.438414  0.0157855
3383 0.0404362 0.442743  0.516821
3889 0.392419 0.188699  0.418882
3293 0.323555 0.458262  0.218183
4460 0.379394 0.471144  0.149463
161 0.437145 0.20812  0.354736
1310 0.186444 0.33959  0.473966
1610 0.240662 0.414231  0.345107
935 0.558168 0.349351  0.0924813
1511 0.266626 0.477027  0.256347
3996 0.413547 0.15357  0.432882
3438 0.0754189 0.242929  0.681652
1599 0.396398 0.517047  0.0865549
1610 0.351449 0.469999  0.178552
1610 0.468863 0.411944  0.119194
1610 0.52416 0.0870823  0.388758
1633 0.215554 0.423773  0.360673
3136 0.0921337 0.511064  0.396803
4569 0.643249 0.162137  0.194613
3693 0.419881 0.421143  0.158976
1610 0.381832 0.242328  0.37584
1610 0.248004 0.677259  0.074737
1516 0.332728 0.546127  0.121145
974 0.0344794 0.42724  0.53828
3113 0.869869 0.116233  0.0138979
4381 0.294198 0.169144  0.536658
983 0.058131 0.214971  0.726898
1852 0.196308 0.563202  0.24049
4631 0.438022 0.130483  0.431495
1610 0.270906 0.664898  0.0641956
4506 0.236351 0.431887  0.331763
315 0.193385 0.343919  0.462696
2279 0.247978 0.715246  0.0367764
1511 0.281375 0.490626  0.227999
1439 0.0180369 0.477605  0.504358
2268 0.470504 0.493661  0.035835
4588 0.286675 0.0326754  0.680649
990 0.271933 0.157696  0.570371
2726 0.334373 0.277435  0.388193
2416 0.45182 0.0958485  0.452331
5214 0.720078 0.155926  0.123996
1029 0.340429 0.332577  0.326994
3019 0.0283015 0.660908  0.310791
1511 0.224361 0.495292  0.280347
2485 0.481409 0.455179  0.0634121
1610 0.28806 0.406254  0.305686
3009 0.26958 0.5306  0.199821
965 0.516209 0.210983  0.272808
602 0.314125 0.29993  0.385945
3646 0.108874 0.0943825  0.796743
3733 0.156699 0.266205  0.577096
4564 0.030388 0.305363  0.664249
964 0.537827 0.077779  0.384394
982 0.534643 0.38455  0.0808073
4603 0.16944 0.296352  0.534208
1936 0.0768086 0.488087  0.435104
1610 0.13398 0.400143  0.465877
1613 0.353931 0.397132  0.248938
824 0.302974 0.209718  0.487308
1049 0.322641 0.428761  0.248599
1397 0.491466 0.410203  0.0983305
973 0.311543 0.160387  0.528069
1610 0.454557 0.0212809  0.524162
965 0.309413 0.398129  0.292459
981 0.315087 0.363925  0.320988
3923 0.18668 0.430784  0.382536
3289 0.126228 0.235016  0.638756
4486 0.440124 0.335829  0.224047
1554 0.253641 0.554015  0.192345
3589 0.250859 0.424272  0.324869
1679 0.114939 0.228624  0.656437
2997 0.0173261 0.439863  0.542811
3724 0.0385338 0.426778  0.534688
982 0.286913 0.509245  0.203842
1511 0.257535 0.372632  0.369833
1511 0.552982 0.257489  0.189529
3582 0.129786 0.17532  0.694894
1015 0.538717 0.136384  0.324899
4282 0.233688 0.222266  0.544045
1208 0.455444 0.353119  0.191437
919 0.366248 0.0531734  0.580579
4489 0.256143 0.179772  0.564085
1511 0.048204 0.679976  0.27182
1949 0.43814 0.516876  0.0449835
1610 0.272556 0.03051  0.696934
3003 0.32612 0.399318  0.274562
1596 0.335894 0.187101  0.477005
1511 0.551634 0.228255  0.220111
1511 0.0242334 0.551631  0.424135
2608 0.402453 0.317425  0.280122
922 0.377821 0.331009  0.29117
1832 0.46915 0.399529  0.131322
2744 0.835643 0.139435  0.0249216
941 0.327234 0.436329  0.236437
975 0.355233 0.632906  0.0118609
5015 0.0708811 0.904997  0.0241215
1041 0.293346 0.209416  0.497238
1574 0.121661 0.450081  0.428257
2234 0.421157 0.148007  0.430836
1511 0.633975 0.173702  0.192322
