3214 0.451152 0.463255  0.0855934
2679 0.302256 0.0410926  0.656651
2188 0.623949 0.0642783  0.311773
5632 0.385188 0.127331  0.487481
5140 0.502825 0.293306  0.203869
1221 0.641467 0.180701  0.177832
2781 0.481345 0.143857  0.374798
1134 0.214456 0.283797  0.501747
3013 0.440703 0.110856  0.448441
3956 0.688526 0.29036  0.0211146
5109 0.167679 0.753541  0.0787806
4279 0.45252 0.488531  0.0589487
482 0.451336 0.239202  0.309462
5824 0.56834 0.236949  0.194711
1159 0.470178 0.322018  0.207804
5685 0.223416 0.729914  0.04667
6626 0.340652 0.201268  0.45808
2120 0.062072 0.306503  0.631425
500 0.396619 0.174912  0.42847
5000 0.690856 0.0517288  0.257415
3737 0.335581 0.520572  0.143847
2844 0.289174 0.153856  0.55697
2900 0.364329 0.47463  0.161041
1483 0.435953 0.283772  0.280275
445 0.322311 0.188824  0.488865
6558 0.30085 0.195952  0.503198
939 0.30856 0.212106  0.479334
3581 0.296775 0.335751  0.367474
4604 0.248308 0.343348  0.408344
585 0.384488 0.2735  0.342012
88 0.623842 0.312152  0.0640059
4605 0.355239 0.423709  0.221052
1123 0.351667 0.145082  0.503251
262 0.72303 0.257009  0.0199613
1249 0.206619 0.250655  0.542726
4235 0.222483 0.381853  0.395664
1815 0.293434 0.578423  0.128143
2159 0.372593 0.377005  0.250403
3336 0.359936 0.228371  0.411693
5792 0.621513 0.216962  0.161525
3519 0.0472589 0.400767  0.551974
878 0.370537 0.240688  0.388775
6341 0.0993229 0.537262  0.363415
5125 0.244694 0.418457  0.336849
596 0.373649 0.404439  0.221912
866 0.0820371 0.555861  0.362102
3364 0.56397 0.255805  0.180225
5801 0.231711 0.0745505  0.693739
745 0.147146 0.761568  0.0912857
3276 0.37238 0.129314  0.498305
5970 0.627472 0.363533  0.00899504
4655 0.134272 0.472624  0.393104
3595 0.115965 0.612428  0.271607
2851 0.537624 0.420249  0.0421268
6330 0.0995653 0.743742  0.156693
374 0.362304 0.228985  0.408711
6580 0.236245 0.399205  0.36455
3822 0.583959 0.23083  0.185212
5801 0.0942784 0.403603  0.502118
5300 0.204385 0.746661  0.0489531
6202 0.477263 0.364915  0.157822
1248 0.304723 0.296778  0.3985
1646 0.151742 0.331582  0.516676
3171 0.536225 0.226138  0.237637
4554 0.0747764 0.326856  0.598368
5038 0.727833 0.138898  0.133268
5955 0.395854 0.249332  0.354814
3698 0.525613 0.148461  0.325926
5516 0.848233 0.0516505  0.100117
4728 0.0591652 0.799039  0.141796
4834 0.468182 0.3246  0.207218
4871 0.0594196 0.218484  0.722096
5372 0.416662 0.347823  0.235515
2187 0.282675 0.247152  0.470173
2001 0.295055 0.509086  0.195859
5761 0.339727 0.164147  0.496125
1138 0.177926 0.103564  0.71851
4409 0.480823 0.29929  0.219887
4833 0.403726 0.240941  0.355333
3414 0.306532 0.682873  0.0105952
3758 0.205927 0.258327  0.535746
4266 0.120774 0.331103  0.548123
6519 0.0496406 0.659456  0.290903
380 0.332987 0.575862  0.0911509
2713 0.377055 0.547174  0.0757704
1675 0.50495 0.444021  0.0510288
379 0.435522 0.418681  0.145797
4157 0.491889 0.227748  0.280363
5244 0.164327 0.535952  0.299721
3631 0.25778 0.41988  0.322341
851 0.392356 0.233409  0.374234
5687 0.209644 0.465178  0.325178
1956 0.265367 0.267166  0.467467
643 0.233398 0.349946  0.416656
745 0.280587 0.579615  0.139798
4742 0.738779 0.0578522  0.203369
3739 0.383103 0.345956  0.270941
5118 0.307444 0.418126  0.27443
6050 0.320323 0.19645  0.483227
962 0.258938 0.355534  0.385528
5394 0.456369 0.0482823  0.495349
2003 0.263248 0.364298  0.372454
2175 0.093438 0.379849  0.526713
2080 0.126333 0.575195  0.298472
3943 0.431424 0.540829  0.0277476
5248 0.24066 0.204753  0.554587
4606 0.445877 0.496327  0.0577963
2737 0.467988 0.388625  0.143387
5062 0.581363 0.0619268  0.35671
1495 0.352121 0.438442  0.209438
2050 0.224406 0.453514  0.322081
5051 0.208817 0.345623  0.445561
940 0.333471 0.302741  0.363789
4290 0.406312 0.269  0.324688
2450 0.427577 0.187115  0.385308
1449 0.34291 0.260425  0.396665
2728 0.570394 0.19212  0.237486
3090 0.299729 0.321146  0.379124
1695 0.242471 0.499356  0.258173
2767 0.353553 0.320658  0.325789
3089 0.360711 0.481596  0.157693
1276 0.118166 0.86438  0.0174542
6431 0.753966 0.104981  0.141053
1769 0.0919897 0.441534  0.466476
5476 0.0946307 0.552672  0.352697
3018 0.355022 0.319131  0.325847
1218 0.333137 0.393725  0.273138
4408 0.475786 0.478058  0.0461567
1464 0.347132 0.340703  0.312165
1434 0.0793519 0.423647  0.497001
3076 0.424957 0.45735  0.117694
3369 0.417148 0.223285  0.359567
2020 0.126951 0.462496  0.410552
2226 0.529943 0.180336  0.289721
1939 0.470218 0.277  0.252782
1808 0.33563 0.484869  0.1795
450 0.637973 0.0420931  0.319934
798 0.497662 0.452639  0.049699
182 0.581898 0.165881  0.252222
5667 0.416313 0.503129  0.0805575
2964 0.214239 0.542638  0.243122
2955 0.428485 0.117038  0.454477
1021 0.210854 0.401429  0.387716
3260 0.452886 0.269335  0.277779
1949 0.46312 0.0678228  0.469057
3049 0.188416 0.270434  0.541151
1353 0.591969 0.311599  0.0964318
5788 0.246279 0.527806  0.225915
2689 0.325388 0.345682  0.32893
760 0.516173 0.375978  0.107849
1394 0.498338 0.0405471  0.461114
4039 0.404461 0.0340536  0.561485
4895 0.188931 0.288524  0.522545
6385 0.209375 0.502831  0.287794
5066 0.370712 0.466503  0.162785
983 0.292573 0.219661  0.487766
4019 0.0497877 0.514398  0.435814
6605 0.467399 0.0530483  0.479553
5985 0.268812 0.482057  0.249131
1384 0.495876 0.371232  0.132892
4344 0.0712775 0.34317  0.585553
2854 0.149225 0.536377  0.314398
2406 0.422002 0.407262  0.170736
4538 0.330813 0.30301  0.366177
5770 0.432536 0.135131  0.432334
4775 0.0365203 0.545758  0.417722
679 0.30752 0.190891  0.501589
4670 0.0914789 0.482735  0.425786
6103 0.137511 0.610892  0.251596
1299 0.613983 0.128949  0.257069
5798 0.245559 0.679296  0.0751447
5329 0.286673 0.339139  0.374188
5159 0.106396 0.441205  0.4524
1163 0.351077 0.231526  0.417397
2629 0.131405 0.0897672  0.778828
5881 0.515436 0.305903  0.178661
330 0.310404 0.115697  0.573899
2567 0.378875 0.203393  0.417732
3743 0.305232 0.63917  0.0555974
1190 0.245788 0.354014  0.400197
4081 0.3426 0.608623  0.0487765
6618 0.358774 0.471789  0.169438
2932 0.168483 0.0405016  0.791016
3495 0.72904 0.146977  0.123983
5190 0.468629 0.324767  0.206605
4857 0.571026 0.289115  0.139859
114 0.367371 0.0785976  0.554031
2993 0.44923 0.285616  0.265154
3944 0.465503 0.146294  0.388202
4900 0.13564 0.516785  0.347575
1583 0.240367 0.249382  0.510251
537 0.112353 0.714051  0.173596
2380 0.444552 0.216604  0.338844
1682 0.0262366 0.793757  0.180007
4499 0.420217 0.0489535  0.530829
5614 0.456774 0.2172  0.326026
2302 0.271262 0.408752  0.319987
1591 0.359343 0.154293  0.486364
3618 0.498429 0.19435  0.307221
2732 0.22043 0.416635  0.362935
1591 0.344116 0.394446  0.261438
2987 0.270948 0.361637  0.367415
2246 0.110906 0.504645  0.384449
2460 0.474446 0.110974  0.41458
6629 0.541828 0.411707  0.0464647
4745 0.818016 0.126719  0.0552655
834 0.466203 0.199631  0.334166
3707 0.385175 0.284534  0.33029
5072 0.487106 0.436654  0.07624
2349 0.559897 0.34873  0.0913728
1906 0.49369 0.00642245  0.499888
1059 0.114282 0.542725  0.342993
3144 0.659195 0.0477766  0.293028
6405 0.432579 0.322522  0.244898
1234 0.218848 0.402362  0.378791
5081 0.328704 0.20336  0.467935
435 0.644303 0.161185  0.194512
495 0.462557 0.416667  0.120777
890 0.0695432 0.310652  0.619805
1806 0.192287 0.551737  0.255976
2110 0.527166 0.182817  0.290017
2250 0.0797942 0.249053  0.671153
4078 0.383052 0.293641  0.323307
1242 0.458283 0.391161  0.150556
6542 0.261516 0.215725  0.522759
1997 0.408462 0.160269  0.431269
3993 0.322595 0.402956  0.274449
3972 0.422927 0.214088  0.362984
4305 0.219886 0.357873  0.422241
5882 0.254093 0.196208  0.5497
3239 0.719402 0.115712  0.164885
1003 0.517989 0.0873955  0.394615
2111 0.396995 0.178617  0.424389
1153 0.249084 0.589062  0.161854
5596 0.432432 0.483445  0.0841231
2883 0.251943 0.159097  0.58896
5811 0.125424 0.547275  0.327301
877 0.444221 0.298404  0.257376
1484 0.00629393 0.523677  0.470029
276 0.449259 0.432595  0.118147
5896 0.427035 0.450617  0.122349
1405 0.383505 0.315098  0.301396
3966 0.597371 0.088741  0.313888
5917 0.457063 0.150374  0.392563
2058 0.413676 0.424879  0.161445
1189 0.579018 0.145093  0.275889
802 0.891121 0.047827  0.0610515
3690 0.312836 0.247986  0.439178
475 0.232282 0.165012  0.602707
3605 0.404982 0.24762  0.347397
1469 0.35005 0.201822  0.448128
541 0.178584 0.69814  0.123277
4406 0.0654775 0.0368098  0.897713
2250 0.555797 0.201649  0.242554
3844 0.0615605 0.748531  0.189908
5921 0.617335 0.0284002  0.354265
1384 0.244431 0.443955  0.311614
1322 0.038134 0.37917  0.582696
1602 0.227466 0.263334  0.5092
2300 0.292681 0.301907  0.405411
3448 0.311627 0.0439798  0.644393
395 0.448289 0.306462  0.245248
4204 0.226315 0.241492  0.532193
6420 0.324398 0.332654  0.342949
2093 0.344967 0.00775757  0.647275
5056 0.173457 0.385782  0.440761
5704 0.438523 0.3404  0.221077
6162 0.18086 0.15607  0.66307
2800 0.17682 0.647107  0.176074
3412 0.255464 0.733245  0.0112903
727 0.366652 0.288472  0.344876
5541 0.0516727 0.462637  0.485691
4817 0.270272 0.347037  0.382691
10 0.471706 0.359241  0.169053
810 0.0778357 0.813097  0.109067
5268 0.110596 0.319588  0.569816
1205 0.0549168 0.61422  0.330863
2789 0.673412 0.133326  0.193263
1181 0.325315 0.25472  0.419965
529 0.443496 0.489171  0.0673328
845 0.210467 0.463222  0.326311
6449 0.620764 0.251544  0.127692
5569 0.323599 0.622261  0.0541397
434 0.174236 0.623573  0.202191
5105 0.386728 0.492572  0.120699
2985 0.38673 0.260681  0.352589
4132 0.531222 0.0594739  0.409304
1537 0.767161 0.0595435  0.173296
2990 0.0847297 0.851864  0.0634068
6438 0.509444 0.374047  0.116509
2093 0.378634 0.432258  0.189108
2690 0.271311 0.0467681  0.681921
2087 0.343166 0.29318  0.363654
6343 0.625827 0.151497  0.222676
2249 0.271739 0.384497  0.343764
2821 0.0641533 0.753513  0.182333
911 0.342485 0.245721  0.411795
137 0.294824 0.419659  0.285517
4842 0.909814 0.056912  0.0332737
495 0.503833 0.132478  0.363689
5108 0.522241 0.123209  0.354551
1877 0.69394 0.177356  0.128704
3493 0.413288 0.106527  0.480185
5780 0.184047 0.238084  0.577869
1864 0.413909 0.46417  0.121921
1579 0.302792 0.644358  0.0528501
2857 0.106713 0.505878  0.387409
6521 0.174856 0.683019  0.142125
4609 0.103379 0.530132  0.366489
2272 0.173625 0.64174  0.184634
2139 0.260492 0.56227  0.177238
4129 0.692836 0.0863859  0.220779
1106 0.316802 0.386612  0.296586
4713 0.560332 0.196711  0.242956
5253 0.40446 0.498009  0.0975305
2388 0.376701 0.120483  0.502816
4356 0.00876155 0.411865  0.579374
5738 0.492178 0.382515  0.125307
6339 0.427444 0.379175  0.193381
2122 0.590834 0.143625  0.265541
4689 0.452756 0.0795434  0.4677
1380 0.150201 0.598173  0.251626
6627 0.326576 0.233156  0.440269
2872 0.215545 0.519461  0.264995
5122 0.545449 0.386154  0.0683975
5184 0.545202 0.0804695  0.374328
2321 0.406883 0.418992  0.174124
6255 0.3627 0.248475  0.388825
1264 0.521569 0.414877  0.063554
2887 0.62853 0.198758  0.172711
2863 0.126686 0.64837  0.224944
5004 0.0721065 0.498256  0.429637
5656 0.101222 0.282694  0.616084
2797 0.327212 0.0794764  0.593311
2381 0.703721 0.0947897  0.20149
4561 0.728674 0.235909  0.0354161
6440 0.442808 0.278855  0.278336
1302 0.299775 0.375187  0.325038
6597 0.249526 0.363891  0.386583
3187 0.290418 0.57095  0.138632
4759 0.418516 0.297826  0.283658
5071 0.0473642 0.290794  0.661842
2067 0.377771 0.360619  0.26161
151 0.230438 0.127224  0.642337
3302 0.128895 0.291622  0.579483
6359 0.467742 0.0568402  0.475418
6226 0.231267 0.299794  0.468939
2432 0.366185 0.28821  0.345604
913 0.0961157 0.490579  0.413305
3006 0.401159 0.130896  0.467944
1852 0.283281 0.507309  0.209409
3221 0.312771 0.386585  0.300644
1947 0.211285 0.348712  0.440004
2787 0.107056 0.583839  0.309105
4739 0.577762 0.239002  0.183236
4354 0.33143 0.130484  0.538086
5622 0.29515 0.378605  0.326245
345 0.426684 0.334219  0.239097
4190 0.423397 0.543258  0.0333452
8 0.134547 0.795127  0.0703258
1004 0.169849 0.418785  0.411366
3194 0.0988875 0.270653  0.63046
2520 0.377977 0.369285  0.252737
4670 0.437618 0.387189  0.175193
1553 0.321412 0.591562  0.0870259
5539 0.373189 0.349776  0.277035
2322 0.392198 0.159304  0.448498
5301 0.627467 0.214458  0.158075
2968 0.414452 0.150265  0.435283
1168 0.348244 0.268167  0.383589
5808 0.0223355 0.814008  0.163657
3473 0.238438 0.337238  0.424324
1285 0.25456 0.40862  0.33682
6336 0.35215 0.366301  0.281549
3261 0.465553 0.46453  0.0699162
5153 0.386419 0.284147  0.329434
4031 0.033401 0.748977  0.217622
76 0.592335 0.364411  0.0432533
6103 0.277755 0.350006  0.372238
92 0.156545 0.355887  0.487568
3283 0.298879 0.31157  0.38955
1177 0.121371 0.105156  0.773472
3859 0.299252 0.29838  0.402368
4503 0.483137 0.179014  0.337849
4034 0.390324 0.454535  0.155141
1966 0.2503 0.0395213  0.710179
5915 0.301958 0.205875  0.492167
1004 0.240178 0.492872  0.26695
2810 0.252958 0.247534  0.499508
5659 0.19835 0.182769  0.61888
967 0.379333 0.470558  0.150109
3411 0.341927 0.198259  0.459814
5051 0.371829 0.589729  0.0384418
5791 0.563014 0.138096  0.29889
1081 0.218824 0.630771  0.150405
5770 0.287938 0.481223  0.230839
6128 0.475403 0.131285  0.393313
3571 0.523381 0.0338496  0.44277
6251 0.211525 0.415576  0.3729
5818 0.535933 0.405435  0.0586315
2527 0.792593 0.151858  0.0555482
5385 0.567795 0.326413  0.105792
3430 0.27318 0.336794  0.390026
5607 0.123875 0.314632  0.561494
6155 0.292693 0.256751  0.450555
6130 0.292693 0.363074  0.344232
3968 0.23345 0.396138  0.370412
3147 0.363101 0.195643  0.441256
6350 0.148703 0.565823  0.285474
3631 0.46976 0.330099  0.200141
6490 0.512911 0.102788  0.384301
236 0.339909 0.0869841  0.573107
2336 0.509916 0.328187  0.161897
1602 0.408554 0.217743  0.373703
6468 0.136932 0.562853  0.300215
4352 0.243813 0.292949  0.463239
285 0.231959 0.399592  0.368449
6346 0.0115307 0.29131  0.697159
4637 0.464678 0.0486522  0.48667
752 0.185132 0.314143  0.500725
1039 0.637648 0.0853587  0.276993
1028 0.145339 0.203674  0.650987
3738 0.0173684 0.835758  0.146874
294 0.409383 0.345874  0.244743
3801 0.740044 0.13935  0.120606
5425 0.663277 0.312368  0.0243549
2489 0.299018 0.261849  0.439133
3823 0.578985 0.162089  0.258926
357 0.444276 0.362811  0.192913
270 0.845469 0.134038  0.0204934
110 0.437185 0.298625  0.26419
596 0.356827 0.516252  0.126921
1296 0.0969798 0.657314  0.245707
2132 0.340173 0.284703  0.375124
3853 0.372919 0.561142  0.0659385
6187 0.21782 0.130197  0.651983
2204 0.351972 0.00715927  0.640869
4309 0.101268 0.381626  0.517106
3483 0.551105 0.0339917  0.414903
6600 0.102999 0.106446  0.790555
4471 0.0783107 0.448855  0.472834
6300 0.402253 0.41229  0.185457
5033 0.0590617 0.563084  0.377855
1681 0.205301 0.421648  0.37305
2450 0.514597 0.216851  0.268552
3036 0.361107 0.404156  0.234737
2200 0.13096 0.31619  0.55285
2242 0.455759 0.210548  0.333693
3567 0.118815 0.239769  0.641416
2028 0.0233382 0.136358  0.840304
6310 0.320298 0.495911  0.183791
1060 0.258649 0.276569  0.464782
1383 0.321557 0.342737  0.335707
582 0.438496 0.278834  0.282669
1133 0.277615 0.648544  0.0738412
558 0.213739 0.0667454  0.719516
5609 0.0190802 0.6212  0.359719
2535 0.333075 0.515062  0.151863
2428 0.176169 0.313691  0.51014
6654 0.0938717 0.35728  0.548848
5166 0.304496 0.326548  0.368957
3372 0.412255 0.417593  0.170152
4649 0.563564 0.213718  0.222718
2680 0.0643136 0.440859  0.494828
6096 0.18497 0.405027  0.410003
5414 0.239581 0.198501  0.561918
4564 0.503943 0.313049  0.183009
2267 0.426916 0.287358  0.285726
1792 0.380989 0.302561  0.316451
3098 0.390012 0.389191  0.220797
414 0.27218 0.379827  0.347992
5250 0.383481 0.349072  0.267447
3042 0.582277 0.0266077  0.391116
3271 0.314836 0.103322  0.581843
140 0.0283128 0.615215  0.356473
6032 0.22441 0.255597  0.519992
670 0.348952 0.614914  0.0361344
3257 0.250437 0.506165  0.243399
1281 0.484498 0.2249  0.290602
146 0.283627 0.142787  0.573586
3839 0.220187 0.746297  0.0335166
1487 0.237366 0.734015  0.0286192
5001 0.241742 0.47235  0.285909
3967 0.276223 0.401361  0.322416
357 0.435776 0.496447  0.0677775
1246 0.634243 0.284687  0.0810696
3286 0.54884 0.385699  0.0654609
2560 0.349803 0.611552  0.0386451
823 0.0759814 0.399909  0.52411
4651 0.381075 0.303384  0.315541
259 0.209239 0.640316  0.150445
1488 0.0531896 0.453307  0.493503
6603 0.0518403 0.8535  0.0946598
1155 0.225799 0.58255  0.191651
1021 0.541108 0.0216699  0.437222
5371 0.544891 0.102805  0.352303
5910 0.550264 0.0699113  0.379824
3663 0.315211 0.413301  0.271488
1028 0.495638 0.328772  0.17559
6456 0.688745 0.0318662  0.279389
5165 0.274645 0.507018  0.218337
1540 0.289614 0.533842  0.176544
4777 0.29911 0.314552  0.386338
1351 0.152582 0.754296  0.0931221
1955 0.503299 0.326625  0.170077
4987 0.0649956 0.443255  0.49175
3149 0.238146 0.385333  0.37652
5456 0.679829 0.258479  0.0616923
4789 0.80773 0.0233885  0.168881
1013 0.15963 0.21655  0.62382
3413 0.0554752 0.572452  0.372073
4701 0.369634 0.514491  0.115875
5973 0.585802 0.238774  0.175424
6244 0.441337 0.288974  0.269689
2416 0.170997 0.435821  0.393182
5027 0.189892 0.706167  0.103941
1563 0.0765197 0.636874  0.286606
4855 0.377676 0.209067  0.413258
1554 0.227814 0.751817  0.0203687
1324 0.196465 0.393487  0.410048
1495 0.396332 0.317068  0.2866
2016 0.222246 0.114578  0.663176
3921 0.180829 0.0995494  0.719622
4488 0.165321 0.57866  0.256019
765 0.410169 0.236571  0.353259
3327 0.221201 0.0622052  0.716594
2092 0.23807 0.173864  0.588067
4178 0.344835 0.606592  0.0485724
3875 0.270121 0.355094  0.374786
1818 0.253979 0.42672  0.319301
5691 0.208923 0.477794  0.313282
2243 0.113264 0.502784  0.383952
5924 0.689174 0.289175  0.0216515
4449 0.37896 0.368006  0.253033
3516 0.305028 0.164536  0.530436
4831 0.422133 0.0774605  0.500407
1333 0.172695 0.436957  0.390348
5018 0.603357 0.238047  0.158596
3724 0.386867 0.473689  0.139444
5451 0.280732 0.320605  0.398663
5611 0.22881 0.375469  0.395722
4394 0.693141 0.0248322  0.282027
2895 0.316354 0.183479  0.500167
2608 0.268506 0.316269  0.415225
1044 0.47534 0.167384  0.357276
1476 0.537783 0.288845  0.173371
6365 0.54289 0.375789  0.0813207
906 0.280076 0.675957  0.0439666
1359 0.0580706 0.462195  0.479735
6407 0.541235 0.276286  0.182478
6269 0.146373 0.465254  0.388373
3737 0.234539 0.245174  0.520287
6050 0.176755 0.131413  0.691833
2185 0.494719 0.296094  0.209187
2729 0.332267 0.397443  0.27029
2419 0.209202 0.109512  0.681285
5897 0.0412608 0.286588  0.672151
3664 0.213106 0.691813  0.0950808
4642 0.0929127 0.453132  0.453956
5563 0.24764 0.526113  0.226247
3011 0.201054 0.354406  0.44454
2569 0.116813 0.494818  0.38837
6347 0.138182 0.438411  0.423407
5570 0.500759 0.477514  0.0217272
2396 0.47013 0.437892  0.0919782
4247 0.249776 0.650984  0.0992403
5286 0.0658971 0.0732368  0.860866
1845 0.318032 0.532162  0.149806
741 0.310406 0.230191  0.459403
2396 0.233361 0.414282  0.352358
1495 0.183269 0.575076  0.241655
6138 0.179873 0.389026  0.431102
1820 0.366234 0.169531  0.464236
6481 0.118546 0.527643  0.353811
482 0.135882 0.59552  0.268599
1996 0.253315 0.314123  0.432562
6154 0.319961 0.104898  0.575141
4929 0.433312 0.526011  0.0406771
2674 0.0209138 0.170927  0.808159
5649 0.399945 0.0930774  0.506978
207 0.547034 0.326911  0.126055
2811 0.125584 0.498589  0.375827
5556 0.0892853 0.444062  0.466652
4090 0.260933 0.525038  0.214029
4275 0.417647 0.0875697  0.494783
6005 0.192733 0.213299  0.593968
4441 0.413277 0.423906  0.162817
948 0.3915 0.444978  0.163522
761 0.0243515 0.409121  0.566528
1500 0.185618 0.271161  0.54322
1430 0.105383 0.350409  0.544207
1550 0.223201 0.164845  0.611954
3653 0.383892 0.263013  0.353095
2308 0.48949 0.152133  0.358377
4741 0.186395 0.447007  0.366598
419 0.515912 0.228626  0.255462
3484 0.494796 0.132301  0.372904
2821 0.0826695 0.462311  0.45502
5667 0.129655 0.678622  0.191723
3233 0.0680081 0.48552  0.446472
3651 0.261233 0.124482  0.614285
3269 0.0176416 0.590132  0.392226
4302 0.0162764 0.648838  0.334886
4163 0.269857 0.0516503  0.678493
5357 0.178815 0.246554  0.574631
33 0.704343 0.0161337  0.279524
1836 0.333398 0.27124  0.395362
1191 0.213865 0.476142  0.309993
1899 0.456677 0.0849705  0.458352
1978 0.0663473 0.600723  0.33293
232 0.694418 0.0360557  0.269527
5298 0.298103 0.511927  0.18997
1372 0.100531 0.284372  0.615096
1340 0.486513 0.233553  0.279934
3820 0.19333 0.492238  0.314433
5564 0.412537 0.411517  0.175946
3322 0.2092 0.372557  0.418244
2166 0.0866922 0.428025  0.485283
1962 0.14518 0.394098  0.460722
115 0.336316 0.278267  0.385418
3482 0.0881768 0.668691  0.243132
3518 0.190354 0.0586052  0.751041
5922 0.282112 0.498903  0.218986
5768 0.0667094 0.53134  0.40195
3007 0.358095 0.223406  0.4185
5929 0.500474 0.47236  0.0271656
1683 0.344535 0.0830458  0.572419
399 0.620587 0.0719512  0.307462
237 0.179407 0.3334  0.487194
6583 0.35784 0.605665  0.0364956
6005 0.373188 0.338792  0.28802
75 0.13896 0.396111  0.464929
3298 0.168899 0.418121  0.41298
2945 0.309394 0.546108  0.144498
834 0.167997 0.435373  0.396629
1845 0.362001 0.461483  0.176516
32 0.531388 0.310456  0.158156
6289 0.351375 0.28413  0.364495
2943 0.341144 0.342012  0.316844
4201 0.224067 0.583333  0.1926
4714 0.509324 0.227598  0.263078
703 0.477337 0.334712  0.187951
2924 0.247604 0.242488  0.509909
6550 0.362187 0.347247  0.290567
3091 0.530535 0.0544018  0.415063
1490 0.365151 0.218351  0.416498
760 0.168957 0.380131  0.450912
2068 0.148589 0.50576  0.345651
5363 0.0275991 0.615307  0.357094
2826 0.392599 0.359877  0.247525
3923 0.170684 0.457744  0.371572
2670 0.505336 0.464879  0.0297852
3182 0.423864 0.386978  0.189158
6098 0.457834 0.385426  0.15674
4376 0.725349 0.0426955  0.231956
1166 0.360223 0.375949  0.263828
6512 0.360472 0.502792  0.136736
2006 0.363995 0.26627  0.369735
2313 0.0374931 0.214855  0.747652
3998 0.390939 0.488377  0.120684
3959 0.293464 0.459732  0.246804
1972 0.643834 0.08635  0.269816
4925 0.282444 0.227859  0.489697
4906 0.456856 0.321765  0.221379
753 0.0189887 0.537525  0.443487
876 0.142752 0.530981  0.326267
5063 0.888821 0.0888023  0.0223768
1325 0.343089 0.561802  0.0951096
6510 0.0565129 0.473945  0.469542
3517 0.353594 0.25387  0.392537
2044 0.503888 0.0637102  0.432402
2304 0.327219 0.0859383  0.586843
5527 0.104753 0.306747  0.5885
764 0.361266 0.0546252  0.584109
1875 0.251574 0.402934  0.345492
5453 0.614695 0.0606035  0.324702
3452 0.338178 0.375858  0.285964
3547 0.426429 0.53639  0.0371814
2143 0.275382 0.260347  0.464271
521 0.265097 0.185507  0.549397
6518 0.0837415 0.683659  0.2326
5361 0.406466 0.0340842  0.55945
1307 0.313974 0.21797  0.468056
2823 0.171263 0.401008  0.427729
5182 0.493644 0.0842033  0.422152
3138 0.69921 0.159776  0.141014
1475 0.525898 0.329799  0.144302
2635 0.247226 0.429571  0.323204
6551 0.316964 0.641616  0.0414202
4856 0.41444 0.288961  0.2966
1210 0.451132 0.368568  0.1803
3635 0.391046 0.457177  0.151777
5980 0.445911 0.0741575  0.479931
3533 0.442411 0.11854  0.439049
3877 0.393221 0.218916  0.387863
987 0.0348474 0.504763  0.46039
3493 0.49368 0.16237  0.34395
2630 0.136626 0.49767  0.365704
1999 0.537152 0.346511  0.116337
783 0.427768 0.276538  0.295694
1151 0.621341 0.0457386  0.33292
2297 0.339149 0.304301  0.356549
4279 0.087308 0.646605  0.266087
2413 0.228659 0.494411  0.27693
1161 0.05799 0.495292  0.446718
1669 0.0650788 0.151206  0.783715
6558 0.663782 0.121797  0.214421
2280 0.0119202 0.486219  0.501861
5765 0.585651 0.262999  0.15135
3809 0.409575 0.278923  0.311502
6127 0.0725765 0.486147  0.441276
2469 0.0471377 0.455718  0.497144
2272 0.234705 0.500195  0.2651
762 0.404705 0.51607  0.0792247
4375 0.388873 0.148226  0.462901
1360 0.316366 0.604068  0.0795663
2933 0.445319 0.0168083  0.537873
2167 0.104539 0.1403  0.755161
4692 0.268854 0.442159  0.288987
4974 0.323246 0.400567  0.276187
984 0.306002 0.0578126  0.636186
3063 0.435888 0.256853  0.307259
1161 0.256767 0.500301  0.242932
6558 0.0345622 0.0358827  0.929555
1127 0.154735 0.610405  0.234859
3172 0.396768 0.277595  0.325637
5773 0.37681 0.10857  0.51462
3614 0.272125 0.25723  0.470645
4361 0.476375 0.251625  0.271999
1868 0.438077 0.272834  0.289089
5837 0.329654 0.28393  0.386416
2411 0.344783 0.249452  0.405765
857 0.397365 0.296425  0.306211
425 0.3818 0.333514  0.284686
1185 0.243964 0.114718  0.641318
2732 0.523617 0.111728  0.364654
2 0.224513 0.537339  0.238148
4829 0.485107 0.047248  0.467645
4121 0.554962 0.207641  0.237397
3682 0.345388 0.172096  0.482516
3427 0.789179 0.1827  0.0281219
3319 0.430854 0.337997  0.231149
1162 0.33156 0.320824  0.347616
6060 0.225481 0.441571  0.332948
5562 0.0217892 0.451226  0.526985
2359 0.643009 0.0370402  0.319951
2624 0.108794 0.204562  0.686645
747 0.140791 0.412994  0.446216
3265 0.436065 0.246439  0.317497
5299 0.301165 0.619569  0.0792664
3578 0.21022 0.485666  0.304114
5055 0.222304 0.270823  0.506873
4896 0.389736 0.307962  0.302302
1292 0.210367 0.0617966  0.727836
4786 0.401148 0.360318  0.238534
4076 0.349605 0.485616  0.164779
1204 0.482621 0.431941  0.0854374
4643 0.300365 0.449706  0.249929
5982 0.222265 0.339796  0.437939
2470 0.49282 0.0131113  0.494068
6385 0.259642 0.237584  0.502774
2065 0.152608 0.397572  0.44982
5515 0.218918 0.134845  0.646237
1144 0.0752781 0.414689  0.510033
1993 0.581019 0.24313  0.17585
5022 0.402349 0.16804  0.429612
1552 0.188349 0.361621  0.45003
977 0.541725 0.087816  0.370459
364 0.176388 0.435532  0.38808
1848 0.346931 0.468105  0.184964
4208 0.361531 0.572298  0.066171
4674 0.508516 0.21504  0.276444
5918 0.362884 0.264862  0.372254
2539 0.276666 0.320485  0.402849
4909 0.225439 0.155582  0.618979
954 0.287431 0.621479  0.0910902
5688 0.407009 0.13097  0.462021
981 0.525117 0.0237419  0.451141
2356 0.385597 0.100527  0.513876
461 0.362042 0.116648  0.52131
4923 0.453991 0.339228  0.206781
5105 0.653465 0.12959  0.216945
1289 0.587333 0.0935607  0.319107
3601 0.363733 0.228565  0.407702
2708 0.0265659 0.492519  0.480915
2045 0.328492 0.350733  0.320775
6570 0.329307 0.547142  0.12355
272 0.0497416 0.573761  0.376497
6038 0.465325 0.0317182  0.502957
5867 0.0228977 0.134792  0.84231
5272 0.466976 0.33891  0.194114
2960 0.24116 0.493417  0.265423
1328 0.375487 0.401445  0.223068
5121 0.438597 0.354503  0.206899
3001 0.422605 0.0923486  0.485047
6457 0.324701 0.412296  0.263003
5144 0.051299 0.557026  0.391675
1148 0.0792369 0.482023  0.43874
3960 0.169383 0.373768  0.456849
3015 0.123608 0.613738  0.262653
2207 0.0566929 0.546727  0.396581
3254 0.6564 0.0163111  0.327289
4021 0.152565 0.472182  0.375253
3375 0.441874 0.493082  0.0650441
2945 0.437129 0.169973  0.392898
3622 0.25394 0.36816  0.3779
2471 0.338295 0.128758  0.532946
3945 0.156175 0.400959  0.442866
53 0.104965 0.474183  0.420852
173 0.186251 0.453196  0.360553
5837 0.39468 0.484486  0.120835
5498 0.538616 0.413591  0.0477926
3597 0.0339794 0.402482  0.563538
6230 0.0466371 0.126713  0.82665
6415 0.117181 0.413599  0.46922
576 0.488533 0.242141  0.269325
6446 0.166377 0.810248  0.0233753
985 0.193703 0.0408356  0.765462
4702 0.164135 0.272848  0.563017
6277 0.222289 0.717898  0.059813
1975 0.542981 0.396079  0.0609402
454 0.240211 0.606006  0.153783
1283 0.323544 0.244736  0.43172
2029 0.17713 0.374547  0.448324
1777 0.528649 0.227121  0.244231
56 0.297288 0.350165  0.352548
5398 0.384124 0.0506212  0.565255
4357 0.410088 0.143974  0.445938
981 0.0623125 0.439575  0.498113
191 0.207976 0.140187  0.651837
2064 0.588229 0.191435  0.220336
4880 0.435673 0.28808  0.276247
6062 0.411241 0.305261  0.283499
574 0.313657 0.202026  0.484316
759 0.0257873 0.644573  0.32964
3311 0.486887 0.141804  0.371309
3969 0.372534 0.237272  0.390194
5883 0.18358 0.626878  0.189541
5081 0.182357 0.398256  0.419386
864 0.254014 0.562351  0.183635
6039 0.304372 0.350499  0.345128
4544 0.0929833 0.432104  0.474913
2743 0.130685 0.338975  0.530339
1582 0.422023 0.336057  0.241921
4079 0.287689 0.416076  0.296235
506 0.345342 0.161904  0.492753
5098 0.297402 0.289191  0.413407
3253 0.323163 0.352147  0.32469
1242 0.372827 0.181608  0.445564
2305 0.328939 0.559835  0.111226
6272 0.233192 0.363579  0.403229
3233 0.226205 0.367452  0.406343
826 0.421549 0.339622  0.23883
5 0.513692 0.423505  0.0628029
262 0.368654 0.189722  0.441624
2689 0.380035 0.370502  0.249463
6195 0.466832 0.207573  0.325595
4453 0.461559 0.34765  0.190791
3067 0.157025 0.399186  0.443789
5923 0.568458 0.297149  0.134393
1402 0.543053 0.250063  0.206885
1599 0.312188 0.34273  0.345082
2269 0.116673 0.0544462  0.828881
962 0.451054 0.0979236  0.451023
4404 0.286089 0.636139  0.0777721
956 0.764658 0.140484  0.0948582
2622 0.399237 0.42788  0.172882
1874 0.232082 0.452848  0.31507
2985 0.441405 0.456759  0.101837
218 0.428002 0.476927  0.0950709
2024 0.447542 0.23459  0.317868
1079 0.279809 0.592284  0.127908
6107 0.240858 0.462959  0.296183
2166 0.175728 0.343349  0.480923
2410 0.120992 0.847961  0.0310465
3728 0.323467 0.321746  0.354787
5468 0.423725 0.396856  0.179419
2394 0.015037 0.459916  0.525047
6074 0.429477 0.221547  0.348976
2152 0.551149 0.0738732  0.374978
3547 0.356839 0.462064  0.181097
363 0.359951 0.357117  0.282932
5737 0.382847 0.227428  0.389725
3616 0.315886 0.341194  0.34292
4909 0.510998 0.00785933  0.481142
2413 0.306281 0.297296  0.396423
2278 0.383752 0.268749  0.347499
3213 0.327808 0.596435  0.0757569
4069 0.471123 0.183744  0.345133
301 0.393794 0.173137  0.43307
2106 0.122896 0.403762  0.473342
2107 0.42636 0.0384292  0.535211
5225 0.446162 0.310837  0.243001
2004 0.0467118 0.266015  0.687274
3335 0.191179 0.272734  0.536087
6227 0.221636 0.381827  0.396536
890 0.0210472 0.554983  0.42397
2957 0.343221 0.319469  0.33731
1546 0.418756 0.373881  0.207363
5180 0.274314 0.402416  0.32327
3381 0.525405 0.29063  0.183965
5051 0.200353 0.422424  0.377223
5606 0.497712 0.0978281  0.40446
250 0.566337 0.220711  0.212952
6542 0.00593538 0.487103  0.506962
5768 0.63023 0.104552  0.265219
5410 0.461839 0.195781  0.34238
4904 0.39119 0.544777  0.0640333
5858 0.231556 0.384363  0.384081
3959 0.432684 0.081351  0.485965
5809 0.223427 0.523149  0.253424
5464 0.290441 0.0960988  0.61346
29 0.566169 0.137169  0.296662
1519 0.190715 0.496334  0.31295
3531 0.40912 0.0898321  0.501048
6431 0.731831 0.140298  0.127871
5471 0.296181 0.102632  0.601187
382 0.442397 0.198985  0.358618
113 0.30454 0.491933  0.203526
5400 0.243318 0.29208  0.464602
1606 0.413298 0.272142  0.31456
1756 0.335437 0.326544  0.338019
2252 0.49658 0.182638  0.320782
6293 0.458142 0.455562  0.0862963
3262 0.377584 0.179239  0.443177
2836 0.406199 0.110227  0.483574
1131 0.452585 0.159619  0.387796
4510 0.631303 0.0913243  0.277373
1364 0.236584 0.672557  0.0908592
4897 0.382079 0.288118  0.329803
4676 0.449975 0.459516  0.0905088
3857 0.370063 0.17384  0.456098
3740 0.370815 0.413921  0.215263
1285 0.265931 0.134814  0.599256
3406 0.670328 0.0328593  0.296812
1572 0.429482 0.366705  0.203813
2719 0.427533 0.4777  0.0947668
1652 0.253115 0.251888  0.494996
2214 0.172293 0.307961  0.519746
3997 0.484295 0.0101628  0.505543
1491 0.542812 0.310781  0.146407
3788 0.430587 0.39506  0.174352
582 0.346422 0.268325  0.385253
1516 0.469694 0.265798  0.264508
5775 0.37442 0.379028  0.246552
6360 0.283716 0.332113  0.384171
4849 0.143905 0.291091  0.565004
5843 0.301634 0.113842  0.584524
1280 0.134202 0.326442  0.539356
3206 0.0673398 0.690361  0.2423
3877 0.0275206 0.212699  0.75978
2856 0.220419 0.516844  0.262737
6127 0.536682 0.155697  0.307621
4424 0.388348 0.279985  0.331666
2628 0.264464 0.47347  0.262066
2384 0.0998043 0.403788  0.496407
3507 0.297009 0.135365  0.567626
6539 0.364584 0.204198  0.431217
285 0.820942 0.164259  0.0147994
3962 0.0464036 0.507848  0.445748
6431 0.213913 0.752405  0.0336823
6509 0.189521 0.61361  0.196869
6284 0.0548115 0.410438  0.53475
1404 0.341553 0.217995  0.440453
2946 0.559309 0.24497  0.195722
744 0.213726 0.302089  0.484186
3238 0.61195 0.300952  0.0870973
4882 0.13198 0.151552  0.716468
3756 0.296133 0.200065  0.503802
5119 0.332252 0.105918  0.56183
5055 0.207178 0.392631  0.400191
2114 0.473909 0.49344  0.0326502
5148 0.0169359 0.218386  0.764678
1791 0.430392 0.44312  0.126488
4898 0.488233 0.396867  0.1149
445 0.190327 0.462914  0.346759
2943 0.427417 0.173941  0.398642
4538 0.171522 0.448171  0.380308
4258 0.175826 0.43908  0.385094
6306 0.00960637 0.459785  0.530608
3863 0.550999 0.240762  0.208239
5837 0.170487 0.4472  0.382313
521 0.390952 0.553171  0.055877
3363 0.27426 0.380864  0.344876
5081 0.246478 0.458361  0.295161
297 0.69304 0.0994294  0.207531
6609 0.366612 0.147926  0.485461
107 0.443416 0.229862  0.326722
2988 0.323389 0.436789  0.239822
4370 0.629817 0.0608545  0.309329
6302 0.199883 0.407904  0.392213
5629 0.410096 0.319101  0.270803
3009 0.365517 0.0614069  0.573076
4519 0.206142 0.372657  0.421201
6198 0.428789 0.141708  0.429504
2164 0.496503 0.324754  0.178743
4954 0.109426 0.457795  0.432779
1443 0.0943121 0.364612  0.541076
5067 0.327897 0.343381  0.328722
1291 0.506206 0.194358  0.299435
5398 0.098512 0.587273  0.314215
1819 0.0968109 0.528556  0.374633
6483 0.238349 0.140803  0.620848
3049 0.377909 0.330699  0.291392
4542 0.598504 0.387599  0.013897
956 0.278081 0.306969  0.414951
3387 0.417369 0.122594  0.460037
2555 0.47336 0.102106  0.424534
6306 0.185295 0.758944  0.0557604
3447 0.166546 0.504406  0.329048
4983 0.169814 0.635316  0.19487
4708 0.16832 0.292165  0.539515
3037 0.0337968 0.446364  0.519839
3205 0.505224 0.198759  0.296017
4246 0.546198 0.27413  0.179672
3711 0.202798 0.330964  0.466238
4806 0.356978 0.394025  0.248997
5914 0.207843 0.377069  0.415088
616 0.0898861 0.131646  0.778468
3444 0.259327 0.306951  0.433722
6397 0.635292 0.1537  0.211009
5335 0.225349 0.42594  0.348711
4225 0.418911 0.163058  0.418032
4650 0.467178 0.0509348  0.481887
3011 0.658781 0.129894  0.211325
913 0.238747 0.44263  0.318623
1901 0.242006 0.376657  0.381336
647 0.568734 0.040463  0.390803
4361 0.371907 0.438556  0.189537
2846 0.32956 0.0269439  0.643496
6136 0.309775 0.481113  0.209112
2094 0.410965 0.374094  0.214942
635 0.553217 0.198077  0.248706
3205 0.591116 0.00940234  0.399481
4611 0.526229 0.124203  0.349568
3188 0.139685 0.542576  0.317739
923 0.339468 0.480854  0.179678
3159 0.117695 0.563418  0.318887
2744 0.116029 0.305684  0.578287
572 0.0265537 0.65886  0.314586
1197 0.268892 0.193019  0.538089
3504 0.107056 0.625887  0.267057
3317 0.42301 0.31394  0.26305
5306 0.105908 0.283625  0.610466
4662 0.410503 0.117051  0.472446
6408 0.305728 0.661936  0.0323359
3255 0.126939 0.506194  0.366867
5198 0.243145 0.359238  0.397617
1987 0.299068 0.429443  0.271488
4784 0.368113 0.500371  0.131516
5641 0.184931 0.394365  0.420704
6273 0.62512 0.0738615  0.301019
4489 0.483831 0.348365  0.167805
4377 0.0265673 0.68307  0.290363
3682 0.234099 0.58734  0.178561
6484 0.344791 0.412931  0.242278
1803 0.267126 0.406542  0.326332
4877 0.263869 0.36847  0.367661
251 0.0452135 0.593396  0.361391
2969 0.123141 0.448438  0.428421
5141 0.160937 0.415632  0.423431
1129 0.0943587 0.855748  0.0498937
6267 0.302642 0.463612  0.233747
480 0.435749 0.394591  0.16966
5965 0.309264 0.235056  0.45568
2059 0.0650401 0.405107  0.529853
1554 0.128187 0.510177  0.361636
5892 0.435826 0.374877  0.189297
933 0.474716 0.184008  0.341276
3957 0.15731 0.307288  0.535403
3328 0.507983 0.368723  0.123295
1145 0.543467 0.134038  0.322495
2528 0.298805 0.671983  0.0292115
6582 0.497395 0.336272  0.166334
1327 0.323372 0.105342  0.571285
1560 0.622252 0.320928  0.0568194
3264 0.483915 0.0452916  0.470793
3715 0.405117 0.364034  0.230849
3844 0.369287 0.146031  0.484682
1793 0.170324 0.644924  0.184752
2237 0.429349 0.349926  0.220724
2494 0.322741 0.341374  0.335884
2837 0.28916 0.427432  0.283407
281 0.407896 0.341522  0.250582
6214 0.405233 0.335185  0.259582
4820 0.0735465 0.390986  0.535467
3990 0.356817 0.184436  0.458747
1397 0.386834 0.362069  0.251097
3234 0.348195 0.615605  0.0361999
1453 0.313175 0.282675  0.404149
2721 0.211007 0.401564  0.387429
2374 0.406458 0.422824  0.170719
5330 0.472378 0.386931  0.140691
4054 0.357972 0.376068  0.265961
6496 0.0637159 0.219405  0.716879
224 0.483391 0.491052  0.0255576
6046 0.378553 0.359827  0.261619
350 0.356036 0.301534  0.34243
2066 0.246828 0.193908  0.559264
3333 0.491178 0.154362  0.35446
1930 0.440209 0.268159  0.291633
1375 0.490791 0.210482  0.298726
4872 0.158073 0.386209  0.455718
365 0.0178008 0.382364  0.599835
6377 0.101789 0.17972  0.718491
4560 0.194973 0.0448802  0.760147
4625 0.152221 0.645938  0.201841
5001 0.451315 0.312938  0.235747
336 0.72902 0.0862059  0.184774
3214 0.284306 0.445834  0.269859
3034 0.507819 0.434917  0.0572638
2304 0.286708 0.375151  0.33814
5644 0.674832 0.286613  0.0385554
1587 0.442821 0.178738  0.378441
5209 0.377414 0.370082  0.252505
3786 0.387333 0.599831  0.0128358
3473 0.394036 0.187668  0.418297
6237 0.330627 0.504169  0.165204
6371 0.405555 0.254622  0.339823
6516 0.394381 0.354788  0.250831
5422 0.166558 0.665008  0.168435
6562 0.344395 0.411277  0.244327
3954 0.123429 0.439556  0.437015
634 0.0945352 0.104359  0.801106
2569 0.223309 0.565908  0.210782
271 0.358101 0.106892  0.535007
876 0.120194 0.298106  0.581699
3899 0.313672 0.204577  0.481751
5787 0.522634 0.417016  0.0603506
5036 0.367113 0.331785  0.301102
5193 0.420229 0.282488  0.297283
5834 0.596203 0.125784  0.278013
3603 0.2933 0.18196  0.52474
3767 0.468794 0.238058  0.293148
4417 0.135351 0.474158  0.390491
5307 0.285832 0.462646  0.251522
2135 0.429002 0.0991091  0.471889
1340 0.386777 0.333945  0.279278
1538 0.127168 0.422435  0.450398
57 0.315597 0.13153  0.552872
2573 0.0419405 0.55688  0.40118
678 0.44004 0.289379  0.270581
6432 0.463512 0.400597  0.13589
5608 0.236424 0.22667  0.536906
4976 0.330199 0.539966  0.129835
3739 0.0423524 0.516643  0.441005
2799 0.138943 0.0153223  0.845735
4152 0.395926 0.4259  0.178174
3620 0.0958153 0.435575  0.468609
164 0.135747 0.356973  0.50728
5288 0.661427 0.079833  0.25874
1269 0.350224 0.516297  0.133479
5186 0.337769 0.0836453  0.578585
2450 0.124642 0.368419  0.50694
3835 0.243011 0.465237  0.291753
3608 0.218434 0.295404  0.486162
5996 0.428666 0.445401  0.125934
6601 0.707923 0.0203344  0.271742
1489 0.15077 0.585117  0.264113
2244 0.40571 0.464594  0.129696
2172 0.377994 0.442432  0.179574
3041 0.217987 0.31212  0.469893
3283 0.0968108 0.420338  0.482851
2638 0.328902 0.457068  0.214031
394 0.448877 0.27992  0.271203
6282 0.375558 0.406645  0.217797
2196 0.22635 0.659232  0.114418
2938 0.282395 0.514086  0.203519
3945 0.441466 0.514043  0.0444909
1151 0.209331 0.629385  0.161283
1203 0.520709 0.182587  0.296703
6180 0.655978 0.00859961  0.335423
1019 0.481272 0.473804  0.0449248
1753 0.263758 0.310839  0.425402
635 0.198557 0.368353  0.433089
2347 0.346875 0.414227  0.238899
4265 0.650566 0.249206  0.100228
5088 0.441858 0.108613  0.449529
1272 0.291011 0.327638  0.381352
5330 0.229358 0.492564  0.278078
830 0.0537839 0.478902  0.467314
5024 0.413311 0.224619  0.36207
834 0.579966 0.0615793  0.358455
2208 0.0741649 0.492232  0.433603
3857 0.250848 0.382409  0.366744
5988 0.631174 0.0685264  0.3003
5680 0.0970068 0.375548  0.527445
3209 0.466475 0.347664  0.185861
1175 0.138754 0.389746  0.4715
4638 0.303561 0.193314  0.503125
3851 0.311061 0.351089  0.33785
1351 0.459593 0.211689  0.328718
2764 0.702621 0.12765  0.169728
3218 0.45173 0.134004  0.414265
179 0.361399 0.330528  0.308073
4667 0.243043 0.740945  0.0160124
5884 0.675409 0.140291  0.1843
4598 0.231694 0.346665  0.421641
6132 0.32789 0.21605  0.45606
1825 0.372159 0.390891  0.23695
3340 0.265005 0.17042  0.564576
3856 0.0639738 0.48409  0.451936
5699 0.256031 0.395967  0.348001
6291 0.221426 0.497694  0.28088
2430 0.503891 0.258193  0.237916
3895 0.268271 0.0832007  0.648528
4828 0.349581 0.513783  0.136636
3551 0.500318 0.221305  0.278377
4297 0.60601 0.360788  0.0332021
4065 0.440198 0.0783971  0.481405
462 0.40842 0.389476  0.202104
3581 0.216696 0.689062  0.0942422
1388 0.47573 0.200791  0.323479
1556 0.469659 0.0801078  0.450233
3704 0.18054 0.500635  0.318824
5122 0.0543189 0.399537  0.546144
5834 0.329547 0.333408  0.337045
3774 0.846045 0.0246776  0.129277
