8776 0.353245 0.437177  0.209578
1791 0.111243 0.113787  0.774969
3028 0.349416 0.219438  0.431147
2583 0.13828 0.416373  0.445348
9015 0.378028 0.531236  0.0907353
3825 0.0618936 0.401509  0.536597
7100 0.264006 0.452853  0.283141
513 0.208304 0.526424  0.265273
7779 0.424306 0.0984394  0.477254
5950 0.48661 0.253706  0.259684
2351 0.255754 0.284539  0.459707
6857 0.190705 0.749573  0.0597229
307 0.183236 0.193209  0.623555
2932 0.391102 0.320813  0.288085
1130 0.193358 0.307915  0.498727
3160 0.474632 0.181122  0.344246
3080 0.390772 0.329891  0.279337
1815 0.24297 0.488719  0.268311
2338 0.250332 0.139137  0.610531
3598 0.472528 0.0219564  0.505516
4763 0.516763 0.449042  0.0341947
5527 0.178824 0.34735  0.473826
932 0.339168 0.248392  0.412441
821 0.218029 0.362495  0.419475
4170 0.624318 0.203734  0.171948
1344 0.20076 0.595418  0.203823
2340 0.33933 0.528839  0.131831
6402 0.249284 0.348877  0.40184
3048 0.305465 0.465543  0.228992
3331 0.482793 0.0726394  0.444567
7479 0.314631 0.433995  0.251374
4774 0.378699 0.465102  0.1562
4047 0.0971643 0.265608  0.637228
4561 0.188309 0.565279  0.246412
533 0.358804 0.322322  0.318874
663 0.0603771 0.418977  0.520646
1952 0.418941 0.0356451  0.545414
3420 0.365269 0.290374  0.344356
7317 0.279856 0.286931  0.433213
8004 0.193689 0.691758  0.114552
6777 0.370247 0.320811  0.308942
1841 0.423069 0.33061  0.246322
4516 0.279806 0.532632  0.187562
3478 0.371104 0.431924  0.196972
3820 0.84297 0.064354  0.0926762
4971 0.467068 0.29352  0.239412
625 0.32833 0.330779  0.340891
2166 0.0129319 0.44758  0.539488
1616 0.424669 0.291885  0.283446
9769 0.0624152 0.177511  0.760074
7482 0.363232 0.59293  0.0438374
3121 0.185639 0.604316  0.210046
4845 0.411372 0.206889  0.381738
2995 0.150178 0.100456  0.749366
3952 0.0951427 0.730056  0.174801
4990 0.336389 0.334418  0.329192
1005 0.510551 0.225462  0.263987
5999 0.0823604 0.47114  0.446499
1155 0.151651 0.435375  0.412974
5912 0.424275 0.285788  0.289937
4376 0.191352 0.333126  0.475522
5821 0.398194 0.43379  0.168016
9683 0.141208 0.462906  0.395886
1804 0.355924 0.313284  0.330793
461 0.668941 0.0223043  0.308754
3734 0.3468 0.13765  0.51555
1958 0.722006 0.26934  0.00865378
7819 0.659979 0.0548619  0.28516
860 0.254347 0.42916  0.316493
4249 0.330714 0.291513  0.377773
804 0.0684433 0.310617  0.62094
2989 0.394961 0.310585  0.294454
928 0.36716 0.0965894  0.536251
8867 0.333167 0.32843  0.338404
7250 0.326609 0.272906  0.400485
2415 0.380791 0.305443  0.313765
9902 0.689274 0.197628  0.113097
5463 0.329594 0.078387  0.592019
6554 0.382436 0.167588  0.449976
784 0.427431 0.100508  0.472061
4663 0.151821 0.455101  0.393078
4304 0.196512 0.448069  0.355418
7294 0.35096 0.208127  0.440913
3083 0.317785 0.352418  0.329797
596 0.485042 0.166099  0.348858
181 0.251326 0.343113  0.405561
400 0.100516 0.19398  0.705504
655 0.562562 0.352201  0.085237
7123 0.592831 0.214139  0.193029
3946 0.651311 0.206084  0.142605
8308 0.0590266 0.45005  0.490924
4098 0.11749 0.564059  0.318451
8342 0.118021 0.422548  0.459431
4772 0.0640669 0.457791  0.478142
1441 0.22412 0.072217  0.703663
3155 0.658494 0.321247  0.0202595
2052 0.364766 0.391154  0.244081
5272 0.703227 0.167477  0.129295
2712 0.375059 0.275522  0.34942
6469 0.204662 0.274724  0.520615
9908 0.311251 0.442706  0.246044
2059 0.373198 0.266433  0.360369
7758 0.207209 0.594296  0.198495
4299 0.224164 0.292961  0.482875
1730 0.0592963 0.256222  0.684482
851 0.462828 0.188737  0.348435
686 0.116865 0.146925  0.73621
3464 0.209585 0.228551  0.561864
1874 0.218348 0.407883  0.373769
6738 0.615257 0.127845  0.256898
6118 0.166796 0.381377  0.451828
3416 0.177944 0.465537  0.356519
2424 0.266331 0.22984  0.503829
1114 0.462867 0.0787116  0.458422
2337 0.368961 0.339752  0.291287
3108 0.289318 0.398544  0.312137
2786 0.392391 0.406039  0.20157
6871 0.394275 0.261946  0.343778
3304 0.56816 0.229217  0.202622
4318 0.402642 0.551678  0.0456796
5598 0.263604 0.547092  0.189303
2616 0.412134 0.261139  0.326727
5793 0.718412 0.260618  0.0209704
1975 0.32836 0.0291688  0.642471
5148 0.0137464 0.396993  0.589261
2193 0.172017 0.701892  0.126092
8736 0.200709 0.40289  0.396401
8278 0.313403 0.322847  0.363751
3453 0.154942 0.221615  0.623443
6469 0.0364919 0.706794  0.256714
5370 0.407759 0.30841  0.283831
3212 0.568663 0.165223  0.266114
715 0.0526604 0.401139  0.546201
3089 0.599767 0.354432  0.0458008
1665 0.428086 0.43743  0.134484
4917 0.274218 0.564765  0.161016
1811 0.552184 0.335549  0.112267
6546 0.161114 0.402897  0.435989
1626 0.185466 0.518081  0.296453
6662 0.293584 0.415096  0.29132
5321 0.347247 0.344854  0.307899
1624 0.375485 0.44689  0.177624
7736 0.42796 0.140795  0.431246
5261 0.195363 0.390589  0.414047
7562 0.33546 0.101827  0.562714
2818 0.371055 0.560591  0.0683544
2789 0.21384 0.0605132  0.725647
4799 0.235874 0.562415  0.201711
2054 0.152929 0.717621  0.12945
2002 0.0703084 0.319563  0.610128
1507 0.446926 0.189989  0.363084
5667 0.609832 0.115255  0.274913
3164 0.543445 0.0433884  0.413167
1650 0.381701 0.319267  0.299032
7420 0.626901 0.212798  0.160302
4319 0.0734504 0.332838  0.593711
6289 0.240931 0.336085  0.422984
8766 0.48745 0.328953  0.183597
6946 0.131148 0.540916  0.327935
1929 0.417629 0.25556  0.326812
5794 0.293751 0.378875  0.327374
6018 0.33748 0.589892  0.0726277
9399 0.0236368 0.523147  0.453216
2585 0.246686 0.486514  0.2668
8034 0.426463 0.156859  0.416678
2885 0.310245 0.326646  0.363109
4556 0.0503296 0.728037  0.221633
1771 0.115477 0.785487  0.0990361
7955 0.112036 0.605998  0.281966
3008 0.176143 0.416966  0.406891
6413 0.298931 0.336094  0.364975
4361 0.379327 0.176809  0.443865
7847 0.367506 0.194331  0.438162
1855 0.28662 0.564364  0.149016
3158 0.154854 0.580609  0.264537
3581 0.29448 0.407855  0.297665
3005 0.137383 0.335099  0.527518
8937 0.626788 0.14658  0.226632
1216 0.421865 0.26187  0.316265
6041 0.174323 0.758593  0.0670843
272 0.738377 0.0785813  0.183042
5348 0.18962 0.414979  0.395401
8684 0.561693 0.365441  0.0728654
2944 0.2876 0.457841  0.254559
1635 0.307441 0.468511  0.224048
4211 0.319303 0.198165  0.482532
8693 0.24318 0.392368  0.364451
7889 0.317167 0.431836  0.250997
2158 0.309441 0.435868  0.254691
2185 0.276238 0.544676  0.179086
6749 0.535938 0.145784  0.318277
4530 0.0643363 0.892733  0.0429304
4450 0.304986 0.315197  0.379817
7369 0.195014 0.259219  0.545767
4085 0.495246 0.0988664  0.405887
2050 0.480275 0.302935  0.216789
2765 0.449991 0.449043  0.100966
3953 0.345753 0.319722  0.334524
6722 0.626782 0.0503146  0.322903
5433 0.260971 0.390496  0.348533
3320 0.427353 0.32837  0.244277
7342 0.444278 0.237797  0.317925
8593 0.0587229 0.387737  0.55354
2531 0.423327 0.361644  0.215029
2041 0.122911 0.716859  0.16023
5855 0.217448 0.327816  0.454736
3067 0.289255 0.436922  0.273823
9688 0.218221 0.450682  0.331097
1289 0.122089 0.751169  0.126742
3991 0.36499 0.520283  0.114727
4419 0.585365 0.291623  0.123012
2503 0.687341 0.2966  0.0160586
1863 0.426481 0.347587  0.225932
3551 0.480932 0.0542339  0.464834
9134 0.708678 0.256909  0.0344129
5962 0.245013 0.32461  0.430377
4673 0.529731 0.114042  0.356227
3224 0.490457 0.441951  0.067592
3431 0.482201 0.290244  0.227555
8393 0.132188 0.409038  0.458774
5880 0.350722 0.518407  0.130871
2738 0.186309 0.772732  0.0409593
2636 0.1854 0.512279  0.302322
2974 0.462234 0.110131  0.427635
5673 0.642299 0.157641  0.20006
2614 0.238748 0.0975186  0.663734
3134 0.158713 0.273831  0.567455
2694 0.386953 0.153278  0.45977
2659 0.275969 0.341973  0.382057
2381 0.470555 0.203428  0.326017
6660 0.318648 0.400328  0.281024
2294 0.260067 0.403798  0.336135
9649 0.497662 0.453608  0.0487296
185 0.403108 0.161618  0.435274
1567 0.0996877 0.667984  0.232328
4117 0.397794 0.121693  0.480513
3833 0.126874 0.323582  0.549544
2150 0.139877 0.187741  0.672382
6294 0.0689891 0.478188  0.452823
3085 0.51492 0.261429  0.223651
6046 0.303619 0.336079  0.360302
2355 0.317197 0.0917366  0.591067
7097 0.271982 0.319481  0.408538
8514 0.375555 0.0562223  0.568222
713 0.266968 0.2864  0.446633
2442 0.40261 0.545625  0.0517656
9201 0.102501 0.00924978  0.888249
4208 0.320719 0.183226  0.496054
346 0.579552 0.367729  0.0527183
8150 0.447912 0.197369  0.354719
3172 0.0953265 0.56941  0.335263
5529 0.535846 0.180213  0.283942
297 0.182515 0.547697  0.269787
2211 0.509277 0.317397  0.173326
8813 0.0431267 0.222714  0.73416
4240 0.185856 0.421786  0.392358
6725 0.341143 0.30979  0.349067
2428 0.378649 0.41649  0.204861
6321 0.267265 0.558216  0.174519
3759 0.0412052 0.0975764  0.861218
5211 0.472167 0.238458  0.289375
5937 0.492359 0.0109699  0.496671
2367 0.244197 0.343784  0.412019
4949 0.100753 0.264109  0.635138
8527 0.339101 0.330338  0.330561
7719 0.397693 0.378176  0.22413
9162 0.525472 0.192098  0.282431
4807 0.334442 0.310668  0.354889
5488 0.170555 0.171181  0.658264
3977 0.502354 0.323867  0.173779
8851 0.101102 0.342143  0.556756
4833 0.266225 0.281571  0.452204
3327 0.2218 0.305861  0.472339
8103 0.335045 0.254255  0.4107
5081 0.244252 0.684652  0.0710969
5084 0.0890699 0.421373  0.489557
6862 0.401743 0.530668  0.0675893
4261 0.407173 0.132164  0.460663
8334 0.203742 0.191555  0.604703
3647 0.453907 0.197845  0.348248
9488 0.139501 0.352565  0.507934
3467 0.419275 0.459874  0.120851
3660 0.0217254 0.42126  0.557015
6826 0.377103 0.0278791  0.595018
3575 0.360292 0.0433498  0.596359
2405 0.273514 0.362548  0.363938
2115 0.195096 0.670592  0.134312
5216 0.257502 0.29447  0.448028
2857 0.328239 0.366662  0.305099
2509 0.500026 0.119382  0.380592
3114 0.179592 0.33637  0.484038
4357 0.344957 0.56304  0.0920034
5403 0.317069 0.193689  0.489242
3857 0.22419 0.590221  0.185589
5395 0.542703 0.241143  0.216154
6447 0.0166645 0.693898  0.289438
937 0.326974 0.168809  0.504217
5794 0.318169 0.334668  0.347163
6088 0.298719 0.486073  0.215208
2760 0.719338 0.210553  0.0701089
8601 0.396477 0.547936  0.0555879
2892 0.199982 0.432185  0.367832
6829 0.0775919 0.155772  0.766636
809 0.569004 0.293994  0.137002
2053 0.519933 0.0778522  0.402214
3481 0.318916 0.127155  0.553928
4388 0.403998 0.469896  0.126106
8742 0.233839 0.398116  0.368046
8879 0.452059 0.165241  0.3827
2594 0.418009 0.421772  0.160219
6722 0.166931 0.367428  0.465641
2997 0.346609 0.621346  0.0320452
3049 0.402539 0.366618  0.230843
7015 0.112816 0.529129  0.358055
3660 0.650429 0.0323329  0.317238
9726 0.27849 0.375541  0.345969
8399 0.362986 0.457262  0.179752
893 0.210497 0.703979  0.0855242
3408 0.586887 0.0383448  0.374768
2525 0.116438 0.522692  0.36087
2913 0.369078 0.280324  0.350599
3980 0.458283 0.0127435  0.528973
3933 0.497348 0.0914027  0.41125
6109 0.281791 0.355822  0.362387
1501 0.229533 0.375489  0.394979
2584 0.280999 0.236522  0.48248
5840 0.318533 0.351361  0.330106
5713 0.380147 0.219594  0.400258
9106 0.187034 0.418053  0.394913
4173 0.695524 0.244539  0.0599375
3351 0.271539 0.218422  0.510039
1085 0.392657 0.26689  0.340453
2500 0.53086 0.323866  0.145274
3094 0.512822 0.271887  0.215291
1394 0.327487 0.475438  0.197075
9590 0.370858 0.602662  0.0264797
5541 0.647284 0.243633  0.109083
5216 0.531707 0.439455  0.0288377
553 0.352052 0.322328  0.325621
4191 0.281242 0.344254  0.374504
3861 0.39446 0.0394902  0.56605
9685 0.222144 0.529687  0.248169
3129 0.21063 0.524776  0.264594
4850 0.149514 0.45278  0.397706
4099 0.402721 0.307757  0.289522
7106 0.354636 0.247175  0.398189
2226 0.0567735 0.43276  0.510467
2061 0.34851 0.432306  0.219184
2967 0.412939 0.107086  0.479975
1579 0.213975 0.286846  0.499178
1908 0.308268 0.485469  0.206263
3483 0.381453 0.149077  0.46947
1364 0.465086 0.403348  0.131566
7807 0.427324 0.101499  0.471176
4110 0.152146 0.115584  0.73227
6672 0.381709 0.165875  0.452416
1392 0.101976 0.237793  0.660231
2266 0.612639 0.0719155  0.315446
3368 0.235621 0.719362  0.0450171
3309 0.569587 0.136153  0.29426
2039 0.220691 0.28374  0.495569
2674 0.326031 0.25809  0.415879
3891 0.387541 0.544935  0.0675245
2318 0.296507 0.323328  0.380165
2698 0.387028 0.2782  0.334772
9024 0.283001 0.442431  0.274567
7202 0.135342 0.720095  0.144563
2659 0.232005 0.455238  0.312757
3144 0.27996 0.281641  0.438399
3006 0.481675 0.472166  0.0461588
2775 0.253017 0.440112  0.306871
302 0.101262 0.300212  0.598526
2554 0.366524 0.315588  0.317889
3577 0.0309922 0.666037  0.302971
524 0.168151 0.435538  0.396311
1765 0.263429 0.413202  0.323369
8203 0.475641 0.0914118  0.432947
2391 0.435601 0.254482  0.309917
4689 0.412846 0.0245746  0.562579
8232 0.399993 0.332995  0.267013
291 0.197958 0.535986  0.266055
8692 0.547175 0.0969994  0.355826
5671 0.185104 0.461894  0.353002
3733 0.407712 0.225979  0.366309
2057 0.186676 0.499093  0.314231
5937 0.228273 0.243839  0.527888
7856 0.429352 0.240826  0.329823
2679 0.3822 0.370771  0.247029
4529 0.0259036 0.54275  0.431346
8890 0.0200937 0.39201  0.587896
6465 0.304768 0.347646  0.347587
2859 0.192857 0.398623  0.40852
5379 0.367887 0.13398  0.498133
3033 0.603715 0.0622445  0.334041
4585 0.0331628 0.474111  0.492726
1760 0.308013 0.507928  0.184059
68 0.446315 0.0667842  0.486901
6068 0.330536 0.380068  0.289396
2439 0.607519 0.0210345  0.371447
2178 0.634318 0.214695  0.150986
443 0.321922 0.636035  0.0420429
6621 0.403335 0.532644  0.0640218
6834 0.180065 0.443244  0.376692
7203 0.305436 0.210529  0.484035
2472 0.379119 0.186903  0.433978
773 0.332027 0.331952  0.336021
5237 0.211941 0.37649  0.411569
2432 0.595986 0.134891  0.269124
610 0.531598 0.336973  0.131429
3219 0.312384 0.156419  0.531197
5495 0.369358 0.346978  0.283664
2738 0.250117 0.424973  0.324909
5351 0.410987 0.301485  0.287528
1472 0.354248 0.505177  0.140576
7986 0.225282 0.543202  0.231516
5868 0.324043 0.259415  0.416542
8461 0.0893171 0.614819  0.295864
5176 0.443371 0.197974  0.358654
7711 0.247043 0.11327  0.639687
436 0.162694 0.413231  0.424075
9622 0.059699 0.311522  0.628779
8149 0.500088 0.437595  0.0623176
4023 0.389105 0.230411  0.380484
4950 0.507202 0.0888433  0.403955
7189 0.359179 0.184381  0.45644
3393 0.419854 0.421623  0.158523
2349 0.500334 0.15034  0.349326
7016 0.555065 0.067191  0.377744
5220 0.632552 0.234055  0.133394
5143 0.0324443 0.0508851  0.916671
3594 0.530319 0.258546  0.211135
4268 0.146057 0.465528  0.388415
1724 0.164396 0.342963  0.492641
5320 0.536628 0.299372  0.164
1318 0.571351 0.410234  0.018415
8023 0.495489 0.426716  0.0777955
8019 0.6194 0.204533  0.176067
4496 0.734927 0.101617  0.163456
8842 0.103439 0.652479  0.244082
2267 0.443447 0.121175  0.435378
1749 0.0155883 0.408154  0.576257
239 0.117666 0.352546  0.529789
1587 0.483823 0.409996  0.106181
7164 0.469844 0.26771  0.262446
7361 0.296112 0.0451795  0.658709
1583 0.764039 0.194111  0.0418506
6962 0.415977 0.527001  0.0570224
4863 0.185209 0.310959  0.503831
2448 0.308987 0.371474  0.319539
290 0.341349 0.439417  0.219234
2338 0.408784 0.257708  0.333508
1409 0.197961 0.190409  0.61163
6238 0.156849 0.465173  0.377978
6368 0.559056 0.407258  0.0336855
7608 0.365188 0.626784  0.00802776
1881 0.381084 0.294251  0.324665
9913 0.227855 0.367553  0.404591
154 0.23262 0.301056  0.466325
9607 0.460919 0.52505  0.0140312
6629 0.17617 0.304665  0.519165
2374 0.511505 0.0364356  0.45206
3376 0.434171 0.320092  0.245737
3632 0.681683 0.266117  0.0521998
4962 0.16123 0.708324  0.130446
6908 0.338461 0.183663  0.477876
4791 0.341297 0.0647112  0.593991
9920 0.358863 0.229627  0.41151
2717 0.288712 0.375918  0.33537
9498 0.119355 0.439069  0.441575
5056 0.415763 0.13518  0.449057
8019 0.106614 0.221862  0.671524
985 0.175144 0.437428  0.387429
9021 0.224984 0.420028  0.354988
696 0.227349 0.655721  0.11693
8597 0.425666 0.148946  0.425388
1507 0.2626 0.324282  0.413118
2089 0.408558 0.239757  0.351685
1560 0.360861 0.375119  0.26402
9481 0.164738 0.404548  0.430714
9034 0.0419479 0.161642  0.79641
6772 0.484921 0.255285  0.259794
3462 0.231357 0.369167  0.399476
2062 0.552738 0.247158  0.200104
3859 0.385472 0.166553  0.447975
2070 0.141584 0.510023  0.348393
4692 0.499384 0.187745  0.31287
4070 0.111848 0.841002  0.0471497
3712 0.610581 0.160838  0.228581
7525 0.437442 0.499421  0.0631373
8260 0.515117 0.178478  0.306405
5788 0.226767 0.17976  0.593473
6212 0.0920232 0.738594  0.169383
8060 0.21105 0.482034  0.306916
7016 0.29462 0.224196  0.481183
3934 0.0258087 0.0859909  0.8882
9865 0.474736 0.478645  0.0466191
2523 0.340113 0.380875  0.279012
3326 0.0911349 0.272253  0.636612
6790 0.153112 0.279194  0.567694
4419 0.317947 0.113737  0.568315
5637 0.286683 0.0220205  0.691297
5805 0.248211 0.274859  0.47693
9519 0.582937 0.134022  0.283041
6180 0.558595 0.214925  0.22648
3411 0.309891 0.174614  0.515494
4897 0.314681 0.352292  0.333026
5779 0.00873539 0.283393  0.707871
6270 0.431573 0.227331  0.341096
9898 0.503589 0.184961  0.31145
4133 0.076587 0.32101  0.602403
3590 0.0259287 0.365052  0.609019
3176 0.3497 0.495878  0.154422
1622 0.290271 0.351013  0.358716
3860 0.299479 0.383879  0.316641
316 0.0704553 0.227677  0.701868
6808 0.261497 0.397224  0.34128
781 0.337566 0.114274  0.54816
1364 0.161511 0.322996  0.515493
563 0.255141 0.416113  0.328746
815 0.216834 0.309394  0.473772
1305 0.348836 0.364544  0.28662
733 0.0504299 0.343035  0.606535
4714 0.368039 0.0300076  0.601953
5274 0.304629 0.363063  0.332308
8767 0.284112 0.132246  0.583643
7619 0.121524 0.232174  0.646302
4339 0.453731 0.10673  0.43954
5436 0.0955669 0.45761  0.446823
1626 0.234522 0.638358  0.127121
2914 0.735012 0.184378  0.0806107
2974 0.559941 0.382631  0.0574275
4760 0.204126 0.304091  0.491783
8976 0.125307 0.353624  0.52107
234 0.225769 0.532608  0.241623
2686 0.527758 0.0180161  0.454226
898 0.401432 0.248929  0.349639
4975 0.367051 0.0480447  0.584905
1171 0.755237 0.0452287  0.199534
7789 0.22166 0.366041  0.412299
7625 0.369351 0.222134  0.408514
7374 0.115212 0.695273  0.189515
8239 0.24967 0.165311  0.585019
2442 0.342263 0.345736  0.312001
2764 0.36009 0.280616  0.359294
1871 0.423546 0.385794  0.19066
4271 0.274143 0.361528  0.364329
8340 0.310093 0.3471  0.342807
2047 0.712064 0.139175  0.148761
6650 0.531537 0.373432  0.0950316
2602 0.551131 0.0798073  0.369062
1791 0.480057 0.28547  0.234473
6289 0.302916 0.0654058  0.631678
5829 0.59583 0.0723119  0.331858
2270 0.469161 0.260366  0.270473
9826 0.370586 0.298338  0.331076
9699 0.410441 0.298754  0.290804
1800 0.907334 0.0762344  0.016432
1122 0.545647 0.0453316  0.409021
1211 0.0131831 0.502683  0.484134
8912 0.510637 0.247812  0.241551
7993 0.388822 0.550336  0.0608421
3217 0.479112 0.190668  0.33022
8159 0.384669 0.190859  0.424472
3180 0.417583 0.197377  0.38504
5849 0.210858 0.313849  0.475293
454 0.153733 0.398759  0.447508
1544 0.183611 0.622645  0.193744
6065 0.619491 0.368206  0.0123036
3885 0.361686 0.188988  0.449327
935 0.067076 0.309432  0.623492
3968 0.220367 0.479283  0.30035
875 0.296671 0.580818  0.122511
4525 0.338759 0.339458  0.321783
7899 0.358453 0.374533  0.267015
5897 0.298104 0.312968  0.388928
4747 0.131721 0.285948  0.582332
3493 0.246666 0.337757  0.415577
6406 0.202092 0.397646  0.400261
6346 0.549601 0.219268  0.231131
3224 0.392853 0.260757  0.34639
3259 0.156196 0.30451  0.539294
641 0.640874 0.191004  0.168122
1001 0.510967 0.0965053  0.392528
9862 0.411272 0.480309  0.108419
9679 0.0717891 0.747093  0.181117
393 0.256334 0.407368  0.336298
2477 0.249371 0.523364  0.227265
2280 0.506893 0.114367  0.37874
4126 0.266045 0.575465  0.15849
277 0.0421843 0.14127  0.816545
2187 0.269053 0.487324  0.243624
2716 0.174916 0.617794  0.20729
4594 0.0407551 0.498254  0.460991
4072 0.0306127 0.291245  0.678143
6284 0.61737 0.269188  0.113442
562 0.611405 0.0862025  0.302392
1856 0.441057 0.518931  0.0400114
4581 0.628673 0.0140308  0.357296
8797 0.432831 0.365181  0.201988
6062 0.381187 0.157775  0.461038
4984 0.129182 0.410444  0.460374
9052 0.0949475 0.322658  0.582394
6228 0.155389 0.298771  0.54584
4218 0.241687 0.231498  0.526815
8763 0.294936 0.245208  0.459856
7732 0.177428 0.226017  0.596556
4674 0.397633 0.569397  0.0329699
3450 0.201853 0.532717  0.26543
8937 0.470467 0.458199  0.0713339
4204 0.577187 0.0523294  0.370484
7986 0.574874 0.149936  0.27519
5984 0.118417 0.284827  0.596756
3900 0.45266 0.318361  0.228979
812 0.391974 0.0969161  0.51111
4524 0.141144 0.037342  0.821514
8733 0.289818 0.273742  0.43644
1513 0.37209 0.380966  0.246944
2795 0.245681 0.0468088  0.70751
2608 0.109878 0.640698  0.249424
8227 0.398616 0.34648  0.254904
4930 0.240708 0.585841  0.173451
1381 0.492868 0.170657  0.336475
8182 0.216777 0.227362  0.55586
2404 0.399984 0.190882  0.409134
6502 0.228037 0.405757  0.366207
8413 0.324913 0.26202  0.413066
9578 0.89119 0.0468698  0.06194
2041 0.405364 0.478232  0.116404
1503 0.290256 0.486789  0.222955
9877 0.329314 0.290716  0.37997
7763 0.0878054 0.194378  0.717816
2358 0.0710594 0.445871  0.48307
9213 0.541324 0.329407  0.129269
4360 0.113152 0.68016  0.206688
8615 0.546523 0.0947819  0.358695
8183 0.183578 0.409223  0.407198
5435 0.248351 0.529222  0.222427
4973 0.399233 0.345699  0.255068
2668 0.104421 0.433898  0.46168
9013 0.308182 0.396227  0.295591
2817 0.29366 0.0804478  0.625893
4493 0.246641 0.345017  0.408343
9430 0.324622 0.344837  0.330541
6192 0.39873 0.217323  0.383946
6573 0.105568 0.409286  0.485146
7051 0.181882 0.18259  0.635528
3437 0.512739 0.459855  0.0274065
1458 0.133761 0.658222  0.208017
4499 0.249303 0.0536971  0.697
3604 0.548498 0.0942587  0.357243
3723 0.431599 0.162792  0.405609
8319 0.0247663 0.524071  0.451163
7754 0.161487 0.530492  0.308021
3597 0.330313 0.24307  0.426618
923 0.0265069 0.426377  0.547117
7220 0.229304 0.348316  0.42238
3098 0.482416 0.0931575  0.424427
4296 0.138402 0.297602  0.563996
4140 0.0300005 0.702526  0.267474
1521 0.609115 0.140197  0.250689
3075 0.27346 0.675012  0.0515284
8764 0.0179217 0.57283  0.409248
6710 0.103213 0.423455  0.473333
7182 0.535474 0.10838  0.356146
6945 0.262332 0.377335  0.360333
2083 0.426192 0.192168  0.38164
2197 0.756619 0.168724  0.0746562
1828 0.247499 0.334491  0.418009
6744 0.370521 0.406406  0.223072
2795 0.47743 0.379902  0.142668
5855 0.655306 0.207205  0.137489
3677 0.509949 0.0341924  0.455859
1631 0.452811 0.181562  0.365626
2766 0.179713 0.401456  0.41883
6054 0.489911 0.242826  0.267263
3158 0.132954 0.358909  0.508137
116 0.0656192 0.523131  0.41125
7089 0.273553 0.239137  0.487311
5574 0.287831 0.321206  0.390963
2089 0.390175 0.431866  0.177959
4922 0.179546 0.0390226  0.781431
4077 0.0368044 0.302084  0.661111
2749 0.151015 0.500272  0.348713
8604 0.22136 0.414518  0.364122
1580 0.3498 0.383271  0.266929
4311 0.263811 0.493312  0.242878
4555 0.104495 0.379935  0.51557
6219 0.111348 0.370815  0.517837
2295 0.434208 0.150071  0.415721
8756 0.598184 0.02332  0.378496
3798 0.417342 0.298668  0.283991
2177 0.218563 0.753757  0.0276797
3750 0.252247 0.22172  0.526033
659 0.283788 0.374817  0.341395
8394 0.498763 0.0842036  0.417034
3277 0.41626 0.162355  0.421385
2263 0.373758 0.499508  0.126734
3872 0.35515 0.511311  0.13354
3591 0.796966 0.173364  0.0296695
5181 0.411388 0.254855  0.333757
7224 0.206242 0.351691  0.442067
1557 0.43898 0.0898451  0.471175
4470 0.160744 0.40267  0.436586
3586 0.466595 0.446086  0.0873193
656 0.382345 0.341934  0.275721
2715 0.164586 0.418449  0.416965
4449 0.388912 0.36706  0.244028
2125 0.0530178 0.419384  0.527599
6628 0.459915 0.230817  0.309268
722 0.481651 0.426018  0.092331
180 0.54361 0.0221129  0.434277
8290 0.0828904 0.424924  0.492186
5427 0.358173 0.0918189  0.550008
5880 0.046857 0.047392  0.905751
4662 0.193272 0.351088  0.45564
5122 0.429923 0.539607  0.0304699
4587 0.354743 0.136853  0.508404
270 0.0671581 0.35387  0.578972
3414 0.394295 0.433099  0.172606
6200 0.26704 0.356931  0.376028
1277 0.388099 0.391722  0.220179
51 0.17254 0.0825016  0.744958
2679 0.405533 0.13097  0.463498
865 0.389221 0.139378  0.471401
6392 0.436262 0.469691  0.0940468
5933 0.43919 0.345055  0.215755
6134 0.355589 0.51702  0.127391
6844 0.468473 0.25512  0.276408
2329 0.460338 0.283095  0.256568
6861 0.615481 0.30432  0.0801992
5549 0.27797 0.120278  0.601752
155 0.318466 0.482221  0.199313
3106 0.43803 0.370042  0.191928
2887 0.879304 0.0258142  0.0948817
4769 0.0349763 0.188659  0.776365
1650 0.505614 0.107733  0.386653
2667 0.518258 0.197366  0.284376
2240 0.224267 0.586923  0.188811
4603 0.630103 0.23942  0.130476
7431 0.0680306 0.482348  0.449622
602 0.345962 0.0636208  0.590417
2359 0.0406823 0.369476  0.589841
7323 0.3773 0.450838  0.171861
3759 0.0383247 0.481329  0.480347
5963 0.121395 0.263045  0.615561
4751 0.356442 0.432955  0.210603
4840 0.18632 0.44929  0.36439
7409 0.130179 0.336799  0.533022
414 0.256959 0.551485  0.191556
7810 0.158548 0.36597  0.475482
1200 0.064209 0.328412  0.607379
7946 0.400288 0.405972  0.19374
2795 0.219002 0.300279  0.480719
9172 0.674203 0.287312  0.0384847
4181 0.478934 0.332574  0.188492
9224 0.420111 0.137716  0.442173
96 0.353457 0.359514  0.287029
8239 0.398642 0.53416  0.0671979
4679 0.206807 0.34087  0.452324
9665 0.293651 0.391125  0.315223
2705 0.383987 0.0271373  0.588876
2479 0.486746 0.275954  0.2373
2580 0.626692 0.0348134  0.338495
1940 0.490315 0.297148  0.212536
7649 0.495931 0.062781  0.441288
3665 0.124423 0.527435  0.348142
1573 0.287356 0.332642  0.380002
7992 0.409652 0.208731  0.381617
5455 0.0657897 0.445814  0.488397
3443 0.490395 0.277214  0.232391
2081 0.462904 0.176325  0.360771
9024 0.126558 0.340471  0.532971
2878 0.407872 0.561218  0.0309101
9511 0.492599 0.18713  0.320271
6354 0.59308 0.181564  0.225356
7367 0.127129 0.412137  0.460734
1581 0.336388 0.455986  0.207626
2417 0.314571 0.337669  0.34776
3210 0.140478 0.482056  0.377465
824 0.191085 0.501582  0.307333
4346 0.33767 0.327222  0.335107
3590 0.277421 0.385878  0.336701
2147 0.337634 0.410491  0.251875
7516 0.367722 0.200949  0.431329
4099 0.256337 0.546043  0.19762
6081 0.408184 0.0528312  0.538985
2024 0.229259 0.51291  0.257831
9204 0.261918 0.415177  0.322906
2506 0.41835 0.209832  0.371817
8454 0.32469 0.14346  0.53185
4913 0.304198 0.328049  0.367753
3240 0.33918 0.394333  0.266487
1986 0.14395 0.217354  0.638695
6445 0.317452 0.334335  0.348213
5786 0.358448 0.149074  0.492478
1002 0.478529 0.0567905  0.46468
3901 0.432818 0.377264  0.189918
6384 0.495327 0.265746  0.238927
1436 0.464308 0.240996  0.294696
9128 0.270325 0.377117  0.352558
1177 0.363221 0.1348  0.501979
8271 0.615431 0.182527  0.202042
1877 0.315688 0.336074  0.348237
7562 0.334516 0.106297  0.559187
861 0.367297 0.30203  0.330673
1155 0.210262 0.653689  0.136049
4533 0.520536 0.0515868  0.427877
1214 0.351064 0.24969  0.399245
6012 0.40311 0.187282  0.409607
7762 0.381492 0.275174  0.343334
2739 0.458121 0.063326  0.478553
5414 0.373252 0.540792  0.0859553
2998 0.362238 0.331281  0.306482
8389 0.36687 0.199323  0.433808
330 0.170929 0.288067  0.541005
1179 0.288256 0.427743  0.284
4016 0.123832 0.22216  0.654008
1096 0.154078 0.444668  0.401254
2104 0.0814461 0.220616  0.697937
2974 0.255741 0.376153  0.368106
4485 0.570182 0.0460891  0.383729
2888 0.143318 0.385947  0.470735
3817 0.495451 0.0305445  0.474004
9307 0.206653 0.32458  0.468767
7918 0.55604 0.0361125  0.407848
505 0.0180933 0.195831  0.786075
7933 0.576189 0.316886  0.106925
1523 0.733765 0.174767  0.0914682
6682 0.114293 0.362018  0.523689
4158 0.405805 0.0982913  0.495903
4776 0.480658 0.105896  0.413446
2931 0.285493 0.23347  0.481037
7619 0.517029 0.108395  0.374576
9440 0.33929 0.299488  0.361222
316 0.374915 0.51601  0.109075
4848 0.306755 0.522924  0.170321
6772 0.199548 0.172754  0.627698
600 0.567001 0.220524  0.212475
8997 0.293609 0.301664  0.404727
6045 0.039184 0.215296  0.74552
8505 0.374709 0.273636  0.351655
5001 0.193472 0.412817  0.39371
8078 0.362946 0.207288  0.429766
7893 0.384436 0.386864  0.2287
2524 0.395464 0.299367  0.305169
5686 0.314322 0.426062  0.259616
4180 0.068695 0.497671  0.433634
3214 0.494968 0.0916638  0.413368
733 0.224277 0.0253272  0.750395
3089 0.242471 0.37261  0.38492
5261 0.0845328 0.497114  0.418353
6686 0.529009 0.294383  0.176608
4760 0.685701 0.0888138  0.225485
3464 0.371451 0.458664  0.169885
1240 0.257339 0.716424  0.0262374
7003 0.281836 0.183785  0.534379
1007 0.518762 0.291428  0.18981
3428 0.036256 0.30776  0.655984
4328 0.137544 0.527977  0.334479
4558 0.133495 0.55501  0.311495
5298 0.143696 0.601583  0.254721
1519 0.544704 0.288623  0.166673
3798 0.387831 0.285619  0.326551
6101 0.277046 0.335834  0.387119
6486 0.421901 0.0412791  0.536819
2403 0.239492 0.499824  0.260684
462 0.309503 0.133749  0.556748
2315 0.432393 0.442405  0.125201
4258 0.331934 0.0427935  0.625273
9816 0.513117 0.32753  0.159353
3477 0.150011 0.404835  0.445154
4393 0.437966 0.0411464  0.520887
2297 0.0978847 0.840159  0.0619567
1490 0.195789 0.368856  0.435355
4380 0.630774 0.106376  0.26285
4947 0.384269 0.168331  0.4474
1931 0.269928 0.392816  0.337256
3179 0.287801 0.275172  0.437028
8700 0.235555 0.342604  0.421841
5676 0.70836 0.241497  0.0501429
7052 0.536449 0.133432  0.330119
960 0.438194 0.549179  0.012627
5095 0.216515 0.471096  0.312389
5534 0.51546 0.0830738  0.401466
6464 0.298811 0.541754  0.159435
3006 0.21714 0.226693  0.556167
5940 0.387933 0.025913  0.586154
1125 0.525696 0.17415  0.300155
3242 0.55458 0.22787  0.21755
4930 0.329965 0.344114  0.325921
4217 0.475543 0.220359  0.304098
3851 0.0616104 0.691658  0.246732
7812 0.012826 0.402658  0.584516
6350 0.435863 0.263851  0.300287
5324 0.0853639 0.0302226  0.884413
7470 0.2517 0.171364  0.576935
3074 0.0510154 0.382357  0.566628
613 0.230076 0.328584  0.44134
402 0.250184 0.381856  0.36796
3210 0.300082 0.357666  0.342252
7322 0.506359 0.0888057  0.404835
2197 0.523358 0.274799  0.201843
6853 0.15253 0.15495  0.692519
3833 0.0882199 0.215084  0.696696
5659 0.0827872 0.0998214  0.817391
158 0.415515 0.0809625  0.503522
2805 0.259633 0.542457  0.197909
2051 0.269358 0.301945  0.428697
7944 0.356375 0.0651103  0.578515
3266 0.257288 0.29859  0.444122
7902 0.615664 0.208504  0.175832
6772 0.228346 0.457  0.314655
5880 0.0686486 0.904129  0.0272222
7706 0.490548 0.484827  0.0246247
2454 0.503868 0.0142648  0.481867
3117 0.388905 0.24765  0.363445
6994 0.161987 0.462341  0.375672
5020 0.509041 0.242144  0.248814
429 0.272493 0.365169  0.362338
6187 0.305759 0.480055  0.214186
5140 0.385728 0.0354516  0.57882
2527 0.391861 0.340029  0.268109
7578 0.678508 0.238901  0.0825908
3607 0.0341652 0.561628  0.404207
1477 0.481328 0.377598  0.141074
9734 0.387674 0.56591  0.0464162
4199 0.510416 0.0840141  0.40557
7763 0.0960024 0.389888  0.51411
5168 0.501503 0.454335  0.044162
5500 0.348784 0.368978  0.282238
1084 0.274273 0.522144  0.203583
354 0.32221 0.314695  0.363095
4930 0.324555 0.51323  0.162214
3559 0.415226 0.352772  0.232002
2322 0.342566 0.353569  0.303864
4443 0.4589 0.27421  0.26689
3946 0.267553 0.18742  0.545026
5847 0.278673 0.345439  0.375887
8239 0.157872 0.124368  0.71776
1815 0.43512 0.44965  0.11523
6740 0.485531 0.193392  0.321077
9567 0.0162425 0.449476  0.534282
6808 0.379344 0.329982  0.290674
4219 0.277779 0.255215  0.467005
9773 0.437752 0.474632  0.0876162
2126 0.0463798 0.66909  0.28453
3655 0.430173 0.081142  0.488685
4769 0.103734 0.317851  0.578415
4959 0.297395 0.457859  0.244747
814 0.0299655 0.36093  0.609104
6837 0.349734 0.232233  0.418034
1773 0.663438 0.215554  0.121008
8811 0.0733371 0.623997  0.302666
3190 0.195453 0.587287  0.21726
3882 0.0547116 0.399321  0.545967
4749 0.315812 0.346025  0.338162
6174 0.485515 0.131474  0.383011
7300 0.128046 0.600517  0.271437
6926 0.116138 0.787048  0.0968139
4387 0.63971 0.206907  0.153383
5284 0.465351 0.292476  0.242172
4346 0.371694 0.0268603  0.601446
3686 0.225104 0.0846158  0.69028
2506 0.252486 0.694193  0.0533213
5023 0.11592 0.446787  0.437293
7552 0.415432 0.380013  0.204555
9824 0.309438 0.288279  0.402283
2087 0.114745 0.774201  0.111054
929 0.404286 0.512485  0.0832289
8550 0.303214 0.204871  0.491915
1190 0.157301 0.379429  0.46327
1211 0.357378 0.208548  0.434074
7366 0.405441 0.16451  0.430049
6177 0.199994 0.189949  0.610057
7810 0.606303 0.0667081  0.326989
7690 0.0613089 0.47451  0.464181
1294 0.213641 0.322205  0.464154
1865 0.389936 0.0553755  0.554688
2679 0.383793 0.0367123  0.579495
4007 0.0777746 0.463922  0.458303
7750 0.191478 0.34696  0.461562
4847 0.379519 0.138596  0.481885
8484 0.0412905 0.383174  0.575536
1954 0.358402 0.329379  0.312219
4700 0.309614 0.123905  0.566481
1380 0.526522 0.26355  0.209927
7756 0.248408 0.10989  0.641702
7709 0.42352 0.561707  0.0147736
1251 0.0228413 0.465032  0.512127
3813 0.297481 0.494844  0.207675
3376 0.123284 0.447568  0.429149
3936 0.214993 0.40053  0.384477
3966 0.477062 0.426545  0.0963925
6035 0.613121 0.194771  0.192108
9867 0.414012 0.310752  0.275236
2791 0.41284 0.288513  0.298647
4299 0.0182147 0.325214  0.656572
6692 0.571427 0.318989  0.109584
612 0.0614105 0.399272  0.539318
6539 0.415881 0.203128  0.380991
8274 0.484901 0.45308  0.0620198
1372 0.31145 0.272483  0.416067
8418 0.329319 0.386062  0.284619
1955 0.315091 0.374239  0.31067
2205 0.259595 0.248653  0.491751
4802 0.158367 0.582677  0.258956
7589 0.180783 0.393809  0.425408
3873 0.221264 0.041504  0.737231
2706 0.278444 0.624666  0.0968905
3401 0.227364 0.319367  0.453269
3327 0.38883 0.463977  0.147192
1268 0.268566 0.150345  0.581089
961 0.342716 0.536057  0.121227
7643 0.577242 0.0716785  0.35108
5778 0.164296 0.466899  0.368805
7488 0.322726 0.270795  0.406479
3458 0.359757 0.602723  0.0375203
5602 0.131779 0.44122  0.427001
436 0.230918 0.582625  0.186456
3939 0.2594 0.333183  0.407417
1368 0.450876 0.406012  0.143112
6307 0.272016 0.149169  0.578815
645 0.313139 0.0239805  0.662881
4649 0.0830253 0.469625  0.44735
9035 0.342561 0.0928742  0.564565
269 0.226801 0.303824  0.469376
4208 0.143492 0.432133  0.424375
7564 0.370929 0.472978  0.156094
4750 0.589135 0.128153  0.282712
5435 0.650628 0.133962  0.21541
530 0.132216 0.520557  0.347227
2976 0.475206 0.0471194  0.477675
8264 0.361725 0.380218  0.258057
5179 0.127818 0.513469  0.358713
9775 0.474547 0.325692  0.19976
3192 0.654361 0.0556682  0.28997
1988 0.272186 0.428324  0.29949
3021 0.436248 0.115553  0.448199
6573 0.253935 0.538314  0.207752
6183 0.533178 0.430873  0.0359486
3127 0.142136 0.3395  0.518364
3663 0.145933 0.82629  0.027777
1833 0.412986 0.327847  0.259167
6228 0.607528 0.255629  0.136843
2280 0.469122 0.44225  0.0886284
939 0.226025 0.394512  0.379463
2419 0.102457 0.617426  0.280117
6998 0.328894 0.622804  0.0483019
148 0.199334 0.42018  0.380485
8975 0.218319 0.375434  0.406247
1981 0.36843 0.310892  0.320679
9033 0.09466 0.586327  0.319013
3428 0.501144 0.417066  0.0817909
3987 0.427737 0.451254  0.121008
2547 0.0777513 0.484602  0.437646
912 0.24156 0.244862  0.513578
3618 0.445593 0.348377  0.20603
3678 0.149975 0.322746  0.527278
9014 0.390131 0.412123  0.197745
2859 0.384436 0.461315  0.15425
3063 0.279855 0.0726787  0.647466
3386 0.549592 0.400544  0.0498638
9638 0.0911306 0.413296  0.495574
4244 0.609271 0.361535  0.0291947
4986 0.267679 0.476396  0.255925
6311 0.0477863 0.557316  0.394897
6436 0.326582 0.242674  0.430744
5591 0.580138 0.370535  0.0493273
6777 0.349966 0.408063  0.241971
8475 0.355134 0.270233  0.374634
6021 0.351297 0.306055  0.342648
1695 0.546108 0.203834  0.250058
4725 0.113409 0.728459  0.158132
961 0.568946 0.111306  0.319748
26 0.384447 0.13781  0.477743
6882 0.327981 0.306981  0.365038
4254 0.295651 0.411622  0.292728
1000 0.0643159 0.552862  0.382822
6107 0.0893749 0.468509  0.442116
6271 0.398162 0.237491  0.364347
2673 0.103967 0.880617  0.015416
3347 0.382964 0.10849  0.508546
4611 0.29062 0.413329  0.296051
5463 0.420631 0.405346  0.174023
2348 0.122798 0.433252  0.44395
5742 0.38957 0.112039  0.498391
9533 0.466388 0.398496  0.135115
1781 0.301245 0.396136  0.302619
4232 0.335214 0.608671  0.0561153
1678 0.0569086 0.366106  0.576985
5491 0.410277 0.436353  0.15337
2287 0.488804 0.346324  0.164872
5376 0.828516 0.13809  0.0333942
6609 0.34444 0.328114  0.327447
549 0.0471849 0.40235  0.550465
2803 0.601219 0.139799  0.258982
5978 0.524927 0.252978  0.222095
3160 0.477049 0.307252  0.215699
7913 0.445606 0.0894268  0.464967
3831 0.541332 0.297825  0.160843
4911 0.0932184 0.640903  0.265879
4149 0.163855 0.321008  0.515137
5408 0.472343 0.0404806  0.487176
6682 0.402539 0.291431  0.30603
3053 0.484364 0.180219  0.335416
6380 0.257395 0.377372  0.365233
6651 0.414183 0.0489539  0.536863
5028 0.129455 0.522656  0.347889
981 0.195583 0.428241  0.376175
4994 0.643246 0.296786  0.059968
4580 0.387158 0.161296  0.451546
3993 0.314185 0.312259  0.373556
2453 0.326605 0.328562  0.344834
8148 0.127211 0.440285  0.432504
264 0.693551 0.105411  0.201039
7173 0.706638 0.047794  0.245568
4767 0.0281468 0.425152  0.546702
7131 0.41382 0.200839  0.385341
3160 0.169865 0.281914  0.548221
8481 0.366014 0.52835  0.105636
8235 0.660196 0.111013  0.228791
1848 0.437935 0.484525  0.0775394
6910 0.29603 0.372411  0.331559
3671 0.414374 0.491978  0.0936482
738 0.0470931 0.381329  0.571578
4391 0.459685 0.106793  0.433522
3234 0.490994 0.226599  0.282407
6465 0.0607323 0.481994  0.457274
9521 0.493867 0.207964  0.298168
794 0.361403 0.208148  0.430449
2715 0.256871 0.349178  0.393951
6899 0.567352 0.178735  0.253912
5177 0.337277 0.309311  0.353412
8178 0.342946 0.242133  0.414921
1791 0.0815916 0.152106  0.766303
1012 0.370577 0.220093  0.409331
1593 0.228679 0.175035  0.596287
3731 0.541391 0.207406  0.251204
6098 0.294127 0.48402  0.221853
2873 0.246657 0.421137  0.332206
1137 0.230822 0.657153  0.112025
3878 0.336504 0.0781286  0.585368
5729 0.817649 0.0485193  0.133831
3351 0.2965 0.190981  0.512518
8010 0.461519 0.146083  0.392397
2276 0.134298 0.305884  0.559818
1989 0.351837 0.128722  0.519442
698 0.498254 0.241885  0.259862
3619 0.504429 0.0579926  0.437578
1575 0.232583 0.462898  0.30452
5503 0.0773496 0.54994  0.37271
6321 0.346294 0.323934  0.329772
1984 0.563274 0.106895  0.329832
2909 0.304456 0.202044  0.4935
3369 0.0195931 0.227217  0.75319
2533 0.0410507 0.552058  0.406891
803 0.528535 0.0305066  0.440959
6773 0.191322 0.67246  0.136218
7008 0.448235 0.331151  0.220614
7720 0.0929083 0.603267  0.303825
407 0.20757 0.261333  0.531097
3877 0.331473 0.221101  0.447425
8330 0.569295 0.145666  0.285039
5391 0.707037 0.236637  0.056326
229 0.280506 0.35099  0.368504
8021 0.474226 0.248506  0.277268
3269 0.373367 0.283711  0.342922
6554 0.243406 0.404858  0.351736
1807 0.539241 0.386249  0.0745104
3264 0.117293 0.393644  0.489063
2226 0.45387 0.217404  0.328727
3836 0.415242 0.362122  0.222636
2058 0.469237 0.117324  0.413439
957 0.270282 0.0444262  0.685292
946 0.58043 0.017827  0.401743
5253 0.367487 0.265612  0.366901
6753 0.254942 0.476499  0.268559
3230 0.244844 0.138764  0.616392
9089 0.451419 0.143773  0.404808
4677 0.309114 0.305478  0.385408
9675 0.421443 0.15393  0.424627
102 0.489328 0.150135  0.360536
7841 0.385223 0.0650041  0.549773
5513 0.292574 0.185965  0.521461
5568 0.188895 0.574354  0.236751
5742 0.166566 0.0794372  0.753997
9229 0.0645973 0.513475  0.421928
1077 0.211077 0.447637  0.341286
4562 0.0371829 0.344326  0.618491
2504 0.382805 0.0895415  0.527653
6139 0.285195 0.247376  0.467429
1558 0.419062 0.190439  0.390498
264 0.212181 0.455761  0.332058
2865 0.500739 0.359745  0.139516
2416 0.398147 0.460206  0.141647
1238 0.354679 0.266394  0.378927
8839 0.211999 0.585375  0.202626
3306 0.552794 0.424535  0.0226716
3971 0.240642 0.595555  0.163802
4393 0.378836 0.238956  0.382208
1162 0.384853 0.13213  0.483016
813 0.201572 0.478035  0.320393
6179 0.176654 0.289518  0.533828
8626 0.235124 0.49957  0.265306
3807 0.444597 0.250332  0.305071
5809 0.203692 0.334916  0.461392
6572 0.373898 0.288099  0.338003
2943 0.192065 0.117833  0.690101
830 0.499689 0.478378  0.0219332
5281 0.613491 0.0242019  0.362307
2570 0.469392 0.332283  0.198326
2250 0.0530837 0.370483  0.576434
2441 0.744282 0.117449  0.138269
33 0.0645344 0.499922  0.435543
5821 0.174514 0.121498  0.703988
4807 0.238376 0.299959  0.461666
7994 0.573819 0.303205  0.122976
