2994 0.143621 0.408953  0.447426
1804 0.213457 0.487306  0.299238
1210 0.477659 0.191229  0.331112
886 0.344811 0.377737  0.277452
3872 0.428245 0.365012  0.206743
641 0.792005 0.150458  0.0575366
4143 0.522873 0.428832  0.0482957
716 0.581597 0.0758703  0.342533
3994 0.342976 0.50151  0.155514
2309 0.207664 0.253109  0.539226
3898 0.419336 0.380462  0.200202
3441 0.377653 0.359325  0.263022
4275 0.482297 0.498281  0.0194211
1614 0.422004 0.363252  0.214744
767 0.20068 0.320661  0.478659
4888 0.276467 0.561481  0.162052
363 0.172483 0.258107  0.569411
715 0.356625 0.385105  0.25827
702 0.370151 0.34008  0.289769
508 0.259104 0.247387  0.493509
91 0.0970162 0.199793  0.703191
355 0.395056 0.414014  0.19093
509 0.300548 0.22514  0.474312
3483 0.0481264 0.403926  0.547948
63 0.496213 0.182636  0.321152
1694 0.545708 0.231035  0.223257
880 0.934582 0.0190048  0.0464134
3906 0.475976 0.466764  0.0572597
1802 0.624677 0.138465  0.236858
2790 0.0620416 0.231308  0.70665
3273 0.409837 0.260803  0.329361
1547 0.207276 0.0268544  0.765869
352 0.186893 0.607512  0.205595
4003 0.578904 0.0759733  0.345123
2171 0.41875 0.274159  0.307091
2405 0.342491 0.31027  0.347239
3686 0.319302 0.642943  0.0377547
1307 0.273459 0.281913  0.444627
3442 0.239444 0.320759  0.439797
3926 0.184807 0.398306  0.416887
2496 0.194252 0.419048  0.386699
342 0.345038 0.570689  0.0842733
3570 0.320985 0.199876  0.47914
3888 0.0099111 0.492373  0.497716
122 0.309619 0.502834  0.187548
1385 0.292664 0.454699  0.252636
119 0.424851 0.561703  0.0134455
348 0.524568 0.0198124  0.455619
1475 0.0572771 0.433576  0.509147
3446 0.575454 0.367095  0.0574505
4929 0.213663 0.150371  0.635966
3821 0.218838 0.17227  0.608892
2979 0.304336 0.449672  0.245992
3278 0.261724 0.0839797  0.654296
4380 0.437245 0.34244  0.220315
61 0.320865 0.0141612  0.664974
3004 0.431015 0.155089  0.413896
3968 0.516841 0.351989  0.131169
1713 0.270644 0.615847  0.113509
3989 0.539171 0.0815842  0.379245
4234 0.321389 0.264632  0.413979
2964 0.339178 0.227251  0.433571
1337 0.395423 0.332369  0.272208
2200 0.213103 0.593268  0.193629
806 0.397591 0.00849861  0.593911
3476 0.438789 0.21118  0.350031
1457 0.134484 0.388742  0.476774
4365 0.074177 0.529932  0.395891
3832 0.32986 0.36656  0.303581
3029 0.213239 0.358168  0.428594
3845 0.464258 0.139421  0.396321
3443 0.446087 0.143779  0.410134
3862 0.423377 0.0615189  0.515104
1817 0.711108 0.271444  0.0174483
3024 0.503068 0.113766  0.383166
318 0.459677 0.444278  0.0960447
1838 0.223696 0.20404  0.572265
3873 0.447168 0.239616  0.313217
1984 0.214067 0.533356  0.252577
1793 0.153784 0.722689  0.123527
149 0.286639 0.683223  0.0301382
132 0.413092 0.550603  0.0363042
3939 0.531677 0.320899  0.147425
173 0.0966122 0.461309  0.442079
2396 0.477378 0.239277  0.283345
3454 0.117912 0.609654  0.272434
2271 0.293814 0.557373  0.148812
702 0.463425 0.205904  0.330671
4933 0.2955 0.125791  0.578709
2219 0.247045 0.69605  0.056905
3487 0.148373 0.441611  0.410015
146 0.462615 0.0933327  0.444052
901 0.255284 0.241383  0.503333
1823 0.648257 0.0999106  0.251833
170 0.132683 0.450562  0.416755
3200 0.165096 0.640407  0.194497
929 0.509212 0.372198  0.11859
1560 0.209803 0.681215  0.108982
682 0.491912 0.222021  0.286067
1871 0.204084 0.469403  0.326513
157 0.570663 0.406184  0.0231524
2380 0.211972 0.570883  0.217145
1491 0.699853 0.245207  0.05494
2404 0.275207 0.221667  0.503126
4004 0.0919942 0.677301  0.230705
1165 0.720037 0.264287  0.0156761
852 0.164263 0.395156  0.440581
833 0.403914 0.248106  0.34798
1241 0.475152 0.149255  0.375593
4559 0.429324 0.414245  0.156432
2920 0.481415 0.317109  0.201476
172 0.721853 0.00827707  0.26987
3884 0.395244 0.252757  0.351999
1617 0.10762 0.252052  0.640328
2878 0.365229 0.445666  0.189104
2997 0.26079 0.415638  0.323572
3445 0.0800632 0.35093  0.569007
146 0.13759 0.46948  0.39293
4966 0.200835 0.337353  0.461812
3972 0.524867 0.0872486  0.387884
3975 0.217645 0.748952  0.0334029
2991 0.419068 0.102013  0.478919
855 0.166798 0.453936  0.379266
315 0.0759074 0.222731  0.701362
272 0.0201249 0.525181  0.454694
3914 0.374581 0.318466  0.306953
1825 0.506216 0.260622  0.233163
2889 0.396658 0.341952  0.26139
1823 0.372118 0.259938  0.367944
532 0.291896 0.139853  0.568251
4750 0.415635 0.0621979  0.522167
1280 0.265685 0.4433  0.291015
1811 0.409771 0.212824  0.377405
1543 0.212894 0.226558  0.560548
4373 0.393363 0.0989685  0.507668
856 0.318571 0.213519  0.46791
3461 0.356128 0.478762  0.16511
2791 0.407474 0.323595  0.268931
160 0.21016 0.278268  0.511572
3976 0.315618 0.51703  0.167352
4959 0.347681 0.259866  0.392454
3004 0.457903 0.505209  0.0368879
1384 0.356839 0.295159  0.348001
1693 0.240833 0.475062  0.284105
4547 0.55352 0.408531  0.0379487
3926 0.0237309 0.214632  0.761637
265 0.0947387 0.640232  0.265029
2203 0.342044 0.562537  0.095419
3937 0.364546 0.435388  0.200066
4824 0.35768 0.307552  0.334768
4229 0.192066 0.233976  0.573958
3462 0.17821 0.118284  0.703506
3871 0.353267 0.163294  0.483439
693 0.528593 0.375387  0.09602
3958 0.390293 0.152694  0.457013
2128 0.289837 0.554845  0.155318
1645 0.782038 0.14071  0.0772518
5054 0.367946 0.311155  0.320898
2257 0.367344 0.316623  0.316032
1605 0.262651 0.456663  0.280686
2261 0.34483 0.327706  0.327464
3476 0.179352 0.261627  0.559021
1697 0.265856 0.393661  0.340483
3891 0.229297 0.434343  0.33636
661 0.110631 0.712845  0.176525
1557 0.344648 0.339893  0.315459
5079 0.134223 0.650872  0.214905
861 0.342969 0.351473  0.305558
3478 0.299589 0.508913  0.191498
2454 0.0423499 0.551902  0.405748
2885 0.0783299 0.330289  0.591381
320 0.285596 0.403897  0.310506
4081 0.658025 0.051303  0.290672
4473 0.0926306 0.312449  0.594921
1817 0.100846 0.411935  0.487218
3178 0.255857 0.214852  0.529291
897 0.526594 0.0338525  0.439553
719 0.525661 0.174855  0.299483
838 0.386343 0.596989  0.0166681
4561 0.468555 0.375878  0.155567
25 0.556423 0.102902  0.340674
3012 0.553046 0.224427  0.222527
2986 0.315191 0.218452  0.466357
861 0.496558 0.321439  0.182002
3506 0.105228 0.492686  0.402087
722 0.121201 0.283228  0.595571
273 0.291426 0.23179  0.476783
1490 0.34189 0.421186  0.236924
3490 0.40349 0.441593  0.154917
678 0.277238 0.208614  0.514148
351 0.107956 0.47874  0.413303
4393 0.375668 0.237969  0.386363
3471 0.484489 0.474039  0.0414716
1300 0.335388 0.190798  0.473814
696 0.370018 0.279806  0.350176
2880 0.373807 0.317997  0.308196
4649 0.56942 0.0944453  0.336134
2892 0.0297756 0.813673  0.156552
151 0.0917299 0.494457  0.413813
2796 0.342268 0.592679  0.0650532
3924 0.219768 0.533491  0.246741
3488 0.647271 0.0546665  0.298062
3426 0.212353 0.5586  0.229046
633 0.693544 0.160819  0.145636
318 0.606632 0.101796  0.291572
2497 0.193888 0.664514  0.141598
3509 0.516919 0.31098  0.172101
4615 0.375548 0.264989  0.359464
3501 0.292554 0.386763  0.320684
2468 0.458136 0.145303  0.396561
2588 0.222639 0.440999  0.336362
2334 0.175047 0.287312  0.537641
1537 0.225442 0.438914  0.335644
512 0.372902 0.384866  0.242232
143 0.525893 0.46788  0.00622642
1199 0.508381 0.326403  0.165217
4055 0.0947971 0.575112  0.330091
2798 0.342582 0.325967  0.331451
4591 0.332121 0.302884  0.364995
355 0.567776 0.386474  0.0457498
2978 0.127666 0.615257  0.257077
879 0.468535 0.297322  0.234142
2194 0.0453472 0.22181  0.732843
2928 0.415936 0.0136472  0.570416
2992 0.280899 0.256451  0.46265
3004 0.177369 0.376085  0.446545
1623 0.32946 0.400117  0.270423
1968 0.0183399 0.538588  0.443072
2522 0.386667 0.43438  0.178953
1697 0.262101 0.658297  0.0796014
3447 0.08404 0.616767  0.299193
1694 0.0332654 0.297484  0.66925
433 0.554488 0.426088  0.0194238
3973 0.458274 0.336126  0.2056
2582 0.0564671 0.32532  0.618213
944 0.532688 0.300072  0.16724
5014 0.340319 0.347735  0.311946
3217 0.321451 0.470333  0.208216
228 0.25351 0.64352  0.10297
4862 0.168741 0.540533  0.290726
3685 0.28517 0.540168  0.174662
4560 0.293053 0.514405  0.192542
794 0.224486 0.133653  0.641862
1611 0.369651 0.448929  0.181421
4001 0.556725 0.346278  0.096997
3975 0.338103 0.191175  0.470722
3099 0.174026 0.645669  0.180305
1825 0.410258 0.177674  0.412068
2923 0.534304 0.351142  0.114554
704 0.167322 0.408814  0.423864
2203 0.414199 0.070173  0.515628
2650 0.390688 0.153368  0.455944
2986 0.789322 0.0733195  0.137358
147 0.333873 0.422391  0.243736
3846 0.321306 0.127013  0.551681
4119 0.181834 0.445592  0.372574
2879 0.347298 0.176637  0.476064
3482 0.0871448 0.55162  0.361235
3819 0.563349 0.0320756  0.404575
4330 0.256064 0.319113  0.424823
1801 0.371874 0.457937  0.170189
1552 0.261426 0.267731  0.470844
2257 0.117247 0.38431  0.498443
3926 0.519359 0.311798  0.168843
2256 0.269103 0.565337  0.16556
2958 0.383978 0.26451  0.351512
2183 0.246274 0.365296  0.38843
2743 0.449442 0.464176  0.0863825
2473 0.123149 0.504671  0.372181
3793 0.405973 0.508389  0.0856382
2485 0.725183 0.0698257  0.204992
2705 0.0397703 0.489618  0.470612
1828 0.280257 0.383603  0.336139
3959 0.181798 0.454469  0.363733
2258 0.423544 0.0769533  0.499502
1342 0.352532 0.518063  0.129406
3021 0.082434 0.13492  0.782646
5009 0.0651077 0.878097  0.0567952
879 0.400475 0.361323  0.238202
125 0.427545 0.0519186  0.520536
3977 0.454489 0.405095  0.140416
154 0.155399 0.381469  0.463133
3879 0.294769 0.670563  0.0346678
693 0.246432 0.28076  0.472808
3026 0.39912 0.503846  0.0970341
2981 0.417781 0.330123  0.252096
2479 0.464559 0.192878  0.342563
1305 0.470123 0.260514  0.269363
3877 0.289587 0.50531  0.205103
3969 0.256707 0.503786  0.239507
49 0.466806 0.0670319  0.466162
3881 0.259362 0.310925  0.429713
2978 0.336334 0.509813  0.153853
4799 0.405117 0.0904298  0.504453
2304 0.353551 0.21162  0.434829
4541 0.291972 0.248083  0.459946
2964 0.375176 0.352199  0.272625
4754 0.577418 0.0387392  0.383843
2210 0.124606 0.250739  0.624655
3075 0.0242521 0.477763  0.497985
2318 0.191904 0.364128  0.443968
2604 0.237355 0.632975  0.12967
3006 0.547449 0.201287  0.251264
3959 0.087241 0.29894  0.613819
1793 0.209382 0.096769  0.693849
190 0.43379 0.239114  0.327096
3698 0.300101 0.155397  0.544501
3280 0.706669 0.160326  0.133005
3974 0.136636 0.672624  0.19074
1807 0.172132 0.520425  0.307443
2195 0.418186 0.429262  0.152552
3830 0.206484 0.269327  0.524189
2495 0.196383 0.112252  0.691365
3953 0.0843292 0.672127  0.243543
3482 0.210771 0.47265  0.316578
1400 0.369385 0.544091  0.086524
2668 0.331249 0.465246  0.203505
1817 0.296848 0.393575  0.309577
2486 0.451012 0.193708  0.355281
18 0.356207 0.426101  0.217692
524 0.430257 0.330835  0.238909
4411 0.306774 0.569628  0.123598
4807 0.109404 0.389137  0.50146
0 0.165941 0.416432  0.417627
3736 0.372922 0.29371  0.333368
3822 0.397621 0.218206  0.384173
1284 0.432198 0.500791  0.0670114
1550 0.126814 0.535185  0.338001
3453 0.09918 0.0945295  0.80629
3797 0.131063 0.486643  0.382294
1758 0.221741 0.393121  0.385138
3134 0.517208 0.320605  0.162187
3017 0.242395 0.400334  0.357271
1158 0.120707 0.410949  0.468344
275 0.276443 0.10515  0.618407
3821 0.483476 0.211365  0.305159
4007 0.285735 0.358206  0.356059
153 0.151878 0.196276  0.651847
1634 0.446808 0.160098  0.393094
3879 0.319162 0.383315  0.297523
1476 0.16677 0.538437  0.294793
533 0.290274 0.199344  0.510382
3906 0.610126 0.115915  0.273958
3528 0.185821 0.389947  0.424232
2758 0.368403 0.507559  0.124038
528 0.0352187 0.385927  0.578854
3832 0.105658 0.249476  0.644866
3252 0.229659 0.282297  0.488044
3975 0.61438 0.229348  0.156272
2582 0.189681 0.359589  0.45073
1544 0.357079 0.550691  0.0922298
3616 0.0555799 0.297959  0.646461
2786 0.376304 0.241592  0.382104
3461 0.548092 0.0655543  0.386353
3959 0.321669 0.322887  0.355444
4630 0.186481 0.40377  0.409749
2981 0.445152 0.0388248  0.516023
2707 0.534857 0.362228  0.102915
2884 0.427168 0.227918  0.344914
3491 0.409748 0.506017  0.084235
990 0.268895 0.389128  0.341977
3653 0.337175 0.258021  0.404804
1800 0.381459 0.344279  0.274262
2982 0.281673 0.410124  0.308203
1739 0.243892 0.417514  0.338594
158 0.375712 0.248417  0.375871
1804 0.571747 0.0935191  0.334734
158 0.015206 0.501822  0.482972
2260 0.134657 0.519293  0.34605
2184 0.177993 0.547204  0.274804
69 0.0371765 0.485538  0.477286
1275 0.0993582 0.510031  0.390611
2927 0.641285 0.18494  0.173775
3849 0.080254 0.443187  0.476559
2983 0.303268 0.589947  0.106785
3473 0.422774 0.460726  0.116501
1491 0.366803 0.300763  0.332434
1798 0.651971 0.0627163  0.285313
2202 0.56392 0.305971  0.130109
2450 0.465263 0.0199064  0.514831
3487 0.266335 0.317918  0.415747
1504 0.353897 0.544144  0.101959
3461 0.380485 0.400886  0.218629
3490 0.384515 0.192076  0.42341
1804 0.566121 0.0616029  0.372276
698 0.333354 0.336323  0.330323
4008 0.287637 0.563995  0.148368
244 0.465155 0.453517  0.081328
3708 0.255765 0.427857  0.316377
3065 0.444104 0.129698  0.426198
703 0.305147 0.357535  0.337318
1995 0.156409 0.393835  0.449756
3457 0.326547 0.245361  0.428091
4038 0.0790335 0.486579  0.434387
3907 0.392342 0.218125  0.389533
3445 0.455543 0.340843  0.203614
1830 0.297964 0.54813  0.153905
1298 0.487541 0.144369  0.368091
3488 0.312077 0.237074  0.45085
3005 0.0661635 0.461086  0.47275
2252 0.548089 0.0360881  0.415823
402 0.207375 0.256596  0.536029
159 0.200535 0.763113  0.0363519
4701 0.0526374 0.370997  0.576366
1796 0.178228 0.414214  0.407558
3448 0.10386 0.163375  0.732765
896 0.0567506 0.530756  0.412493
2818 0.239862 0.442214  0.317925
4440 0.262349 0.713605  0.0240461
2877 0.483166 0.294226  0.222608
3271 0.131744 0.53523  0.333025
3686 0.34586 0.341202  0.312938
2476 0.462957 0.113075  0.423968
719 0.241699 0.286499  0.471802
2533 0.0622918 0.442808  0.4949
87 0.0941705 0.782761  0.123068
3021 0.386359 0.380621  0.23302
3269 0.621517 0.147965  0.230518
271 0.123899 0.607332  0.268769
3807 0.40553 0.151789  0.44268
3450 0.290055 0.346164  0.363781
1632 0.311529 0.174464  0.514007
2254 0.343477 0.238368  0.418154
613 0.0450982 0.257317  0.697585
2416 0.195865 0.347033  0.457102
3489 0.33996 0.327196  0.332843
708 0.384217 0.331967  0.283816
2880 0.334678 0.33898  0.326342
3317 0.298652 0.377395  0.323953
3251 0.234403 0.490937  0.27466
3942 0.419175 0.424279  0.156545
4943 0.0633006 0.662661  0.274039
509 0.374908 0.306844  0.318247
2966 0.497796 0.28375  0.218454
3925 0.185201 0.479124  0.335675
3491 0.242964 0.646944  0.110091
3861 0.284435 0.243073  0.472492
345 0.521536 0.26306  0.215404
1625 0.522242 0.382349  0.0954093
2201 0.17872 0.275534  0.545746
2245 0.392588 0.456976  0.150436
1833 0.378941 0.452596  0.168463
4177 0.405338 0.164473  0.430189
2998 0.388638 0.432406  0.178956
2998 0.0183195 0.571082  0.410599
911 0.0547983 0.129868  0.815334
2392 0.287383 0.16732  0.545297
3577 0.398726 0.0368068  0.564467
717 0.354069 0.402994  0.242936
2243 0.32853 0.370191  0.301279
3980 0.376494 0.065232  0.558274
135 0.220847 0.201236  0.577917
1560 0.171763 0.37645  0.451787
16 0.441536 0.194005  0.364459
2512 0.387166 0.158209  0.454625
3474 0.551062 0.394873  0.0540647
2679 0.418568 0.0366599  0.544772
2892 0.191519 0.315255  0.493226
2238 0.266511 0.201714  0.531775
3031 0.0457195 0.288412  0.665868
697 0.353145 0.335182  0.311673
3480 0.496637 0.412677  0.0906864
3022 0.467777 0.457888  0.0743353
1765 0.194659 0.334105  0.471236
958 0.241004 0.308286  0.450711
1453 0.266051 0.60707  0.12688
3879 0.354152 0.329773  0.316074
2205 0.32995 0.31929  0.35076
2874 0.0941182 0.420033  0.485849
2586 0.424695 0.419634  0.15567
2687 0.467981 0.0910427  0.440976
204 0.36337 0.357336  0.279295
1308 0.51151 0.293814  0.194676
1878 0.121231 0.488525  0.390245
3494 0.325068 0.339724  0.335208
2522 0.356531 0.285635  0.357834
2197 0.123385 0.767422  0.109194
2165 0.460962 0.0926788  0.44636
3953 0.277877 0.403507  0.318615
2754 0.16215 0.35213  0.485719
823 0.37794 0.359263  0.262797
3160 0.480682 0.350858  0.16846
1507 0.593435 0.124697  0.281868
1863 0.246861 0.707693  0.0454458
4192 0.0756827 0.476579  0.447739
2400 0.0159656 0.530505  0.45353
3454 0.280555 0.325766  0.393679
881 0.0870155 0.774792  0.138193
1422 0.336912 0.520962  0.142126
3941 0.43806 0.184429  0.377511
1828 0.107607 0.458926  0.433466
1552 0.639151 0.165747  0.195102
2286 0.517846 0.119833  0.362321
4444 0.393405 0.380816  0.225779
5114 0.422503 0.373663  0.203835
119 0.467032 0.0678785  0.465089
4364 0.505572 0.217667  0.276762
3482 0.881018 0.0597648  0.0592173
347 0.456074 0.22716  0.316767
847 0.360426 0.356876  0.282698
2279 0.212359 0.714959  0.0726824
1017 0.408584 0.20804  0.383376
718 0.0942502 0.294352  0.611398
285 0.352884 0.321903  0.325213
717 0.398414 0.227594  0.373992
2133 0.404489 0.361009  0.234501
3013 0.23587 0.435367  0.328763
3030 0.197715 0.617195  0.18509
3964 0.0374525 0.114393  0.848154
3895 0.317444 0.31939  0.363167
2205 0.0351587 0.841955  0.122886
3462 0.255823 0.313166  0.431011
822 0.243462 0.0789935  0.677544
3839 0.54216 0.0996406  0.3582
1621 0.0607903 0.50524  0.43397
2240 0.140521 0.381428  0.47805
3877 0.21773 0.509615  0.272655
1550 0.38402 0.119929  0.496051
2239 0.455053 0.400991  0.143956
508 0.393717 0.440057  0.166226
1316 0.405396 0.320721  0.273882
1804 0.308099 0.339567  0.352334
4833 0.205615 0.308947  0.485438
1488 0.0836985 0.308959  0.607342
3908 0.446418 0.0769673  0.476615
311 0.617801 0.334135  0.0480646
3225 0.102008 0.259487  0.638506
2887 0.508947 0.0704843  0.420568
2496 0.309493 0.271996  0.418511
4172 0.241681 0.100504  0.657816
1304 0.541811 0.350336  0.107854
3876 0.344313 0.648212  0.00747558
1488 0.463701 0.0466265  0.489673
712 0.108622 0.602495  0.288883
4908 0.405973 0.35007  0.243957
1057 0.0835164 0.781275  0.135209
4708 0.437645 0.346625  0.21573
3822 0.0938191 0.37771  0.528471
3836 0.0292344 0.418483  0.552283
230 0.0583826 0.690693  0.250925
1808 0.544348 0.101741  0.353911
5028 0.282611 0.381783  0.335606
350 0.592381 0.316918  0.0907002
2357 0.58278 0.356575  0.0606449
3242 0.408006 0.49595  0.0960437
4244 0.35397 0.398944  0.247086
4385 0.352654 0.465778  0.181568
120 0.373841 0.369506  0.256653
958 0.0744013 0.501295  0.424304
238 0.195022 0.389206  0.415772
358 0.170224 0.768131  0.0616452
3669 0.457559 0.0748759  0.467565
150 0.129951 0.840432  0.0296174
2626 0.401151 0.333354  0.265495
1694 0.136565 0.737725  0.125709
3915 0.372163 0.30255  0.325286
3827 0.26217 0.459263  0.278567
2215 0.481075 0.301483  0.217442
4519 0.355569 0.600192  0.0442395
1331 0.763543 0.0723938  0.164063
649 0.445477 0.495507  0.0590155
2874 0.194986 0.787966  0.0170484
1696 0.403294 0.452123  0.144583
41 0.341256 0.502193  0.156552
3002 0.657959 0.14529  0.196751
2296 0.297908 0.426658  0.275434
321 0.500323 0.133031  0.366645
3656 0.413409 0.162722  0.423868
1761 0.0164885 0.729185  0.254327
3023 0.288628 0.441593  0.269779
4486 0.590014 0.0100071  0.399979
204 0.272316 0.666633  0.0610513
2459 0.263382 0.266227  0.470392
470 0.344905 0.194991  0.460104
3467 0.187578 0.346562  0.465859
1719 0.610735 0.0642563  0.325009
4300 0.374858 0.350696  0.274445
5003 0.489166 0.217683  0.293151
3663 0.438837 0.358932  0.202232
2410 0.0231051 0.581742  0.395153
17 0.144195 0.1064  0.749404
2486 0.363505 0.370682  0.265813
3026 0.0400015 0.543961  0.416037
2824 0.0236612 0.62692  0.349419
3935 0.296113 0.0628215  0.641065
3817 0.356056 0.251774  0.392169
2423 0.269778 0.471932  0.25829
546 0.324657 0.618123  0.0572202
4098 0.42314 0.395136  0.181723
914 0.381881 0.011606  0.606513
2511 0.211425 0.629697  0.158877
885 0.287637 0.167818  0.544545
3343 0.222968 0.356729  0.420303
2040 0.0895391 0.614611  0.295849
1693 0.450232 0.120059  0.429708
2999 0.209487 0.396009  0.394503
2630 0.153495 0.374904  0.471601
3458 0.345505 0.34259  0.311905
2874 0.147431 0.342668  0.509901
2858 0.363113 0.484473  0.152414
3196 0.124201 0.402941  0.472858
827 0.144424 0.436637  0.418938
348 0.243214 0.226892  0.529894
2236 0.512849 0.271629  0.215522
3865 0.511132 0.391976  0.0968918
1861 0.325372 0.364632  0.309996
4875 0.469366 0.295304  0.235329
1999 0.174226 0.251846  0.573928
3954 0.0912999 0.488432  0.420268
272 0.134311 0.372505  0.493184
4248 0.229961 0.369664  0.400375
125 0.37816 0.600653  0.0211872
2210 0.424813 0.483121  0.0920659
151 0.407985 0.188438  0.403577
2831 0.433754 0.136147  0.430099
1331 0.115617 0.27257  0.611813
2719 0.458535 0.127105  0.41436
3384 0.134568 0.312053  0.55338
345 0.160685 0.581361  0.257954
2070 0.231972 0.569617  0.198411
3466 0.425064 0.355877  0.219059
3483 0.502466 0.230351  0.267183
856 0.561053 0.398003  0.0409437
3447 0.128379 0.619762  0.251859
2411 0.27255 0.194465  0.532986
2215 0.428934 0.315783  0.255283
715 0.336074 0.34627  0.317655
4942 0.404413 0.36327  0.232317
2458 0.211563 0.404409  0.384028
672 0.47793 0.206313  0.315757
2246 0.37974 0.292532  0.327728
2849 0.350969 0.343736  0.305296
3013 0.16229 0.0746005  0.76311
4971 0.308772 0.228372  0.462857
1217 0.306224 0.507183  0.186593
3850 0.510564 0.152594  0.336842
3443 0.360343 0.332074  0.307583
1535 0.331072 0.403084  0.265844
161 0.698018 0.260979  0.0410029
2408 0.420779 0.0605832  0.518637
3480 0.165452 0.27625  0.558298
3166 0.492878 0.288393  0.218729
3863 0.301069 0.325388  0.373542
4319 0.494294 0.382853  0.122853
125 0.410678 0.323011  0.266311
3928 0.23405 0.369279  0.396672
2561 0.605569 0.0424238  0.352007
1372 0.236745 0.0675018  0.695753
1213 0.0941446 0.268305  0.63755
1609 0.522623 0.325641  0.151736
1252 0.487478 0.24246  0.270061
1963 0.212059 0.412925  0.375016
1557 0.155786 0.495153  0.349061
3443 0.317362 0.249742  0.432896
3461 0.230918 0.45694  0.312142
2334 0.381682 0.382309  0.236008
712 0.209455 0.497514  0.293031
1167 0.455101 0.0940066  0.450892
1783 0.389231 0.274711  0.336058
767 0.180932 0.374217  0.444851
4841 0.435565 0.282778  0.281658
4983 0.468188 0.153442  0.37837
1494 0.213428 0.174846  0.611726
4548 0.755409 0.105994  0.138597
866 0.224094 0.394403  0.381504
1183 0.250363 0.526054  0.223583
1697 0.490401 0.213438  0.296161
3823 0.213705 0.28788  0.498415
5119 0.680025 0.185354  0.134621
3974 0.0612662 0.182331  0.756403
2195 0.657149 0.257754  0.0850968
2759 0.0299311 0.656927  0.313142
4124 0.325618 0.388464  0.285918
16 0.369398 0.319751  0.310851
3895 0.446545 0.477888  0.0755669
3975 0.157645 0.248767  0.593589
1299 0.471897 0.183253  0.344851
1488 0.105525 0.383791  0.510684
1279 0.328144 0.118265  0.553591
3992 0.279965 0.101853  0.618182
701 0.444972 0.228475  0.326553
3008 0.675124 0.171413  0.153462
1797 0.122703 0.785611  0.0916866
2488 0.017177 0.554182  0.428641
1622 0.279386 0.659906  0.0607079
2376 0.603004 0.341218  0.0557784
2495 0.130817 0.625234  0.243949
151 0.556384 0.234361  0.209255
1695 0.0354732 0.311054  0.653472
1283 0.317117 0.380945  0.301938
4007 0.375361 0.350342  0.274296
1491 0.787481 0.0178982  0.194621
2187 0.0484326 0.390003  0.561565
3587 0.460321 0.0535497  0.48613
522 0.109957 0.800836  0.0892065
2376 0.37675 0.273077  0.350172
1494 0.587789 0.0150247  0.397186
352 0.358277 0.441249  0.200474
3991 0.161545 0.465602  0.372854
1820 0.199818 0.292866  0.507316
4774 0.0236119 0.258485  0.717903
4786 0.107643 0.628932  0.263424
3430 0.195057 0.418142  0.386801
4750 0.262504 0.373254  0.364242
3533 0.442838 0.16833  0.388832
1488 0.150857 0.283647  0.565495
945 0.21051 0.496749  0.292741
901 0.384914 0.415038  0.200048
2203 0.155625 0.377165  0.467209
349 0.39832 0.123353  0.478327
868 0.815454 0.119149  0.0653975
3018 0.174388 0.307805  0.517808
1693 0.354045 0.218741  0.427214
2471 0.492544 0.0677371  0.439719
3830 0.314223 0.463619  0.222159
529 0.12661 0.538201  0.335189
2624 0.33701 0.277077  0.385914
2375 0.209743 0.653829  0.136427
2519 0.305916 0.197642  0.496442
3990 0.410348 0.131405  0.458248
2467 0.0613108 0.455054  0.483635
156 0.231972 0.459075  0.308953
5115 0.432971 0.252568  0.314461
3484 0.258525 0.362  0.379475
3974 0.36097 0.489624  0.149406
2373 0.52024 0.261794  0.217966
342 0.327085 0.504765  0.168151
3470 0.453569 0.141593  0.404839
2998 0.591941 0.262038  0.146021
3885 0.151591 0.769705  0.0787039
3882 0.480722 0.194256  0.325022
844 0.464129 0.297434  0.238437
4316 0.16125 0.671965  0.166785
2527 0.706019 0.122028  0.171954
1530 0.602373 0.363155  0.0344721
3467 0.384743 0.376385  0.238872
1285 0.0921179 0.268763  0.639119
122 0.51048 0.0529876  0.436533
3891 0.597334 0.124137  0.278528
889 0.750512 0.238658  0.0108303
1615 0.481998 0.420557  0.097445
3008 0.282557 0.430012  0.287431
2241 0.493079 0.458198  0.0487228
2466 0.0343264 0.545435  0.420238
2807 0.527938 0.231407  0.240655
901 0.33409 0.0696024  0.596307
3455 0.412012 0.523218  0.0647702
3991 0.369692 0.420321  0.209987
3603 0.245062 0.268008  0.48693
1535 0.303231 0.169434  0.527335
4706 0.792146 0.00868835  0.199166
3951 0.3026 0.351435  0.345964
3076 0.659562 0.215656  0.124782
2781 0.562365 0.314591  0.123045
3862 0.487864 0.344083  0.168053
2447 0.408585 0.203674  0.387741
3994 0.507748 0.477102  0.0151502
5074 0.326573 0.630538  0.0428891
1547 0.124748 0.72682  0.148432
2102 0.445629 0.319713  0.234658
1834 0.480303 0.0360422  0.483655
1386 0.374434 0.317257  0.308309
1170 0.235424 0.545884  0.218692
3491 0.326623 0.240637  0.43274
482 0.110744 0.565368  0.323887
4207 0.148263 0.431989  0.419748
2196 0.334839 0.362143  0.303018
3488 0.465136 0.429587  0.105276
4761 0.0673251 0.705198  0.227477
898 0.311264 0.320471  0.368265
3939 0.226575 0.424562  0.348863
1824 0.361319 0.055036  0.583645
700 0.188567 0.0660717  0.745361
1494 0.264663 0.314306  0.421031
1942 0.285327 0.278894  0.435779
880 0.177907 0.413955  0.408137
4983 0.286165 0.294107  0.419728
3455 0.16144 0.39491  0.44365
3926 0.364957 0.542996  0.0920471
157 0.160952 0.623592  0.215456
2778 0.711669 0.124669  0.163662
652 0.433249 0.00740327  0.559348
322 0.352966 0.348307  0.298727
1695 0.639536 0.178314  0.18215
1302 0.444079 0.267997  0.287924
2447 0.695413 0.024253  0.280334
1494 0.544409 0.0595871  0.396004
1981 0.362417 0.260589  0.376994
879 0.192937 0.541117  0.265946
1384 0.449173 0.253862  0.296965
3475 0.606333 0.334047  0.0596197
3053 0.411006 0.469345  0.119649
712 0.310271 0.314934  0.374795
146 0.222995 0.247688  0.529317
1036 0.385157 0.357804  0.257039
3551 0.118979 0.863272  0.0177494
1912 0.256558 0.326932  0.416509
742 0.441553 0.108988  0.449459
2929 0.0468377 0.55455  0.398612
886 0.26863 0.309281  0.422089
3319 0.295233 0.381741  0.323026
3528 0.340354 0.226263  0.433383
3455 0.524104 0.415817  0.0600796
3483 0.0675073 0.167247  0.765246
698 0.404829 0.0983864  0.496785
3471 0.443525 0.143235  0.413241
2987 0.561996 0.262902  0.175102
2906 0.0913389 0.103967  0.804694
17 0.324821 0.454858  0.220321
3598 0.331557 0.170056  0.498387
1697 0.468102 0.0437061  0.488192
2905 0.459521 0.162878  0.377601
427 0.326594 0.0572848  0.616122
4223 0.0292077 0.553174  0.417618
4309 0.0317483 0.436427  0.531824
2885 0.200962 0.219669  0.579369
4270 0.380515 0.256913  0.362571
2258 0.0121143 0.568398  0.419488
4773 0.420027 0.333798  0.246174
2379 0.173392 0.505665  0.320943
2841 0.493432 0.224134  0.282435
3440 0.482521 0.439151  0.0783276
3469 0.236741 0.568848  0.194411
1192 0.37426 0.192932  0.432808
2987 0.51548 0.135994  0.348526
3237 0.687286 0.0641502  0.248564
3006 0.105431 0.0969877  0.797581
1836 0.757691 0.161631  0.0806779
675 0.420432 0.352868  0.2267
1331 0.0724386 0.44722  0.480342
2994 0.458983 0.375548  0.165469
3836 0.508386 0.376529  0.115086
890 0.56366 0.396075  0.0402647
2981 0.401062 0.286856  0.312081
3414 0.432419 0.0707775  0.496804
360 0.197265 0.389975  0.41276
2488 0.453094 0.203636  0.343271
153 0.379098 0.295049  0.325853
2630 0.274581 0.351723  0.373696
3575 0.276941 0.572595  0.150463
5041 0.0817005 0.387275  0.531024
1812 0.702346 0.111797  0.185857
2206 0.517032 0.348915  0.134053
3391 0.495179 0.412517  0.0923037
3973 0.348059 0.402378  0.249563
3557 0.0376755 0.465435  0.496889
1118 0.339825 0.448563  0.211612
4858 0.496853 0.482243  0.0209046
743 0.114103 0.445238  0.440659
1820 0.769593 0.158548  0.0718597
3211 0.657062 0.138831  0.204107
703 0.0711241 0.272662  0.656214
2513 0.714662 0.261612  0.0237256
873 0.39701 0.501274  0.101716
59 0.04237 0.119866  0.837764
4569 0.38973 0.276315  0.333955
1364 0.321355 0.577766  0.100879
702 0.250392 0.483472  0.266136
3761 0.320847 0.437524  0.241629
2880 0.348062 0.295571  0.356367
4160 0.202191 0.357999  0.43981
2210 0.454183 0.0469556  0.498861
1363 0.0595987 0.794092  0.146309
4446 0.805971 0.0845588  0.10947
1300 0.406321 0.290052  0.303627
706 0.474468 0.186609  0.338923
3915 0.0891048 0.396739  0.514156
1547 0.39936 0.477972  0.122668
361 0.327191 0.325628  0.347181
833 0.363486 0.211405  0.425109
1821 0.328053 0.479089  0.192857
2203 0.466382 0.42291  0.110708
533 0.7729 0.0325087  0.194592
61 0.333692 0.237618  0.42869
1325 0.347943 0.228569  0.423488
3910 0.39764 0.39791  0.20445
2501 0.333021 0.365815  0.301164
233 0.321136 0.623379  0.0554853
349 0.163876 0.553585  0.282539
1804 0.56689 0.406083  0.0270266
1304 0.147469 0.064666  0.787865
3254 0.332023 0.320818  0.347159
1671 0.219235 0.593751  0.187014
2807 0.575475 0.189103  0.235422
860 0.590995 0.0169371  0.392068
3852 0.306357 0.249325  0.444318
2073 0.251686 0.0939057  0.654409
3825 0.0389697 0.674274  0.286757
1911 0.32417 0.349086  0.326744
123 0.339529 0.160024  0.500447
1765 0.375793 0.117654  0.506553
1341 0.175491 0.338362  0.486147
1710 0.570723 0.250094  0.179183
2009 0.455494 0.28904  0.255466
715 0.106129 0.566149  0.327722
798 0.553627 0.150322  0.296051
542 0.188352 0.418565  0.393083
2265 0.18199 0.785652  0.0323589
3656 0.198601 0.354701  0.446699
3030 0.415981 0.169294  0.414725
908 0.269949 0.20464  0.525411
901 0.0148053 0.587031  0.398164
3531 0.202109 0.0730431  0.724848
908 0.194111 0.311578  0.494311
509 0.118256 0.446007  0.435737
3969 0.274353 0.480944  0.244703
3489 0.122245 0.57984  0.297915
1386 0.279406 0.313117  0.407477
2524 0.224 0.228371  0.547629
4411 0.379131 0.105868  0.515
3469 0.0699447 0.315828  0.614227
1362 0.314198 0.371871  0.313931
4830 0.288193 0.448762  0.263044
2902 0.164919 0.452743  0.382338
3923 0.436861 0.395579  0.16756
3923 0.0240806 0.663177  0.312743
228 0.120231 0.249483  0.630286
3331 0.418754 0.395833  0.185413
2934 0.369083 0.185034  0.445883
1380 0.315052 0.230361  0.454586
3007 0.329768 0.328775  0.341456
3472 0.214793 0.414471  0.370736
664 0.36604 0.483764  0.150196
3629 0.522366 0.099933  0.377701
3881 0.364013 0.28678  0.349207
3464 0.554901 0.208567  0.236532
2120 0.274929 0.0542886  0.670783
1827 0.0305671 0.630146  0.339287
2378 0.0434795 0.524509  0.432012
2665 0.249728 0.0160063  0.734266
1329 0.536423 0.0878988  0.375679
4423 0.308496 0.381545  0.30996
2263 0.407419 0.348901  0.24368
2523 0.620349 0.198621  0.18103
2854 0.16981 0.0467785  0.783411
4132 0.361925 0.304062  0.334013
149 0.65334 0.0578887  0.288771
901 0.596555 0.358985  0.0444601
856 0.478763 0.381413  0.139824
716 0.388423 0.279273  0.332304
702 0.68723 0.144009  0.168761
2249 0.378037 0.190864  0.431099
1820 0.392566 0.0349539  0.57248
1090 0.382517 0.254735  0.362749
1698 0.337087 0.137346  0.525566
2468 0.323599 0.281538  0.394863
3478 0.052439 0.450246  0.497315
2196 0.378011 0.261212  0.360777
3457 0.617366 0.200791  0.181843
2488 0.363872 0.50829  0.127838
3990 0.340236 0.419112  0.240653
3818 0.181976 0.338611  0.479413
3959 0.348555 0.388207  0.263237
3943 0.396319 0.211975  0.391705
3518 0.447475 0.466234  0.0862904
3983 0.453561 0.537181  0.00925806
1551 0.312335 0.0766315  0.611034
4924 0.372355 0.374108  0.253537
2500 0.829919 0.109021  0.0610594
149 0.492443 0.0539797  0.453578
794 0.286851 0.628689  0.0844594
3220 0.458217 0.341454  0.200329
1478 0.627049 0.0385306  0.33442
4850 0.388263 0.335038  0.276699
2030 0.537788 0.365401  0.0968107
810 0.279431 0.173865  0.546705
3820 0.339037 0.172366  0.488597
3524 0.626087 0.10233  0.271584
272 0.692081 0.00839434  0.299525
2882 0.445866 0.408148  0.145986
1220 0.611424 0.300738  0.0878378
3955 0.267624 0.401788  0.330587
183 0.361261 0.524542  0.114198
3921 0.147487 0.232478  0.620035
35 0.338614 0.379257  0.282129
153 0.429888 0.152654  0.417459
2488 0.306486 0.614301  0.0792127
459 0.455229 0.0313816  0.513389
4850 0.366468 0.414049  0.219483
1067 0.546415 0.1486  0.304985
3206 0.394061 0.372442  0.233497
3825 0.266944 0.332923  0.400132
345 0.300907 0.349171  0.349922
3471 0.394111 0.382877  0.223011
249 0.319535 0.187829  0.492636
2483 0.192136 0.442552  0.365312
2460 0.319701 0.601632  0.0786677
2137 0.0324357 0.844942  0.122622
771 0.414978 0.440639  0.144382
856 0.382395 0.344216  0.273389
358 0.315096 0.323632  0.361272
2632 0.132374 0.67827  0.189355
311 0.159889 0.122747  0.717364
2934 0.262089 0.157816  0.580095
2926 0.26034 0.232702  0.506959
3471 0.10023 0.600344  0.299426
2233 0.760438 0.165571  0.0739907
720 0.319576 0.359239  0.321185
717 0.233802 0.470308  0.29589
3288 0.370261 0.232633  0.397106
1492 0.361434 0.357521  0.281045
364 0.430833 0.0295797  0.539587
2825 0.196902 0.384499  0.418599
1544 0.736806 0.160301  0.102893
745 0.156551 0.165175  0.678274
3997 0.492446 0.0696964  0.437858
351 0.188056 0.452739  0.359205
121 0.401616 0.374356  0.224029
2191 0.125354 0.557132  0.317514
3894 0.10627 0.14896  0.74477
3879 0.677759 0.0727989  0.249442
368 0.477407 0.267657  0.254936
702 0.413861 0.312242  0.273897
348 0.171125 0.361026  0.467849
528 0.262317 0.391299  0.346384
4046 0.104018 0.246873  0.649109
3974 0.479113 0.406233  0.114654
2204 0.0390538 0.714949  0.245997
356 0.0818968 0.321214  0.596889
897 0.307905 0.479838  0.212257
3972 0.418484 0.216333  0.365183
4751 0.303659 0.573799  0.122541
3185 0.130475 0.310661  0.558863
2510 0.458962 0.43365  0.107388
3448 0.403771 0.359015  0.237213
4059 0.847084 0.0357819  0.117134
2852 0.273785 0.196034  0.530181
3008 0.248534 0.0768127  0.674653
2685 0.341289 0.239031  0.41968
3439 0.636606 0.166462  0.196932
363 0.0466302 0.651594  0.301776
3136 0.263198 0.108681  0.628121
2494 0.469604 0.181887  0.348509
3819 0.130361 0.161152  0.708487
3022 0.125393 0.410155  0.464452
862 0.561326 0.369607  0.0690669
2473 0.410051 0.340275  0.249674
708 0.302825 0.0764339  0.620741
1829 0.239229 0.464599  0.296172
1798 0.451385 0.150995  0.39762
3440 0.262166 0.338631  0.399203
18 0.300698 0.410664  0.288638
2517 0.149466 0.279831  0.570703
4124 0.551757 0.0797257  0.368517
3926 0.356042 0.115834  0.528125
1492 0.532715 0.273847  0.193438
4940 0.395725 0.430813  0.173462
3853 0.506774 0.436973  0.0562526
3021 0.19236 0.659799  0.147842
2246 0.0553977 0.487324  0.457278
2469 0.329896 0.24545  0.424654
3019 0.547315 0.194875  0.257811
3891 0.442097 0.133946  0.423957
3924 0.672946 0.272853  0.0542009
2250 0.372593 0.463485  0.163922
148 0.161997 0.663931  0.174072
692 0.178927 0.629839  0.191234
1446 0.566958 0.358903  0.0741392
151 0.357622 0.379941  0.262437
3988 0.389888 0.231994  0.378118
358 0.0519717 0.0476838  0.900345
2200 0.443813 0.442068  0.114119
1556 0.507523 0.352856  0.139621
4845 0.314948 0.474951  0.210101
4376 0.398383 0.122924  0.478693
3863 0.0978181 0.213383  0.688799
2869 0.00730127 0.505361  0.487338
1527 0.309566 0.423605  0.266829
3831 0.193081 0.294018  0.512901
923 0.206046 0.446294  0.34766
3643 0.565143 0.373722  0.0611353
1714 0.278058 0.207873  0.51407
1542 0.163284 0.254414  0.582302
806 0.681869 0.271684  0.0464474
703 0.744313 0.104097  0.15159
118 0.332885 0.268565  0.398549
3477 0.436325 0.506046  0.0576287
5001 0.358093 0.372364  0.269542
2205 0.387029 0.493475  0.119496
3846 0.276944 0.360733  0.362323
4656 0.406214 0.430405  0.163381
3233 0.318727 0.324244  0.357029
3063 0.586336 0.403539  0.0101251
3474 0.146298 0.412398  0.441304
610 0.719382 0.0629423  0.217676
2942 0.272445 0.167525  0.56003
703 0.473575 0.112795  0.41363
3995 0.214464 0.44019  0.345346
3830 0.337992 0.0775405  0.584467
3607 0.65454 0.104641  0.240819
5076 0.347542 0.418895  0.233563
3733 0.409667 0.347575  0.242758
2721 0.0384421 0.551073  0.410485
3943 0.092664 0.237812  0.669524
3836 0.192334 0.212245  0.595421
2289 0.242569 0.42064  0.336791
321 0.28943 0.143774  0.566795
3824 0.315518 0.0922076  0.592275
3914 0.648987 0.229716  0.121296
3793 0.105488 0.810696  0.083816
2232 0.226927 0.38567  0.387403
317 0.122527 0.437424  0.440049
4369 0.474205 0.023233  0.502562
3304 0.0777148 0.495102  0.427183
2495 0.452037 0.279235  0.268728
2240 0.669446 0.270798  0.0597558
1675 0.0663472 0.225339  0.708314
1840 0.204638 0.549437  0.245925
3716 0.30917 0.283798  0.407032
2998 0.133805 0.222166  0.64403
3603 0.0571556 0.843181  0.0996632
2480 0.42341 0.26757  0.30902
3014 0.0326141 0.461069  0.506317
3587 0.648593 0.187956  0.163451
1478 0.613033 0.212124  0.174843
2571 0.28514 0.527056  0.187803
1826 0.268438 0.326399  0.405163
2208 0.44646 0.240649  0.31289
3451 0.555983 0.122195  0.321822
5030 0.291368 0.408533  0.300099
480 0.679325 0.0442178  0.276457
5013 0.456676 0.220967  0.322357
2211 0.473428 0.124864  0.401708
3878 0.468538 0.329323  0.202139
1820 0.359928 0.295209  0.344862
2522 0.669513 0.242899  0.0875875
1825 0.320861 0.554185  0.124954
3876 0.229737 0.134185  0.636078
2203 0.194103 0.568299  0.237598
146 0.0209812 0.369342  0.609677
601 0.320581 0.149319  0.5301
1964 0.543032 0.0173004  0.439667
855 0.356977 0.361301  0.281722
1338 0.355211 0.361918  0.282871
1337 0.349111 0.208701  0.442188
3439 0.180587 0.323821  0.495591
2246 0.466451 0.314706  0.218843
3023 0.338524 0.3517  0.309776
469 0.0487863 0.349609  0.601604
4934 0.281695 0.612568  0.105737
3825 0.410411 0.233003  0.356586
3913 0.227157 0.545879  0.226964
2991 0.431745 0.365232  0.203023
61 0.10992 0.605758  0.284322
1700 0.0948525 0.217237  0.68791
1262 0.0454766 0.485301  0.469222
3456 0.111488 0.685903  0.202609
2048 0.382457 0.387234  0.230309
2221 0.0836008 0.308668  0.607731
1817 0.186247 0.0191215  0.794631
317 0.415584 0.379708  0.204708
2396 0.0631269 0.22736  0.709513
2208 0.300419 0.298176  0.401405
2947 0.217449 0.260096  0.522455
363 0.0199845 0.521283  0.458732
890 0.352652 0.29138  0.355968
3452 0.320511 0.388363  0.291125
1403 0.463284 0.106865  0.429851
3442 0.329225 0.305648  0.365127
3955 0.154424 0.633423  0.212153
1559 0.453641 0.210565  0.335794
3917 0.426588 0.101096  0.472315
151 0.151562 0.594361  0.254077
3955 0.0704447 0.501765  0.42779
4751 0.155406 0.64617  0.198424
1630 0.699453 0.137722  0.162825
2735 0.504616 0.15072  0.344664
3453 0.317716 0.180668  0.501615
270 0.35757 0.328993  0.313436
3451 0.22333 0.124885  0.651785
2998 0.122358 0.72074  0.156902
40 0.0804127 0.681431  0.238156
863 0.221178 0.501351  0.277471
3864 0.277898 0.704468  0.017634
3633 0.25532 0.404006  0.340674
881 0.123256 0.716934  0.15981
2495 0.345454 0.307584  0.346962
3883 0.14693 0.504818  0.348252
2504 0.181444 0.106767  0.711789
911 0.138026 0.440182  0.421792
880 0.143576 0.425513  0.430911
2361 0.243039 0.618079  0.138882
260 0.0581416 0.599038  0.342821
699 0.297653 0.502306  0.200041
3482 0.091097 0.24529  0.663613
1833 0.280227 0.692033  0.0277394
1165 0.351259 0.259622  0.389119
5069 0.190454 0.700369  0.109177
706 0.271405 0.413614  0.314981
3004 0.0738827 0.563538  0.36258
3892 0.127311 0.406488  0.466201
3954 0.233832 0.224027  0.542141
3447 0.271719 0.414798  0.313483
3925 0.61902 0.367808  0.0131719
3998 0.0517647 0.242917  0.705318
445 0.5754 0.0365761  0.388024
2993 0.333409 0.0468547  0.619737
4343 0.195193 0.300179  0.504628
3778 0.157087 0.348618  0.494295
1372 0.160065 0.100089  0.739846
3871 0.017211 0.507046  0.475743
3975 0.418353 0.351854  0.229793
4566 0.0310063 0.202388  0.766606
725 0.414218 0.418992  0.166789
3851 0.496315 0.0542306  0.449454
2196 0.533788 0.0949156  0.371297
3951 0.309178 0.407603  0.283219
154 0.264554 0.0183105  0.717135
5069 0.813082 0.139311  0.0476074
2881 0.481961 0.486015  0.0320238
2457 0.332044 0.391503  0.276454
3480 0.46931 0.405278  0.125411
2208 0.284443 0.339541  0.376016
475 0.241434 0.297911  0.460655
227 0.498467 0.437961  0.0635713
3020 0.241392 0.3622  0.396407
2196 0.659062 0.180185  0.160753
3210 0.300925 0.602951  0.096124
2436 0.418221 0.0824321  0.499347
