6437 0.286497 0.380091  0.333412
6780 0.251883 0.329106  0.419011
10482 0.163775 0.428018  0.408207
4453 0.218525 0.321203  0.460272
11625 0.619206 0.165237  0.215557
11600 0.355765 0.110962  0.533274
3879 0.631009 0.191375  0.177616
191 0.289702 0.351005  0.359293
11624 0.138468 0.384016  0.477516
7127 0.312709 0.314176  0.373115
10289 0.296245 0.439259  0.264496
910 0.451566 0.324087  0.224347
1285 0.13671 0.483958  0.379332
5853 0.368307 0.323668  0.308026
8627 0.312444 0.107223  0.580332
8988 0.344681 0.643051  0.012268
4598 0.3952 0.19121  0.41359
11870 0.101503 0.36724  0.531257
7853 0.160241 0.795641  0.0441178
11565 0.213198 0.432717  0.354085
8954 0.145693 0.273163  0.581144
2274 0.205692 0.344547  0.449761
2480 0.057083 0.427841  0.515076
6306 0.374892 0.322077  0.303031
6989 0.183601 0.439551  0.376848
8591 0.517781 0.26266  0.219559
7658 0.431985 0.322543  0.245472
633 0.275623 0.0822158  0.642162
4273 0.311926 0.29034  0.397734
1137 0.479201 0.253607  0.267191
4794 0.0689484 0.357682  0.573369
9434 0.41809 0.12538  0.45653
5964 0.36749 0.215286  0.417223
3756 0.0207601 0.613306  0.365934
1205 0.501956 0.250082  0.247962
3499 0.46783 0.408213  0.123957
6803 0.298111 0.132103  0.569786
1857 0.395866 0.251098  0.353036
3635 0.268952 0.253314  0.477733
8261 0.0103775 0.534635  0.454987
4956 0.529318 0.0298906  0.440791
3063 0.394544 0.206189  0.399267
6284 0.3947 0.311891  0.293409
3746 0.354744 0.237643  0.407613
6280 0.100003 0.289703  0.610294
5090 0.520054 0.0857724  0.394173
6521 0.208428 0.547461  0.244111
7466 0.317804 0.315199  0.366998
11712 0.051875 0.590159  0.357966
1547 0.371138 0.577694  0.0511683
8267 0.305098 0.518291  0.176612
5217 0.328967 0.356295  0.314738
7535 0.286248 0.159515  0.554238
6344 0.570096 0.198659  0.231245
8361 0.34424 0.378715  0.277044
9548 0.445739 0.0416941  0.512567
6644 0.0759643 0.70231  0.221726
4806 0.485038 0.0444677  0.470494
4929 0.378775 0.439975  0.18125
2132 0.127758 0.475616  0.396625
9306 0.375229 0.306636  0.318135
9181 0.581199 0.357209  0.0615913
5287 0.170609 0.727361  0.10203
8879 0.355681 0.102967  0.541351
7632 0.320659 0.336212  0.343129
674 0.249036 0.358864  0.392099
3675 0.0127657 0.361605  0.62563
10460 0.387606 0.2784  0.333994
9662 0.519562 0.260666  0.219772
4315 0.229766 0.195502  0.574732
316 0.542376 0.248406  0.209218
1592 0.307409 0.481656  0.210935
4160 0.380692 0.225269  0.394039
8511 0.720822 0.0882704  0.190908
11392 0.193269 0.4235  0.383231
8968 0.186382 0.588875  0.224743
6089 0.214113 0.32264  0.463248
7155 0.199998 0.309101  0.490901
3691 0.322968 0.363744  0.313288
5310 0.32829 0.579293  0.092417
1632 0.322902 0.335301  0.341797
6648 0.331365 0.383902  0.284732
362 0.657643 0.184174  0.158184
2772 0.429625 0.274336  0.29604
10420 0.708569 0.215971  0.0754596
10320 0.250735 0.347395  0.40187
3141 0.0731174 0.490312  0.43657
9930 0.172084 0.291383  0.536533
7002 0.171954 0.507625  0.320421
11719 0.426556 0.346531  0.226914
2614 0.276707 0.586864  0.136429
8886 0.335151 0.405877  0.258972
8603 0.158133 0.321729  0.520138
6803 0.408522 0.50869  0.0827878
730 0.480659 0.292598  0.226743
10440 0.473373 0.473769  0.0528582
3089 0.250884 0.248594  0.500522
9838 0.298035 0.343332  0.358633
9461 0.231768 0.413194  0.355038
4784 0.25925 0.0760051  0.664745
9855 0.477035 0.474383  0.0485819
3759 0.384751 0.339397  0.275852
6433 0.356587 0.229988  0.413425
8821 0.781645 0.202594  0.0157618
10954 0.229574 0.314777  0.455649
3823 0.82958 0.0361978  0.134222
9859 0.460903 0.351408  0.187689
7851 0.252326 0.704547  0.0431273
3733 0.378113 0.299391  0.322496
6528 0.424868 0.153358  0.421774
3732 0.320483 0.343844  0.335673
12065 0.413316 0.14804  0.438644
5314 0.157832 0.257834  0.584333
11518 0.123052 0.650887  0.226061
6150 0.348616 0.524096  0.127288
6934 0.0861526 0.722436  0.191412
6005 0.577666 0.189777  0.232557
6262 0.25069 0.598849  0.150461
3225 0.43285 0.48327  0.0838801
10680 0.139096 0.0573562  0.803548
5873 0.907011 0.0652259  0.0277635
6347 0.548543 0.258016  0.193441
10963 0.856641 0.03771  0.105649
774 0.360805 0.212982  0.426213
573 0.113524 0.657607  0.228869
240 0.340354 0.230371  0.429275
8264 0.182046 0.350912  0.467042
2828 0.524237 0.460277  0.0154863
7378 0.291284 0.487254  0.221462
6061 0.19731 0.256895  0.545796
6524 0.323724 0.472801  0.203476
10545 0.35491 0.547827  0.0972629
6073 0.128326 0.471101  0.400574
1280 0.334228 0.263801  0.401971
7782 0.529272 0.0621267  0.408601
11387 0.569211 0.0757414  0.355048
252 0.115079 0.421762  0.463159
6508 0.155454 0.679331  0.165215
9849 0.0910626 0.668235  0.240703
3325 0.146641 0.0905191  0.76284
4288 0.388587 0.283451  0.327962
9029 0.0430497 0.136384  0.820566
3241 0.59409 0.0294808  0.376429
11925 0.50294 0.464577  0.0324837
2354 0.349801 0.236856  0.413342
914 0.253548 0.33429  0.412162
1219 0.415295 0.15378  0.430925
11512 0.443689 0.249162  0.307149
2699 0.181945 0.099134  0.718921
4937 0.394952 0.220171  0.384877
1933 0.374521 0.210568  0.414912
150 0.641878 0.274393  0.0837291
9755 0.329488 0.324772  0.34574
4209 0.819553 0.0419417  0.138506
7915 0.324644 0.402734  0.272622
1479 0.267016 0.326364  0.40662
8446 0.240942 0.262306  0.496752
7534 0.337734 0.34497  0.317296
6169 0.119097 0.448467  0.432435
6658 0.072759 0.136116  0.791125
6096 0.485913 0.17983  0.334257
3712 0.411891 0.384601  0.203508
2454 0.514212 0.0132512  0.472537
989 0.674484 0.233914  0.0916017
3208 0.632883 0.110265  0.256852
5224 0.0619834 0.604499  0.333518
7756 0.304176 0.428952  0.266871
8242 0.0410004 0.35981  0.599189
2838 0.16136 0.590397  0.248243
538 0.371944 0.379795  0.248261
4067 0.0418228 0.0879754  0.870202
947 0.335809 0.344154  0.320037
11919 0.346609 0.569623  0.0837683
10146 0.242005 0.0704196  0.687575
1397 0.200534 0.0354523  0.764013
4426 0.311444 0.455817  0.232739
2727 0.401059 0.227477  0.371464
771 0.392733 0.202706  0.404561
8600 0.307318 0.341156  0.351526
4111 0.264599 0.298639  0.436762
857 0.434894 0.504112  0.0609937
1617 0.423215 0.414614  0.162171
3311 0.422053 0.543617  0.0343301
3542 0.335415 0.298686  0.365899
6112 0.826519 0.0967419  0.0767395
1477 0.628701 0.272969  0.0983302
9570 0.05632 0.542054  0.401626
8084 0.200044 0.57471  0.225247
4534 0.529815 0.173231  0.296954
2693 0.43826 0.0831895  0.47855
4721 0.514692 0.147082  0.338226
4334 0.32882 0.416061  0.25512
2922 0.266282 0.0762791  0.657439
10708 0.153879 0.268242  0.57788
8111 0.42935 0.205471  0.365179
664 0.237287 0.264567  0.498146
9314 0.179545 0.293972  0.526483
10987 0.29875 0.441721  0.259529
1489 0.406998 0.292194  0.300808
6582 0.44568 0.366885  0.187434
5718 0.264687 0.334199  0.401114
928 0.446467 0.310317  0.243216
3969 0.49048 0.344434  0.165085
11799 0.541448 0.203547  0.255006
3017 0.520501 0.16189  0.317609
11435 0.570599 0.318263  0.111138
9274 0.435992 0.0378105  0.526198
7736 0.378969 0.340277  0.280754
8579 0.43474 0.449  0.11626
7982 0.480537 0.214666  0.304796
11241 0.230782 0.588469  0.180749
6856 0.315316 0.321294  0.363389
3135 0.335709 0.221625  0.442666
4148 0.207783 0.736984  0.0552329
8116 0.282742 0.30556  0.411698
2268 0.279732 0.338892  0.381376
10807 0.716574 0.0671675  0.216259
2710 0.472292 0.33978  0.187927
6265 0.134009 0.419984  0.446007
7010 0.349243 0.230957  0.419799
5353 0.087036 0.484165  0.428799
3542 0.143007 0.646537  0.210456
6248 0.17272 0.172857  0.654424
4582 0.117692 0.47418  0.408128
3610 0.535485 0.0625443  0.40197
7531 0.587043 0.307734  0.105223
11387 0.0764994 0.419398  0.504103
2559 0.427089 0.266336  0.306575
8430 0.117259 0.669233  0.213508
3422 0.247548 0.195719  0.556734
9434 0.0462347 0.428649  0.525116
1611 0.148219 0.437416  0.414365
9731 0.105379 0.489641  0.40498
9118 0.696722 0.0294604  0.273817
69 0.187894 0.528199  0.283907
7725 0.382449 0.47061  0.146942
9095 0.267808 0.670349  0.0618429
11439 0.177074 0.510276  0.31265
10786 0.426834 0.101806  0.47136
647 0.169883 0.0484135  0.781704
10672 0.428792 0.273247  0.297962
6011 0.281788 0.359027  0.359186
10517 0.0528241 0.243079  0.704096
6275 0.328702 0.452257  0.219041
11555 0.360866 0.173085  0.466049
396 0.654838 0.207349  0.137813
9998 0.088502 0.765931  0.145567
8863 0.401885 0.441912  0.156204
2902 0.517613 0.128202  0.354185
427 0.308978 0.237058  0.453963
9459 0.367519 0.514255  0.118226
2183 0.362497 0.454309  0.183194
7763 0.0393325 0.681374  0.279293
2393 0.34911 0.0572145  0.593676
3021 0.257595 0.421334  0.321071
9464 0.24591 0.196202  0.557889
1915 0.328994 0.324437  0.346569
43 0.16898 0.605439  0.225582
11009 0.544851 0.389691  0.0654585
8801 0.326038 0.354273  0.319689
7460 0.146435 0.418413  0.435151
10354 0.230502 0.651102  0.118396
1185 0.279151 0.242793  0.478056
3311 0.588869 0.365494  0.0456364
2363 0.108215 0.348813  0.542972
3004 0.427193 0.473724  0.0990826
7797 0.410181 0.271882  0.317937
9816 0.289234 0.294508  0.416258
3582 0.416301 0.382607  0.201092
9026 0.134918 0.507265  0.357817
8932 0.223554 0.406827  0.369619
12079 0.416077 0.276301  0.307622
10733 0.484846 0.137227  0.377927
5506 0.821839 0.0870842  0.0910767
10871 0.31203 0.641441  0.0465298
5430 0.388521 0.303003  0.308476
331 0.430508 0.428147  0.141345
9388 0.444357 0.41859  0.137052
5753 0.451019 0.410656  0.138325
10617 0.467291 0.0825522  0.450157
8695 0.174044 0.361094  0.464861
2071 0.175005 0.349322  0.475674
11155 0.318318 0.393002  0.28868
5367 0.454645 0.120879  0.424476
10477 0.496511 0.275024  0.228465
5355 0.533343 0.0417787  0.424878
10979 0.204199 0.587344  0.208457
5051 0.290279 0.399659  0.310062
608 0.428715 0.195442  0.375843
10153 0.309824 0.425548  0.264628
1476 0.511248 0.314707  0.174045
9206 0.147123 0.619296  0.233581
8396 0.15127 0.688032  0.160698
6802 0.699884 0.206998  0.0931185
3242 0.200335 0.446192  0.353473
4502 0.288997 0.362472  0.34853
4699 0.0873313 0.289495  0.623173
2654 0.152286 0.247043  0.600672
4817 0.404098 0.347992  0.24791
6530 0.428013 0.206519  0.365468
10314 0.0805256 0.781282  0.138192
6680 0.385265 0.2093  0.405435
10496 0.481919 0.32805  0.190031
2112 0.503166 0.225511  0.271323
6231 0.441124 0.505511  0.0533651
10485 0.353261 0.281115  0.365624
5307 0.0835388 0.689334  0.227127
3251 0.484822 0.441458  0.0737205
10701 0.465487 0.169282  0.365231
387 0.274029 0.504361  0.221611
5050 0.408173 0.349429  0.242398
9332 0.433593 0.140436  0.425971
455 0.360283 0.279771  0.359946
10058 0.428579 0.186731  0.38469
6908 0.0741068 0.504575  0.421318
4062 0.280536 0.164744  0.55472
11846 0.0102956 0.649762  0.339942
411 0.0831037 0.509543  0.407353
5790 0.287794 0.115815  0.596392
2509 0.161076 0.218399  0.620524
9505 0.346827 0.195235  0.457938
6401 0.614566 0.249693  0.135741
7120 0.468313 0.171736  0.35995
9440 0.341967 0.0891561  0.568877
5930 0.486757 0.360681  0.152562
5532 0.529759 0.23686  0.233381
10560 0.101902 0.278995  0.619103
7739 0.322337 0.599791  0.0778724
7227 0.397405 0.558917  0.0436781
11633 0.049366 0.613441  0.337193
876 0.155879 0.375725  0.468396
6319 0.306221 0.329668  0.364111
1542 0.397918 0.115504  0.486577
2495 0.44441 0.0553869  0.500203
11564 0.164593 0.544161  0.291246
11762 0.181906 0.53282  0.285275
361 0.387191 0.44042  0.172389
9543 0.410844 0.330421  0.258736
9486 0.244353 0.360261  0.395386
10049 0.265194 0.0596783  0.675128
2412 0.302669 0.319936  0.377395
5377 0.296194 0.505042  0.198764
2627 0.55083 0.388015  0.0611552
187 0.180696 0.479962  0.339342
4072 0.136494 0.530162  0.333344
12013 0.298879 0.535953  0.165168
4880 0.159146 0.743233  0.0976214
743 0.257461 0.169571  0.572969
7091 0.505657 0.101701  0.392641
8173 0.316059 0.319315  0.364626
6341 0.660972 0.144139  0.194889
3683 0.605115 0.234591  0.160294
5606 0.36976 0.512644  0.117596
5024 0.319863 0.299096  0.381041
6341 0.483279 0.508761  0.00795975
9887 0.205902 0.590709  0.203389
9497 0.272124 0.103621  0.624255
10488 0.299919 0.380113  0.319968
7939 0.491503 0.281348  0.227149
4490 0.412504 0.440065  0.147431
3527 0.227861 0.546009  0.22613
8959 0.343892 0.384455  0.271654
10776 0.295327 0.358617  0.346056
3692 0.198607 0.38298  0.418413
6486 0.218753 0.163057  0.61819
4692 0.317562 0.559111  0.123327
6919 0.355927 0.395785  0.248288
8161 0.321414 0.409447  0.269139
10601 0.526314 0.282174  0.191512
4129 0.496621 0.461039  0.0423406
9409 0.0352002 0.521496  0.443303
1725 0.333242 0.545324  0.121434
9134 0.577663 0.092539  0.329798
1282 0.410409 0.497649  0.091942
522 0.298282 0.465013  0.236705
11697 0.296939 0.252754  0.450306
11279 0.575678 0.263338  0.160984
9545 0.471322 0.319342  0.209336
10673 0.244243 0.296599  0.459158
4306 0.621417 0.354349  0.0242338
9922 0.491842 0.485724  0.0224347
1222 0.463301 0.37166  0.16504
10310 0.673989 0.122346  0.203665
5593 0.534435 0.322258  0.143306
4383 0.424342 0.334721  0.240937
11962 0.107861 0.777462  0.114677
1995 0.36261 0.372836  0.264554
9141 0.346941 0.377587  0.275471
2922 0.253492 0.266113  0.480395
8146 0.206096 0.19213  0.601774
4610 0.397272 0.158352  0.444376
3567 0.0205307 0.445767  0.533702
615 0.431941 0.147604  0.420454
777 0.485944 0.0623313  0.451725
2839 0.428696 0.326627  0.244677
7794 0.409659 0.09446  0.495881
10608 0.662301 0.0272795  0.310419
11600 0.358878 0.111384  0.529738
11903 0.306473 0.383914  0.309613
9548 0.464092 0.0361162  0.499792
6222 0.235114 0.511191  0.253695
12038 0.122238 0.185424  0.692337
8545 0.342978 0.531421  0.125601
9528 0.231055 0.404759  0.364187
1586 0.323565 0.545386  0.131049
10029 0.0977418 0.499543  0.402715
5123 0.450534 0.0987319  0.450734
61 0.174124 0.449554  0.376323
522 0.472582 0.245227  0.282191
8510 0.190877 0.230598  0.578525
537 0.205418 0.171219  0.623363
9495 0.109386 0.429464  0.46115
707 0.293523 0.162771  0.543707
4417 0.0188057 0.621803  0.359391
3682 0.394347 0.315726  0.289927
3097 0.0159188 0.523255  0.460827
7460 0.119152 0.462367  0.418481
2233 0.367647 0.576118  0.0562345
6284 0.238953 0.432395  0.328652
7413 0.238455 0.367596  0.393949
4289 0.526654 0.23378  0.239566
8176 0.186079 0.616007  0.197913
6989 0.46732 0.323066  0.209613
9664 0.349417 0.350634  0.299949
2919 0.230642 0.163995  0.605362
210 0.152319 0.346308  0.501373
6460 0.527314 0.365789  0.106898
8445 0.448365 0.125095  0.426539
1194 0.0549629 0.480611  0.464426
2342 0.402588 0.170137  0.427275
10569 0.394005 0.285828  0.320166
3451 0.510205 0.299461  0.190334
2670 0.0460061 0.795893  0.158101
9258 0.193314 0.338065  0.46862
338 0.395048 0.421488  0.183463
526 0.276106 0.476539  0.247355
7223 0.287031 0.325052  0.387917
4867 0.482786 0.430015  0.0871992
720 0.0951176 0.445601  0.459281
9928 0.239656 0.379178  0.381165
8115 0.223325 0.18011  0.596565
11101 0.262119 0.475119  0.262762
4142 0.294903 0.336419  0.368678
11651 0.0980235 0.575588  0.326388
10128 0.0790805 0.225809  0.695111
911 0.125085 0.815722  0.0591923
7951 0.0599918 0.0891086  0.8509
4923 0.195523 0.350843  0.453634
276 0.0219588 0.61919  0.358851
8685 0.544596 0.0945801  0.360824
2238 0.226029 0.44059  0.333381
9978 0.406243 0.0412336  0.552523
1049 0.0469364 0.667443  0.285621
9753 0.0297947 0.42044  0.549765
3516 0.319403 0.322733  0.357864
1948 0.343229 0.389241  0.26753
10902 0.42916 0.282613  0.288228
5112 0.481377 0.233086  0.285537
11497 0.333456 0.194885  0.471658
4773 0.664564 0.137449  0.197987
2250 0.0843301 0.443075  0.472595
1416 0.0515805 0.439917  0.508502
2108 0.809814 0.155163  0.0350237
11719 0.515659 0.0908421  0.393499
9911 0.452247 0.328264  0.219489
6768 0.483584 0.133244  0.383173
1866 0.218963 0.283178  0.497859
3577 0.119629 0.365347  0.515024
9753 0.724167 0.0150502  0.260783
11809 0.0696536 0.334978  0.595369
6832 0.133379 0.449653  0.416968
8213 0.752471 0.229945  0.017584
3442 0.364638 0.411873  0.223489
6502 0.241258 0.121001  0.637741
4443 0.539732 0.139793  0.320475
11300 0.216153 0.231846  0.552001
5647 0.452155 0.0398404  0.508004
8764 0.443921 0.406771  0.149309
2613 0.398865 0.56236  0.0387756
489 0.213254 0.404264  0.382482
10527 0.296913 0.492705  0.210383
3323 0.420807 0.223004  0.356189
1062 0.231102 0.440105  0.328793
6022 0.378395 0.386783  0.234821
8926 0.275434 0.523539  0.201028
4928 0.392457 0.434981  0.172562
11141 0.445246 0.380659  0.174095
11764 0.293854 0.0915846  0.614561
4987 0.383051 0.534229  0.0827204
3098 0.32199 0.345156  0.332854
2109 0.379192 0.587121  0.0336868
8377 0.0590142 0.213798  0.727187
10070 0.446761 0.113645  0.439594
9105 0.582447 0.0219901  0.395563
10531 0.0730399 0.34882  0.57814
7444 0.354594 0.429718  0.215688
5389 0.453498 0.0244652  0.522037
5878 0.0951562 0.414088  0.490756
2962 0.402485 0.290239  0.307276
3132 0.398413 0.0855784  0.516009
7217 0.23901 0.563933  0.197057
2494 0.23095 0.368486  0.400563
3328 0.354057 0.231696  0.414247
9001 0.391529 0.497264  0.111207
8595 0.304267 0.138887  0.556846
11430 0.255037 0.241054  0.503909
7862 0.541063 0.396889  0.062048
4325 0.313026 0.383723  0.303252
11898 0.151409 0.147482  0.701109
11005 0.0889408 0.593097  0.317963
9403 0.0618023 0.156664  0.781533
11723 0.231937 0.443233  0.32483
8019 0.507224 0.304967  0.187809
11104 0.22165 0.298644  0.479707
3706 0.408234 0.25066  0.341106
9382 0.365147 0.207481  0.427372
7890 0.519532 0.252621  0.227847
7062 0.102307 0.78048  0.117213
11184 0.407168 0.290571  0.302261
3298 0.429347 0.198385  0.372268
4912 0.411234 0.049314  0.539452
10298 0.420909 0.235771  0.34332
3104 0.474481 0.0525638  0.472955
9790 0.352624 0.291111  0.356265
2971 0.0663444 0.658152  0.275503
4440 0.263008 0.364936  0.372055
8413 0.447908 0.25298  0.299112
4424 0.070167 0.321757  0.608076
5308 0.415661 0.478446  0.105893
725 0.22754 0.294427  0.478033
11983 0.295371 0.057795  0.646834
2940 0.42598 0.197476  0.376543
10010 0.701014 0.21962  0.0793658
7906 0.369222 0.349321  0.281458
420 0.253101 0.0839  0.662999
3545 0.428896 0.184014  0.38709
9388 0.173109 0.169603  0.657288
11856 0.010589 0.526542  0.462869
4945 0.107716 0.65326  0.239024
10602 0.183783 0.0703625  0.745854
9488 0.188327 0.481471  0.330202
8295 0.285179 0.185177  0.529644
3049 0.536733 0.41243  0.0508364
11879 0.342719 0.19521  0.462071
11392 0.10577 0.0146775  0.879552
2453 0.596811 0.1623  0.240889
10146 0.404901 0.319179  0.275921
11820 0.701299 0.129382  0.16932
924 0.394026 0.26498  0.340994
4731 0.213711 0.387292  0.398997
8282 0.47155 0.153052  0.375397
11528 0.315568 0.535641  0.148791
5311 0.365292 0.572717  0.0619914
1827 0.420824 0.15774  0.421436
4211 0.277872 0.133293  0.588835
6604 0.456511 0.431813  0.111676
214 0.21116 0.536548  0.252292
10473 0.431029 0.543694  0.0252763
1 0.445208 0.299949  0.254843
78 0.232945 0.406586  0.360469
63 0.540835 0.132901  0.326264
6387 0.691611 0.0263284  0.28206
4180 0.330327 0.436804  0.232869
5696 0.269677 0.627952  0.102371
734 0.567331 0.276033  0.156636
11749 0.50418 0.22017  0.27565
11251 0.183571 0.368348  0.448081
1184 0.12086 0.392188  0.486952
2405 0.627236 0.249255  0.123509
3696 0.0121868 0.703399  0.284414
4989 0.126101 0.4824  0.391498
3389 0.604593 0.339487  0.05592
5763 0.382711 0.25862  0.358669
9788 0.756597 0.120334  0.123069
7387 0.737334 0.0978645  0.164802
1471 0.57343 0.10512  0.321451
450 0.136018 0.509002  0.35498
7636 0.364911 0.244529  0.39056
3832 0.367296 0.447374  0.18533
284 0.279242 0.483714  0.237044
11221 0.213035 0.575017  0.211947
2152 0.0566858 0.700017  0.243297
2800 0.338778 0.145285  0.515937
11095 0.291592 0.428499  0.279908
10160 0.32787 0.329363  0.342767
1189 0.265281 0.0632258  0.671493
5772 0.118064 0.606707  0.275229
7387 0.12972 0.486385  0.383895
9201 0.793847 0.026677  0.179476
11134 0.43932 0.156425  0.404255
5759 0.430523 0.332093  0.237384
1893 0.208766 0.506533  0.284701
388 0.42732 0.30134  0.27134
1812 0.338686 0.440319  0.220995
4854 0.319799 0.0124879  0.667714
4120 0.422152 0.230658  0.347191
5496 0.22624 0.317362  0.456398
2996 0.334041 0.436855  0.229104
1527 0.327534 0.293921  0.378545
7116 0.0301558 0.494983  0.474861
4235 0.0782655 0.156639  0.765096
8364 0.310035 0.0492416  0.640723
8276 0.556141 0.292308  0.151551
11496 0.180627 0.187127  0.632246
8565 0.224945 0.168438  0.606617
32 0.324942 0.283369  0.391689
5852 0.559568 0.0437169  0.396715
11850 0.33447 0.356421  0.309109
10636 0.495817 0.2359  0.268283
9697 0.300123 0.104456  0.595421
11465 0.332381 0.403259  0.26436
7643 0.29604 0.556877  0.147083
5885 0.392913 0.344178  0.262909
10297 0.189863 0.322916  0.487221
809 0.110094 0.698375  0.191531
5420 0.394008 0.365127  0.240865
5029 0.843767 0.0368011  0.119432
10084 0.0813727 0.466294  0.452333
4263 0.512125 0.104764  0.383111
9553 0.423619 0.245111  0.331271
12035 0.111798 0.304107  0.584095
4504 0.293728 0.340743  0.365529
12024 0.324621 0.259729  0.415649
8083 0.175 0.57817  0.24683
11037 0.238743 0.333458  0.427799
5545 0.359565 0.343106  0.297329
964 0.809117 0.04984  0.141043
8752 0.408591 0.205765  0.385644
5517 0.449045 0.429263  0.121693
3423 0.271728 0.303625  0.424647
7795 0.718772 0.233555  0.0476728
2521 0.563007 0.239651  0.197341
159 0.74992 0.169435  0.0806454
2349 0.82758 0.041929  0.130491
3386 0.267931 0.365062  0.367007
11659 0.30124 0.284773  0.413986
9969 0.281173 0.211755  0.507072
3310 0.536203 0.238893  0.224903
1401 0.299953 0.098517  0.60153
11367 0.268343 0.228689  0.502968
8940 0.282635 0.3866  0.330765
9094 0.353611 0.333833  0.312556
1165 0.350738 0.510869  0.138393
7521 0.151594 0.346291  0.502115
3754 0.470631 0.0799906  0.449379
1537 0.185957 0.249512  0.564531
11007 0.368866 0.30597  0.325164
6006 0.56743 0.154883  0.277687
4270 0.22111 0.385692  0.393198
11582 0.313604 0.242511  0.443885
1638 0.334402 0.29761  0.367989
3710 0.32073 0.352531  0.326739
10976 0.164887 0.61843  0.216683
5823 0.744099 0.210402  0.0454987
3480 0.269462 0.377382  0.353156
9817 0.377363 0.550086  0.0725513
3138 0.297207 0.573637  0.129156
7000 0.218581 0.492022  0.289397
11828 0.510001 0.1627  0.327298
2402 0.116327 0.205673  0.678
7601 0.0810732 0.732893  0.186034
10313 0.31394 0.32573  0.36033
991 0.353614 0.0955023  0.550884
8378 0.30564 0.223159  0.471201
1652 0.366381 0.51073  0.122889
6848 0.396506 0.180333  0.423161
2018 0.213648 0.277372  0.50898
6086 0.500551 0.214644  0.284805
9073 0.255194 0.114967  0.629838
2378 0.492993 0.0659912  0.441016
261 0.210592 0.415592  0.373817
5895 0.436527 0.147322  0.416151
506 0.422619 0.291175  0.286206
2777 0.141304 0.301998  0.556698
2891 0.316716 0.487768  0.195517
2344 0.300485 0.283764  0.415751
11293 0.326162 0.262561  0.411277
10857 0.118074 0.239797  0.642129
5498 0.372455 0.20357  0.423975
10916 0.44453 0.522023  0.0334472
10821 0.267653 0.399598  0.332749
10884 0.590646 0.0872018  0.322152
2536 0.427277 0.517421  0.0553024
1687 0.346057 0.293018  0.360925
1146 0.355189 0.31129  0.333522
2124 0.170491 0.332413  0.497096
10626 0.137042 0.413167  0.449791
7317 0.183756 0.595362  0.220881
9463 0.39604 0.300238  0.303722
5563 0.686338 0.171869  0.141793
919 0.701413 0.109168  0.189419
4958 0.470226 0.423484  0.10629
4646 0.454825 0.38097  0.164205
11430 0.248937 0.394137  0.356926
5923 0.496509 0.260445  0.243046
3598 0.263257 0.543316  0.193427
8495 0.551621 0.291664  0.156715
5633 0.477163 0.122249  0.400587
10634 0.328822 0.1081  0.563079
1228 0.138287 0.494448  0.367265
8991 0.132034 0.387521  0.480446
1603 0.149727 0.42839  0.421883
9922 0.261723 0.379493  0.358784
6245 0.451158 0.420621  0.128221
1886 0.182712 0.392267  0.425022
34 0.282858 0.270742  0.4464
7787 0.183005 0.399703  0.417292
2715 0.449957 0.526744  0.0232982
7604 0.0424061 0.513709  0.443885
4725 0.0152571 0.493326  0.491416
3065 0.28388 0.51638  0.19974
8303 0.0951874 0.358414  0.546398
1556 0.411063 0.16577  0.423167
1403 0.467536 0.506157  0.0263072
12040 0.497185 0.00981395  0.493001
2202 0.303935 0.315724  0.38034
5016 0.45553 0.096758  0.447712
4214 0.364611 0.331962  0.303426
8323 0.495151 0.257948  0.246902
1109 0.090047 0.536506  0.373447
11208 0.453665 0.123793  0.422542
2475 0.34712 0.383353  0.269527
7641 0.57767 0.40356  0.01877
3460 0.501552 0.228055  0.270393
10450 0.146572 0.736952  0.116476
1698 0.58863 0.357069  0.0543019
790 0.505636 0.0936851  0.400679
2190 0.0627075 0.448319  0.488973
4902 0.395752 0.148397  0.455851
9134 0.296863 0.246795  0.456342
4296 0.441764 0.220974  0.337262
10970 0.526495 0.161366  0.312139
1873 0.363221 0.480218  0.15656
7015 0.531887 0.343516  0.124597
44 0.44811 0.120651  0.431239
6606 0.215435 0.0732997  0.711266
1707 0.039679 0.522297  0.438024
643 0.452105 0.126009  0.421886
1871 0.308238 0.39524  0.296522
6398 0.377483 0.449345  0.173172
3065 0.392115 0.508045  0.09984
6893 0.407417 0.26593  0.326652
4693 0.560595 0.0810443  0.358361
4557 0.391634 0.227801  0.380565
10361 0.43698 0.0434984  0.519522
5224 0.360064 0.117468  0.522468
8254 0.413761 0.573897  0.0123419
7697 0.39019 0.0270646  0.582745
8458 0.370256 0.144901  0.484843
2029 0.0675939 0.14644  0.785966
11698 0.458305 0.246946  0.294749
7726 0.472204 0.494271  0.033525
9698 0.353631 0.449092  0.197276
3643 0.323263 0.32422  0.352517
10039 0.51287 0.466699  0.0204301
4267 0.212658 0.577049  0.210293
7013 0.426417 0.309275  0.264307
10220 0.442492 0.28764  0.269868
11929 0.357441 0.213892  0.428666
6777 0.385192 0.591006  0.0238024
6422 0.266365 0.33603  0.397605
9081 0.64677 0.323518  0.0297127
9433 0.388955 0.217381  0.393664
11498 0.307636 0.0489868  0.643377
3059 0.406263 0.236989  0.356748
5186 0.516068 0.146572  0.337361
9065 0.191444 0.628955  0.179601
650 0.253461 0.371818  0.374721
6618 0.62537 0.235545  0.139085
11741 0.0388827 0.557878  0.403239
537 0.114201 0.442669  0.44313
1784 0.223764 0.401204  0.375032
343 0.178108 0.413732  0.408159
4057 0.489956 0.0839231  0.42612
3577 0.188986 0.244089  0.566925
3248 0.333492 0.215239  0.451269
2960 0.500439 0.266031  0.233531
3372 0.221726 0.385441  0.392833
600 0.335122 0.181399  0.483479
2632 0.104737 0.678858  0.216405
6546 0.471123 0.392813  0.136064
3715 0.324082 0.32812  0.347798
12063 0.0205262 0.0512499  0.928224
1665 0.43209 0.511059  0.0568509
10423 0.117601 0.535363  0.347036
11759 0.0310907 0.56578  0.403129
7936 0.255008 0.0537449  0.691247
11986 0.307915 0.348499  0.343586
4132 0.424761 0.308144  0.267095
6230 0.174967 0.75022  0.0748125
1834 0.375403 0.53212  0.0924763
1113 0.307386 0.393111  0.299503
8078 0.304753 0.24864  0.446607
6714 0.300376 0.0948993  0.604725
2644 0.395236 0.165298  0.439466
5757 0.441283 0.32125  0.237467
11750 0.111278 0.512053  0.376669
2916 0.187428 0.784318  0.0282535
7775 0.152512 0.527969  0.319519
8989 0.325633 0.322343  0.352024
2459 0.489652 0.364505  0.145843
1608 0.0140244 0.604352  0.381624
8743 0.244354 0.442317  0.313329
7625 0.18392 0.480334  0.335746
2793 0.581343 0.241926  0.176731
10234 0.322448 0.480581  0.196971
6943 0.10845 0.349827  0.541723
8459 0.446697 0.107194  0.446109
9188 0.357953 0.536609  0.105438
114 0.4565 0.308086  0.235415
2949 0.307092 0.312174  0.380735
6161 0.387055 0.369005  0.243941
1805 0.25965 0.639339  0.101011
3453 0.0829613 0.436281  0.480758
10786 0.0739394 0.694044  0.232017
4790 0.131232 0.545349  0.323419
8911 0.639279 0.280614  0.0801062
4299 0.441623 0.452566  0.105811
7942 0.0369528 0.662857  0.300191
8765 0.450798 0.300438  0.248764
11332 0.378303 0.363265  0.258431
694 0.226377 0.561555  0.212068
296 0.13145 0.352048  0.516502
1269 0.53235 0.315223  0.152428
5881 0.158458 0.438561  0.402981
4055 0.0875451 0.451646  0.460809
6829 0.498404 0.0286921  0.472904
2522 0.335468 0.1965  0.468033
8113 0.272939 0.109232  0.617829
6443 0.287928 0.385384  0.326689
6121 0.381466 0.253019  0.365515
9645 0.689846 0.230282  0.0798722
11898 0.476921 0.376251  0.146828
800 0.166718 0.32055  0.512732
6398 0.19186 0.728332  0.079808
3548 0.337206 0.204542  0.458252
1111 0.348469 0.209455  0.442076
9076 0.320695 0.283302  0.396002
8722 0.391784 0.258633  0.349583
3416 0.267893 0.375109  0.356998
9449 0.44742 0.490734  0.0618461
1415 0.512893 0.39033  0.0967766
6614 0.512533 0.026869  0.460598
2183 0.16054 0.774913  0.0645466
469 0.486219 0.240486  0.273295
8582 0.193832 0.372304  0.433864
4400 0.403291 0.385427  0.211283
4142 0.526712 0.226163  0.247125
12035 0.401249 0.270643  0.328107
11067 0.667465 0.0189648  0.31357
8478 0.349923 0.159929  0.490148
6181 0.379779 0.271437  0.348784
11197 0.46177 0.448406  0.0898242
123 0.431475 0.428825  0.1397
4044 0.128979 0.560325  0.310695
10886 0.232082 0.514302  0.253616
7314 0.383296 0.378501  0.238203
6742 0.292786 0.158907  0.548307
2469 0.430365 0.300656  0.268979
7231 0.338388 0.153634  0.507978
11775 0.288866 0.508276  0.202858
666 0.333127 0.287693  0.37918
2182 0.282789 0.341772  0.375438
2427 0.280482 0.457787  0.261732
7055 0.361307 0.536424  0.10227
8372 0.509833 0.185441  0.304726
6875 0.349589 0.118845  0.531566
7025 0.223379 0.441639  0.334981
6014 0.261767 0.353082  0.385151
6434 0.240293 0.204006  0.555701
11110 0.711826 0.260973  0.0272007
3761 0.258334 0.0351804  0.706485
6086 0.530511 0.383963  0.0855254
7554 0.408463 0.112319  0.479219
1856 0.470672 0.0316915  0.497637
3428 0.113282 0.173584  0.713134
10454 0.395001 0.460042  0.144958
6293 0.115897 0.431174  0.452929
6704 0.587525 0.20394  0.208534
4072 0.25737 0.611708  0.130921
11316 0.146986 0.333435  0.51958
6992 0.376614 0.262768  0.360619
9464 0.442236 0.511543  0.0462211
567 0.077457 0.481254  0.441289
5494 0.392951 0.0730877  0.533961
10309 0.131983 0.238024  0.629993
11502 0.253403 0.575475  0.171122
12075 0.306383 0.422001  0.271615
2897 0.657328 0.073947  0.268724
3572 0.295184 0.357661  0.347155
10179 0.050669 0.313197  0.636134
1497 0.540633 0.0691381  0.390229
6154 0.401027 0.0857569  0.513216
896 0.610493 0.200259  0.189248
3115 0.546286 0.296499  0.157215
344 0.567001 0.156852  0.276147
4105 0.0257752 0.791528  0.182697
6899 0.444879 0.0722891  0.482832
5145 0.0942964 0.651225  0.254478
2771 0.407433 0.493085  0.0994813
9824 0.455186 0.371721  0.173093
9572 0.32923 0.349449  0.321321
10327 0.611809 0.310014  0.0781773
11236 0.200904 0.37724  0.421856
8629 0.102332 0.450816  0.446852
2924 0.323385 0.358865  0.317751
11692 0.145661 0.506158  0.348181
6919 0.400521 0.324303  0.275176
2029 0.848748 0.119113  0.0321396
4631 0.959937 0.0208238  0.0192391
9157 0.531326 0.0737719  0.394902
5375 0.420204 0.165405  0.414391
4139 0.0454122 0.676804  0.277783
1933 0.295623 0.368914  0.335463
9440 0.505717 0.296193  0.198091
11945 0.411542 0.172506  0.415952
616 0.321831 0.3515  0.326669
3463 0.3869 0.53293  0.08017
6661 0.361658 0.205199  0.433143
5708 0.631988 0.0563493  0.311663
1482 0.223151 0.337479  0.43937
6427 0.159608 0.412978  0.427413
2967 0.310633 0.179028  0.510339
7312 0.419078 0.0558701  0.525052
8803 0.211613 0.366368  0.422019
8180 0.284591 0.263817  0.451593
11292 0.247552 0.514943  0.237505
8049 0.381777 0.357856  0.260368
11796 0.488283 0.301407  0.210309
3319 0.511262 0.317605  0.171133
11885 0.364103 0.146175  0.489722
7818 0.178978 0.6734  0.147622
7288 0.35602 0.383818  0.260163
5086 0.152304 0.153063  0.694633
5435 0.444152 0.0798941  0.475954
5022 0.293 0.44269  0.264311
5657 0.286015 0.373919  0.340066
9409 0.304874 0.269287  0.425839
4313 0.280792 0.444768  0.27444
8868 0.303842 0.686144  0.0100144
2636 0.237085 0.42497  0.337946
10558 0.0519236 0.373072  0.575005
2349 0.81518 0.0265845  0.158236
8831 0.234081 0.384404  0.381515
3797 0.469307 0.0488738  0.481819
6370 0.277652 0.390978  0.33137
3025 0.117163 0.304819  0.578018
3142 0.0840288 0.682724  0.233248
3953 0.387254 0.585303  0.0274433
7007 0.36297 0.358068  0.278963
6273 0.0158851 0.466628  0.517487
2588 0.133797 0.728654  0.137549
2085 0.417827 0.293617  0.288556
4761 0.0245043 0.611589  0.363907
1484 0.168003 0.378886  0.453111
5000 0.405522 0.304719  0.289759
7451 0.239102 0.357005  0.403892
11932 0.271293 0.171289  0.557418
8529 0.301889 0.227909  0.470202
1639 0.0214353 0.311518  0.667046
4382 0.210096 0.503255  0.286649
7201 0.0383754 0.0965873  0.865037
2055 0.396396 0.321215  0.282389
1392 0.103236 0.751372  0.145392
6083 0.522848 0.2697  0.207453
569 0.180138 0.42054  0.399322
8751 0.668733 0.123175  0.208093
6777 0.716086 0.0957311  0.188183
256 0.480763 0.209133  0.310105
3180 0.364116 0.360589  0.275295
15 0.173823 0.714945  0.111232
8092 0.138683 0.355888  0.505429
8911 0.552715 0.115516  0.331769
9256 0.552364 0.0210924  0.426544
10714 0.413342 0.379961  0.206697
5870 0.483703 0.117995  0.398302
148 0.128225 0.513863  0.357912
11582 0.265562 0.630561  0.103878
2954 0.50373 0.153704  0.342566
4605 0.822559 0.0316981  0.145743
10417 0.224184 0.406306  0.36951
8895 0.0874215 0.852747  0.0598314
7851 0.162184 0.10085  0.736966
2188 0.0234314 0.339506  0.637062
4064 0.0445943 0.328521  0.626884
5728 0.120776 0.452235  0.426989
9518 0.105334 0.72806  0.166606
10340 0.546043 0.329883  0.124074
6590 0.444563 0.239831  0.315606
6315 0.482929 0.0669739  0.450098
2697 0.601934 0.144853  0.253213
4690 0.381945 0.209447  0.408608
4550 0.274747 0.474602  0.250651
10061 0.042149 0.0611841  0.896667
9810 0.557977 0.0766413  0.365382
1937 0.500097 0.26192  0.237983
11587 0.210054 0.253129  0.536817
2070 0.215944 0.414573  0.369484
5265 0.417564 0.204004  0.378432
10407 0.442069 0.026037  0.531894
5542 0.436864 0.181669  0.381467
4988 0.29895 0.416567  0.284483
6818 0.397093 0.216539  0.386368
10122 0.48323 0.450913  0.0658568
8097 0.265548 0.670562  0.0638904
4284 0.345688 0.514261  0.140051
3676 0.409783 0.242256  0.347962
7567 0.577984 0.338687  0.083329
4875 0.334389 0.204309  0.461302
4267 0.0650104 0.430039  0.50495
286 0.376852 0.422088  0.20106
8184 0.41638 0.141239  0.442381
10482 0.335994 0.0833123  0.580693
10061 0.572918 0.159132  0.26795
11308 0.263559 0.559352  0.177089
8658 0.357393 0.616822  0.0257845
4376 0.0878177 0.41853  0.493652
1197 0.4266 0.378771  0.194629
11862 0.417163 0.111319  0.471518
3740 0.460778 0.437071  0.102151
567 0.504512 0.282257  0.213231
5385 0.222573 0.0699644  0.707463
741 0.359435 0.522309  0.118256
6670 0.378992 0.0480996  0.572908
7380 0.505067 0.338714  0.156219
937 0.353267 0.291708  0.355026
3596 0.623238 0.259405  0.117357
9193 0.321379 0.219796  0.458825
11587 0.415733 0.261616  0.322652
6395 0.166043 0.293564  0.540394
369 0.640751 0.181192  0.178057
9607 0.428365 0.194167  0.377469
7533 0.299732 0.424912  0.275356
9229 0.513644 0.343107  0.143249
7230 0.104794 0.52745  0.367757
5459 0.444584 0.143795  0.411622
364 0.34507 0.286404  0.368526
9128 0.0624423 0.417733  0.519825
3480 0.293332 0.467822  0.238846
10065 0.951432 0.0360431  0.012525
1744 0.0428965 0.337464  0.619639
7448 0.352602 0.362285  0.285113
10468 0.398305 0.289841  0.311854
6913 0.254736 0.465411  0.279853
864 0.0466874 0.829942  0.12337
3696 0.316627 0.411235  0.272138
4572 0.226097 0.193556  0.580347
9673 0.372959 0.202516  0.424525
6768 0.214311 0.439225  0.346464
7430 0.0909632 0.438095  0.470942
8513 0.426942 0.320678  0.252381
8414 0.463894 0.272918  0.263188
6512 0.148084 0.110532  0.741384
10196 0.504077 0.335066  0.160857
5577 0.392131 0.0426397  0.565229
2766 0.64971 0.33039  0.0199
1846 0.249277 0.225122  0.525601
6827 0.215686 0.190851  0.593463
6250 0.440841 0.413841  0.145318
7673 0.407861 0.275339  0.316801
10812 0.338091 0.28489  0.377019
4232 0.423765 0.182203  0.394032
3254 0.105393 0.623929  0.270678
1952 0.472124 0.0387479  0.489128
9164 0.274031 0.464886  0.261083
11985 0.237608 0.523842  0.238549
2535 0.0762811 0.311096  0.612623
10489 0.0333657 0.0866026  0.880032
7677 0.155778 0.418078  0.426144
805 0.165803 0.522263  0.311934
8770 0.22646 0.527551  0.24599
11193 0.495388 0.191368  0.313243
3168 0.469935 0.0312668  0.498798
9871 0.149668 0.15178  0.698551
10435 0.321757 0.156478  0.521766
11461 0.0287801 0.411824  0.559396
5854 0.353403 0.376331  0.270266
3254 0.374476 0.409874  0.21565
9518 0.0603468 0.696164  0.243489
4158 0.338938 0.100414  0.560648
7416 0.429389 0.431238  0.139372
7642 0.328484 0.2698  0.401716
11205 0.321062 0.490458  0.18848
6652 0.380166 0.394204  0.22563
2061 0.157129 0.465897  0.376974
11702 0.315031 0.591183  0.0937862
1807 0.17833 0.0556642  0.766006
9532 0.524311 0.438807  0.0368822
5303 0.557741 0.277972  0.164287
10288 0.344703 0.269635  0.385661
5830 0.635487 0.222462  0.142051
6803 0.726155 0.219587  0.0542582
3385 0.0947348 0.360713  0.544553
7800 0.0981483 0.520959  0.380892
1726 0.442053 0.358577  0.19937
4201 0.590231 0.156314  0.253455
4558 0.49527 0.246719  0.258011
2916 0.265337 0.537392  0.197271
11396 0.472376 0.393872  0.133752
8698 0.27732 0.454085  0.268595
10754 0.256803 0.329404  0.413793
9983 0.234021 0.397319  0.36866
3953 0.346599 0.387472  0.265929
1471 0.146209 0.479731  0.37406
136 0.377524 0.230611  0.391865
6613 0.199705 0.262813  0.537482
8385 0.424822 0.0910539  0.484124
3522 0.0815075 0.628638  0.289855
1414 0.303381 0.504882  0.191737
8627 0.128951 0.423388  0.447661
5486 0.390924 0.378155  0.230921
6245 0.458554 0.370023  0.171423
3637 0.589304 0.248911  0.161785
4378 0.435099 0.278965  0.285937
4856 0.246102 0.480859  0.273039
5841 0.27106 0.569554  0.159386
6740 0.745229 0.183353  0.0714171
7373 0.232861 0.164748  0.602391
1048 0.446597 0.301129  0.252274
7132 0.0497138 0.536831  0.413455
11758 0.297848 0.523647  0.178504
1350 0.242841 0.294493  0.462666
2613 0.0295217 0.253208  0.71727
8051 0.734144 0.131111  0.134745
7481 0.369383 0.129529  0.501088
5379 0.0817196 0.497661  0.420619
6521 0.726152 0.124311  0.149537
6989 0.28561 0.444236  0.270153
639 0.37484 0.384791  0.240369
4593 0.239111 0.499921  0.260968
5545 0.658944 0.0736654  0.267391
3924 0.272594 0.608234  0.119172
6865 0.0793827 0.843211  0.0774063
1226 0.120192 0.141249  0.738559
6358 0.307747 0.285413  0.40684
3825 0.0743567 0.478039  0.447604
6840 0.212412 0.40159  0.385999
2679 0.112017 0.606344  0.281638
4858 0.217073 0.323526  0.459401
1555 0.254766 0.117937  0.627297
9929 0.519724 0.159052  0.321224
9807 0.537214 0.078014  0.384772
1128 0.404996 0.155181  0.439823
11430 0.0569612 0.408558  0.534481
4722 0.0343133 0.627528  0.338159
10849 0.301475 0.409965  0.28856
5594 0.34889 0.35681  0.294301
4287 0.305203 0.314867  0.37993
7327 0.514623 0.260997  0.22438
3438 0.240118 0.316336  0.443546
3514 0.252704 0.241393  0.505903
4458 0.121476 0.520757  0.357768
1084 0.0870974 0.0519864  0.860916
6244 0.325803 0.155501  0.518697
5811 0.301629 0.435489  0.262882
7439 0.104337 0.604569  0.291095
492 0.252137 0.456779  0.291085
2166 0.47871 0.0674745  0.453816
1276 0.239061 0.387934  0.373004
2560 0.587935 0.142623  0.269442
1572 0.325045 0.138936  0.536019
2952 0.0133223 0.481383  0.505295
5217 0.12761 0.32429  0.5481
11518 0.264067 0.278804  0.457129
7788 0.253733 0.601865  0.144402
11651 0.49891 0.247073  0.254016
1515 0.25773 0.375741  0.366528
4409 0.346558 0.225257  0.428185
11190 0.648172 0.231424  0.120404
3371 0.444861 0.476709  0.0784306
2337 0.323742 0.176909  0.499348
1986 0.135798 0.297321  0.566881
255 0.429488 0.0952315  0.47528
2755 0.18389 0.240856  0.575255
5900 0.16295 0.424861  0.41219
317 0.148264 0.440082  0.411653
3453 0.421821 0.277921  0.300258
4881 0.319169 0.382779  0.298052
9461 0.329231 0.581943  0.0888268
7185 0.0198547 0.639195  0.340951
2749 0.399704 0.522987  0.077309
7477 0.353608 0.355293  0.291098
7158 0.19919 0.476505  0.324304
5180 0.0741053 0.468374  0.457521
10097 0.621882 0.207525  0.170594
4848 0.275707 0.536704  0.18759
7223 0.0320655 0.494398  0.473536
12076 0.499901 0.280245  0.219853
2780 0.539303 0.27047  0.190227
10352 0.206217 0.187613  0.606169
12072 0.0104863 0.460353  0.529161
402 0.494648 0.361108  0.144244
6669 0.0891111 0.325843  0.585046
11803 0.373161 0.183651  0.443188
2753 0.400806 0.126619  0.472576
112 0.47947 0.447578  0.072952
11711 0.259237 0.679798  0.0609649
7251 0.230528 0.301964  0.467508
1774 0.605905 0.0675165  0.326578
4126 0.737686 0.168084  0.0942304
6665 0.200142 0.257845  0.542013
6502 0.28956 0.135428  0.575012
2118 0.424021 0.0309364  0.545042
8019 0.230424 0.740586  0.0289901
6772 0.0531316 0.550307  0.396561
5098 0.19831 0.426515  0.375174
4056 0.304643 0.24704  0.448317
2823 0.448867 0.0522197  0.498913
11175 0.445324 0.268515  0.286161
6454 0.0773322 0.451019  0.471649
