4514 0.289689 0.517687  0.192624
5632 0.450244 0.221264  0.328493
5184 0.532902 0.154152  0.312946
3557 0.46515 0.409351  0.1255
6183 0.338908 0.109965  0.551127
943 0.135087 0.430787  0.434126
7463 0.124575 0.435006  0.440419
5838 0.528175 0.123844  0.347981
637 0.346725 0.396875  0.2564
238 0.213405 0.441674  0.344921
6555 0.436739 0.443765  0.119496
6152 0.364843 0.315294  0.319862
590 0.0386331 0.686018  0.275349
5815 0.245759 0.285381  0.46886
5662 0.568112 0.0473799  0.384508
5063 0.348283 0.636193  0.0155247
1095 0.0702554 0.355054  0.574691
8442 0.368858 0.376604  0.254538
4124 0.450237 0.0690527  0.480711
9969 0.0742032 0.48417  0.441627
2594 0.379261 0.489828  0.130911
9149 0.0542825 0.210036  0.735682
8797 0.570352 0.186538  0.24311
1615 0.374776 0.242941  0.382283
3054 0.557655 0.00726224  0.435083
2716 0.254989 0.597665  0.147346
233 0.30376 0.325853  0.370387
3561 0.341578 0.0221063  0.636316
838 0.146513 0.541767  0.31172
1723 0.2498 0.452047  0.298153
4730 0.381097 0.436912  0.181991
6128 0.517328 0.120868  0.361804
2060 0.221989 0.289549  0.488462
6867 0.265516 0.372272  0.362212
2565 0.200372 0.382166  0.417462
2198 0.137442 0.575126  0.287431
226 0.266918 0.560572  0.17251
167 0.148187 0.30889  0.542923
2222 0.0601958 0.700683  0.239121
4814 0.498051 0.455678  0.0462708
3655 0.522525 0.0513045  0.42617
1064 0.525457 0.424106  0.0504369
8313 0.430091 0.0430798  0.526829
4321 0.139224 0.236111  0.624664
8420 0.379459 0.291617  0.328923
8699 0.526173 0.0224133  0.451414
2932 0.378586 0.607491  0.0139233
2087 0.174256 0.503134  0.322609
4068 0.463655 0.0772363  0.459109
3674 0.698746 0.0684721  0.232782
4427 0.912344 0.0621303  0.0255253
2482 0.385429 0.374014  0.240557
3319 0.267019 0.387582  0.345398
5185 0.379383 0.457266  0.163352
5140 0.406704 0.174176  0.41912
7486 0.488848 0.317651  0.193501
3993 0.128904 0.538546  0.33255
8920 0.217162 0.122791  0.660048
4921 0.368535 0.425561  0.205905
7910 0.425591 0.402087  0.172322
3621 0.639027 0.329173  0.0317995
226 0.471835 0.290106  0.238058
5228 0.41094 0.0979608  0.491099
1382 0.200171 0.417344  0.382485
1482 0.249288 0.408365  0.342347
3048 0.198196 0.0382499  0.763554
8544 0.303541 0.504465  0.191994
6932 0.52978 0.253754  0.216466
4740 0.565864 0.137422  0.296714
706 0.10895 0.673515  0.217535
1582 0.460948 0.282933  0.25612
1679 0.634228 0.0956043  0.270168
8269 0.322147 0.305393  0.37246
4913 0.352544 0.240124  0.407332
781 0.0912252 0.43969  0.469085
1892 0.236096 0.392044  0.371859
8482 0.21348 0.150607  0.635913
833 0.232912 0.337218  0.42987
5894 0.558551 0.248064  0.193385
1209 0.106886 0.615041  0.278073
6256 0.752952 0.127252  0.119796
7010 0.344003 0.37356  0.282438
4885 0.351509 0.326055  0.322436
3638 0.0434224 0.309294  0.647284
5214 0.344706 0.546714  0.10858
2980 0.428561 0.0852958  0.486143
7669 0.411929 0.263718  0.324353
6701 0.217132 0.344357  0.438512
5225 0.330233 0.1164  0.553366
9859 0.203103 0.496101  0.300796
1185 0.0187537 0.511603  0.469644
9888 0.470099 0.264408  0.265493
1160 0.14323 0.417487  0.439283
7082 0.383337 0.274671  0.341992
5865 0.425025 0.273197  0.301777
6356 0.527514 0.272156  0.200331
2111 0.645637 0.0457041  0.308659
5217 0.10647 0.277977  0.615552
2243 0.327613 0.0550953  0.617292
2258 0.190202 0.423606  0.386192
7979 0.392432 0.225106  0.382462
1060 0.618134 0.0267304  0.355136
2104 0.0603531 0.500828  0.438819
758 0.533111 0.0899231  0.376966
1961 0.528521 0.319316  0.152163
6931 0.305471 0.349817  0.344713
6444 0.436905 0.26723  0.295865
2719 0.226427 0.675704  0.0978689
9017 0.529213 0.0892356  0.381552
7996 0.414997 0.0864035  0.498599
3364 0.0769786 0.625855  0.297167
1128 0.461438 0.233293  0.305269
8941 0.334435 0.180633  0.484932
6604 0.462791 0.361175  0.176034
9913 0.471305 0.191647  0.337048
6447 0.169578 0.506557  0.323865
4913 0.312344 0.342745  0.344911
7085 0.356979 0.264204  0.378817
5866 0.246727 0.616541  0.136732
2431 0.280171 0.454311  0.265519
1007 0.345999 0.34689  0.307111
6977 0.440054 0.0499411  0.510005
3035 0.259277 0.389331  0.351392
3206 0.203339 0.38399  0.41267
7638 0.273962 0.335246  0.390792
8522 0.0496955 0.210472  0.739833
6539 0.48307 0.135543  0.381387
2972 0.377388 0.270638  0.351973
1993 0.502753 0.363488  0.13376
3902 0.221155 0.286843  0.492002
47 0.0912969 0.565853  0.342851
8395 0.185822 0.5857  0.228478
4816 0.280512 0.241886  0.477602
3079 0.453336 0.141538  0.405127
7596 0.683002 0.223217  0.093781
7567 0.419689 0.244829  0.335481
9933 0.292561 0.314938  0.392501
2103 0.171652 0.371535  0.456813
8346 0.428926 0.097344  0.47373
492 0.49485 0.397136  0.108014
153 0.046605 0.457639  0.495756
6424 0.482658 0.138746  0.378597
8469 0.305171 0.342314  0.352515
85 0.408736 0.188677  0.402587
1244 0.135315 0.273589  0.591096
974 0.470435 0.30077  0.228795
4477 0.315507 0.292194  0.3923
6656 0.431846 0.502854  0.0653001
4959 0.422589 0.439861  0.13755
7148 0.041986 0.587079  0.370935
75 0.406717 0.204887  0.388396
6116 0.198045 0.455025  0.34693
2203 0.00702118 0.339595  0.653384
4608 0.511297 0.062848  0.425855
8362 0.618564 0.0229847  0.358451
8683 0.295121 0.368739  0.336139
8342 0.458675 0.418682  0.122644
760 0.418716 0.242938  0.338345
5560 0.304399 0.606211  0.0893907
8852 0.149627 0.325289  0.525084
5479 0.316136 0.352143  0.331721
1585 0.492639 0.401035  0.106326
3233 0.258842 0.492278  0.24888
4869 0.580068 0.272345  0.147587
4802 0.480755 0.0198602  0.499385
4726 0.100734 0.395479  0.503787
7296 0.389413 0.255079  0.355508
2647 0.622824 0.238639  0.138537
3130 0.448521 0.413756  0.137723
8016 0.503229 0.226307  0.270464
6665 0.279843 0.348064  0.372093
60 0.464938 0.223765  0.311297
831 0.247483 0.35934  0.393177
3182 0.487994 0.28439  0.227615
6725 0.0939503 0.812284  0.0937654
8039 0.33515 0.211503  0.453347
7261 0.330036 0.403393  0.266571
2110 0.595847 0.311236  0.0929166
4168 0.361058 0.355062  0.28388
5146 0.376698 0.44298  0.180323
1885 0.0524735 0.447474  0.500052
459 0.267608 0.333352  0.39904
9376 0.155934 0.438543  0.405523
9836 0.214811 0.409425  0.375763
4944 0.456617 0.391341  0.152043
413 0.295222 0.30129  0.403488
6571 0.244917 0.402309  0.352775
4917 0.331364 0.0851341  0.583502
6564 0.300208 0.585183  0.114608
2610 0.498593 0.13166  0.369747
7048 0.181139 0.298052  0.520809
819 0.418048 0.201428  0.380524
1413 0.318637 0.428883  0.25248
5506 0.19387 0.664181  0.141948
7365 0.21873 0.409429  0.371841
2293 0.224695 0.384149  0.391156
706 0.400127 0.424494  0.175378
2930 0.341193 0.295631  0.363176
2988 0.0756557 0.43718  0.487164
2616 0.43585 0.0573391  0.506811
7136 0.0276613 0.166359  0.805979
8424 0.180027 0.247764  0.572209
6225 0.416428 0.281022  0.30255
1591 0.0760251 0.34292  0.581055
7847 0.51914 0.291926  0.188934
678 0.559246 0.345412  0.0953422
2865 0.171526 0.594509  0.233965
1591 0.145139 0.221605  0.633256
4776 0.185119 0.337647  0.477234
8413 0.265694 0.540974  0.193332
939 0.616605 0.181351  0.202044
1104 0.594728 0.0561528  0.349119
3521 0.183255 0.42093  0.395815
3875 0.105452 0.396577  0.497972
593 0.554768 0.311602  0.13363
8131 0.713212 0.0610021  0.225786
7837 0.0864231 0.285656  0.627921
8587 0.288457 0.26242  0.449123
5480 0.296644 0.231064  0.472292
1741 0.112876 0.404666  0.482458
1511 0.400416 0.280267  0.319317
370 0.30095 0.313398  0.385652
9109 0.37975 0.274711  0.345539
6464 0.555323 0.398055  0.0466215
579 0.37646 0.27526  0.348281
1012 0.421036 0.40747  0.171494
8380 0.268705 0.55721  0.174084
6047 0.0888664 0.741558  0.169576
5054 0.382792 0.290771  0.326437
6466 0.780227 0.0150846  0.204688
7148 0.274661 0.22613  0.499209
4330 0.305499 0.0832456  0.611256
8378 0.259885 0.562224  0.177891
5138 0.44307 0.506941  0.0499892
5288 0.359133 0.284674  0.356193
3175 0.403795 0.397731  0.198474
3251 0.331466 0.31295  0.355584
8004 0.386656 0.428421  0.184923
83 0.460491 0.232889  0.30662
3833 0.524067 0.40587  0.0700634
2162 0.159045 0.44163  0.399325
7662 0.407426 0.31287  0.279704
1477 0.174769 0.407225  0.418006
4055 0.398836 0.018104  0.58306
7508 0.393944 0.160643  0.445414
8700 0.0982773 0.227003  0.67472
4116 0.193735 0.404992  0.401272
3361 0.309004 0.56043  0.130565
216 0.38944 0.475205  0.135355
4573 0.501739 0.151914  0.346346
422 0.268582 0.463155  0.268262
2899 0.375473 0.235174  0.389352
6451 0.47596 0.043722  0.480318
7649 0.114532 0.318355  0.567113
1188 0.171386 0.610515  0.218099
8672 0.298392 0.0915134  0.610095
3241 0.375799 0.44434  0.179861
3493 0.374791 0.224923  0.400286
1213 0.0606166 0.693494  0.245889
8667 0.327148 0.35377  0.319082
112 0.167023 0.282567  0.55041
8655 0.586608 0.093037  0.320355
1200 0.560329 0.358993  0.0806783
7171 0.804102 0.14073  0.0551689
2931 0.540408 0.132344  0.327247
1193 0.233194 0.438384  0.328422
2729 0.375292 0.225722  0.398987
3051 0.596133 0.0929042  0.310962
1151 0.284289 0.24896  0.466752
5923 0.377345 0.0534398  0.569215
5974 0.422351 0.034587  0.543063
9774 0.0760875 0.40535  0.518562
6685 0.164161 0.687254  0.148585
9320 0.425558 0.262889  0.311553
5569 0.243257 0.618951  0.137792
7724 0.563538 0.326676  0.109786
8781 0.353029 0.241523  0.405448
1756 0.130035 0.381844  0.488121
3847 0.291189 0.293882  0.414929
5579 0.526272 0.321231  0.152497
8486 0.176853 0.493414  0.329733
5153 0.340572 0.438379  0.221049
692 0.356067 0.163642  0.480291
9556 0.157755 0.496818  0.345427
6597 0.197291 0.301836  0.500873
1609 0.487573 0.256326  0.256101
2202 0.101946 0.528299  0.369755
7256 0.384467 0.243406  0.372127
8202 0.175427 0.181493  0.64308
2165 0.0342688 0.624386  0.341345
6978 0.271919 0.436694  0.291387
3034 0.439446 0.470821  0.0897338
2601 0.884074 0.0650449  0.0508814
722 0.519029 0.166788  0.314183
2397 0.0699549 0.191894  0.738151
6044 0.351692 0.27515  0.373158
3652 0.692408 0.0128938  0.294698
3605 0.351667 0.479819  0.168515
6023 0.229146 0.247487  0.523368
2685 0.670413 0.115751  0.213836
6582 0.131191 0.644696  0.224114
7079 0.398968 0.312934  0.288098
2726 0.333559 0.311789  0.354652
6951 0.249376 0.456398  0.294226
2299 0.351006 0.207204  0.44179
7183 0.217332 0.323409  0.459259
3496 0.187955 0.401498  0.410548
2270 0.187982 0.382009  0.430008
7138 0.150393 0.689425  0.160182
8240 0.547099 0.11122  0.341681
3203 0.313206 0.0562258  0.630568
7158 0.10774 0.10524  0.78702
6922 0.183837 0.307989  0.508174
3229 0.291681 0.362286  0.346033
8468 0.260068 0.517099  0.222832
1802 0.280051 0.0879237  0.632025
6433 0.198415 0.357073  0.444512
2387 0.374094 0.211715  0.414191
8298 0.354271 0.279608  0.366121
2014 0.383717 0.567631  0.0486523
9557 0.074698 0.455807  0.469495
2076 0.553677 0.0484895  0.397833
1937 0.523423 0.0844549  0.392122
4444 0.466459 0.338253  0.195288
4830 0.411173 0.354862  0.233965
3117 0.111283 0.380098  0.508619
2657 0.0611464 0.470797  0.468057
3904 0.397658 0.154867  0.447475
8600 0.417644 0.335323  0.247033
6504 0.424069 0.521272  0.0546593
8963 0.446625 0.105279  0.448096
18 0.258946 0.375201  0.365853
3190 0.456867 0.182495  0.360638
940 0.491358 0.376916  0.131727
2926 0.177081 0.568823  0.254096
755 0.531118 0.295555  0.173327
7302 0.326923 0.52252  0.150557
3447 0.145542 0.203464  0.650994
3784 0.346472 0.385548  0.26798
6764 0.30904 0.237276  0.453683
5428 0.270643 0.279233  0.450124
5917 0.325947 0.533874  0.140179
3889 0.492181 0.0524156  0.455403
5228 0.186326 0.556562  0.257112
2324 0.428093 0.0478814  0.524026
9861 0.625431 0.209074  0.165495
6835 0.0276357 0.542087  0.430277
2882 0.146842 0.494087  0.359071
7842 0.334007 0.437631  0.228362
8339 0.304564 0.362462  0.332974
1041 0.44857 0.413299  0.138131
5368 0.514296 0.121175  0.364529
3889 0.350443 0.427011  0.222546
7207 0.468773 0.141313  0.389914
3941 0.197578 0.448855  0.353568
4283 0.740633 0.17623  0.0831366
202 0.12478 0.325948  0.549272
676 0.510141 0.321974  0.167885
5598 0.56707 0.168039  0.264891
4909 0.575045 0.110219  0.314735
8825 0.308255 0.0136495  0.678095
3505 0.404451 0.399569  0.19598
9980 0.118262 0.184077  0.697661
998 0.315851 0.560758  0.12339
865 0.591213 0.312138  0.0966487
4923 0.105015 0.378086  0.5169
8082 0.170133 0.285915  0.543952
4409 0.253077 0.544169  0.202755
2411 0.150855 0.13122  0.717926
238 0.483135 0.324803  0.192063
1187 0.441608 0.216293  0.342099
2636 0.482366 0.431268  0.0863663
7032 0.364077 0.299137  0.336786
6183 0.239525 0.185804  0.574671
3550 0.141137 0.277738  0.581124
4162 0.326266 0.363173  0.31056
3675 0.20619 0.693327  0.100483
6558 0.449712 0.282872  0.267416
5936 0.378827 0.260933  0.360239
1210 0.266752 0.169983  0.563265
8086 0.249649 0.254994  0.495357
7864 0.355974 0.311885  0.33214
3962 0.441532 0.358196  0.200272
5894 0.342196 0.352981  0.304823
255 0.301596 0.431577  0.266827
3710 0.324772 0.374905  0.300323
1530 0.14995 0.454487  0.395563
2341 0.258672 0.469792  0.271535
1210 0.192698 0.403105  0.404197
2809 0.0147638 0.403793  0.581443
4679 0.301879 0.451006  0.247115
7073 0.399351 0.414358  0.186291
5707 0.271492 0.356544  0.371965
875 0.292912 0.544712  0.162376
8315 0.476261 0.307178  0.216561
4316 0.216718 0.622669  0.160613
3113 0.624704 0.291595  0.083701
8863 0.649739 0.251967  0.0982945
6870 0.19362 0.376898  0.429482
4325 0.427764 0.305255  0.266981
8053 0.404154 0.406152  0.189694
2344 0.0666812 0.480153  0.453166
4266 0.236287 0.221849  0.541864
6337 0.337241 0.268571  0.394188
4143 0.172241 0.351149  0.47661
8204 0.217359 0.357811  0.42483
3454 0.436291 0.299239  0.26447
8636 0.298817 0.244715  0.456468
9495 0.441202 0.19446  0.364338
23 0.289581 0.335576  0.374843
2385 0.207089 0.363721  0.42919
3059 0.539502 0.129225  0.331273
7196 0.390321 0.433211  0.176469
2260 0.694174 0.20211  0.103717
2143 0.352367 0.0580919  0.589541
426 0.175529 0.322144  0.502326
5249 0.240239 0.420839  0.338922
1894 0.169832 0.422133  0.408035
707 0.120103 0.506103  0.373794
9903 0.541269 0.371528  0.0872035
8759 0.504968 0.382718  0.112314
8720 0.657448 0.324363  0.0181891
1060 0.173143 0.357908  0.468949
5091 0.297516 0.346513  0.35597
8903 0.28662 0.538287  0.175092
9922 0.43916 0.0306283  0.530212
4847 0.402796 0.075956  0.521248
2856 0.420526 0.379821  0.199653
6020 0.262141 0.404719  0.33314
6585 0.47427 0.292736  0.232994
2031 0.43686 0.188739  0.374401
1258 0.146479 0.717437  0.136084
2964 0.296739 0.407139  0.296122
1742 0.602157 0.225034  0.172809
3699 0.4208 0.254252  0.324949
1944 0.439108 0.168074  0.392818
5029 0.526403 0.448953  0.0246438
1308 0.0231018 0.768603  0.208295
6453 0.424233 0.344597  0.231171
6675 0.380718 0.395801  0.22348
5158 0.134687 0.725402  0.139911
2129 0.166129 0.478601  0.35527
6557 0.0519606 0.562845  0.385194
5908 0.531458 0.0267488  0.441794
6020 0.260389 0.24282  0.496791
8382 0.349148 0.505349  0.145504
8455 0.169845 0.283436  0.546719
6586 0.876518 0.0615668  0.0619156
3610 0.229299 0.480044  0.290657
9723 0.370236 0.252581  0.377183
2999 0.349715 0.459332  0.190952
1641 0.495996 0.397052  0.106952
8585 0.533381 0.458206  0.00841258
8557 0.635381 0.0251086  0.33951
1132 0.45828 0.190291  0.35143
3133 0.585183 0.400973  0.0138444
4749 0.484349 0.371287  0.144364
86 0.30624 0.354899  0.338862
6725 0.0583595 0.431189  0.510452
6684 0.20047 0.31688  0.48265
4899 0.362582 0.0675761  0.569842
8946 0.399569 0.426767  0.173663
8804 0.479505 0.259238  0.261257
3627 0.205378 0.375919  0.418703
1127 0.396662 0.245137  0.358201
8103 0.142576 0.270762  0.586661
9592 0.457806 0.326958  0.215235
3895 0.381919 0.367593  0.250488
2329 0.638323 0.0350554  0.326621
7190 0.351823 0.240222  0.407955
4689 0.276349 0.343829  0.379822
1805 0.42913 0.332553  0.238317
2019 0.37381 0.257615  0.368575
5538 0.196245 0.13143  0.672325
380 0.01931 0.580542  0.400148
928 0.434025 0.0964124  0.469562
3947 0.277541 0.692936  0.0295231
2319 0.185361 0.141712  0.672927
2722 0.553984 0.35308  0.0929359
7035 0.24933 0.319608  0.431062
3749 0.411862 0.524538  0.0636005
4892 0.393725 0.295367  0.310909
4106 0.417425 0.212354  0.37022
409 0.465388 0.426065  0.108547
9664 0.356551 0.256628  0.386821
6954 0.410972 0.2949  0.294128
4664 0.272106 0.609417  0.118478
7516 0.480105 0.158889  0.361005
3190 0.333418 0.172595  0.493987
1785 0.411579 0.068305  0.520116
6960 0.646928 0.177827  0.175245
6052 0.42891 0.209509  0.361581
2773 0.244864 0.538696  0.21644
7205 0.521202 0.187598  0.2912
3017 0.748326 0.0141363  0.237538
716 0.198971 0.392484  0.408545
292 0.154556 0.634858  0.210585
3600 0.64207 0.0411761  0.316754
9038 0.0409426 0.451584  0.507474
570 0.340457 0.0701337  0.58941
629 0.114798 0.391328  0.493873
3933 0.317985 0.457748  0.224268
7361 0.182072 0.780323  0.0376044
6417 0.209753 0.663689  0.126558
3528 0.0843636 0.491256  0.42438
4624 0.518834 0.0571075  0.424059
4491 0.156054 0.477757  0.366189
5607 0.435435 0.182551  0.382014
6948 0.172595 0.42029  0.407116
1017 0.274281 0.487111  0.238608
8142 0.0381832 0.704666  0.257151
936 0.406945 0.320911  0.272144
6776 0.527803 0.194019  0.278178
9038 0.284766 0.32213  0.393104
727 0.0321588 0.773963  0.193878
7489 0.331091 0.382282  0.286626
1057 0.331787 0.582216  0.0859966
5481 0.201655 0.273323  0.525022
2506 0.338367 0.143354  0.518279
304 0.649406 0.0388174  0.311776
6193 0.0248825 0.400615  0.574503
9602 0.70777 0.178018  0.114212
2057 0.00987317 0.483085  0.507042
4294 0.145443 0.157112  0.697445
7804 0.520301 0.179159  0.30054
5258 0.42846 0.24103  0.33051
7872 0.171869 0.546212  0.281919
4409 0.525803 0.45506  0.0191373
8980 0.556414 0.150831  0.292755
4076 0.522067 0.43149  0.0464433
5214 0.274228 0.363966  0.361806
5480 0.599923 0.076874  0.323203
3678 0.162104 0.420754  0.417143
7636 0.691567 0.0492976  0.259135
8899 0.277276 0.411384  0.311341
4600 0.405499 0.371822  0.222679
4378 0.140158 0.39611  0.463732
8883 0.157824 0.0255277  0.816649
7808 0.137747 0.348871  0.513382
7189 0.607576 0.242312  0.150111
5130 0.530707 0.330539  0.138754
5752 0.0624457 0.238718  0.698836
641 0.23416 0.0399204  0.72592
6747 0.296052 0.170597  0.533351
3915 0.0820182 0.250067  0.667915
8877 0.432911 0.281877  0.285211
8045 0.556388 0.0973632  0.346249
8080 0.362476 0.319124  0.3184
1512 0.194057 0.354428  0.451515
5807 0.18308 0.665588  0.151331
4290 0.335196 0.334279  0.330524
400 0.126872 0.438874  0.434254
5450 0.481965 0.389602  0.128433
3792 0.746738 0.0191488  0.234113
9212 0.0351779 0.327065  0.637757
686 0.114713 0.251317  0.633969
1690 0.513414 0.281027  0.205559
2615 0.433427 0.214755  0.351818
3044 0.233501 0.742642  0.0238571
3721 0.478002 0.142497  0.3795
5888 0.25286 0.268066  0.479074
3144 0.400863 0.135218  0.463919
3771 0.372352 0.34547  0.282179
2312 0.340047 0.144836  0.515117
3859 0.366534 0.22166  0.411806
6189 0.312698 0.311051  0.37625
6220 0.604766 0.219061  0.176173
4585 0.387578 0.327269  0.285152
7641 0.461686 0.184337  0.353978
6062 0.263545 0.296108  0.440347
3725 0.407607 0.243679  0.348714
4981 0.461825 0.123502  0.414673
834 0.228427 0.430423  0.34115
5066 0.0979521 0.401002  0.501046
4629 0.178378 0.574533  0.247089
6079 0.231287 0.35541  0.413303
4546 0.160613 0.345418  0.493969
355 0.438469 0.133179  0.428352
9636 0.18451 0.343896  0.471593
2014 0.503593 0.0286885  0.467718
5752 0.277201 0.390484  0.332315
2250 0.335844 0.295285  0.368871
6361 0.554775 0.289434  0.155791
8033 0.157305 0.687567  0.155128
163 0.209121 0.426575  0.364304
4811 0.168073 0.188772  0.643155
4770 0.482309 0.0795398  0.438151
2320 0.174281 0.426779  0.39894
6394 0.410284 0.489033  0.100684
7275 0.0230872 0.57421  0.402703
1216 0.329117 0.584975  0.0859079
5905 0.403279 0.124538  0.472183
5652 0.0735318 0.577662  0.348806
4180 0.456856 0.114473  0.428672
1277 0.354023 0.229337  0.41664
5873 0.341757 0.28422  0.374023
8211 0.203025 0.253152  0.543823
1276 0.277073 0.459286  0.263641
6872 0.201629 0.049816  0.748555
1859 0.278811 0.415513  0.305676
3000 0.393526 0.166992  0.439481
4306 0.353485 0.315183  0.331331
8073 0.0995916 0.468089  0.432319
3229 0.236346 0.276076  0.487577
5640 0.552064 0.0877964  0.360139
7331 0.263677 0.574959  0.161364
3382 0.13723 0.36299  0.49978
5680 0.487272 0.267366  0.245361
3749 0.0874234 0.557333  0.355244
6 0.164787 0.392678  0.442535
2141 0.186788 0.414002  0.39921
7059 0.0437723 0.512423  0.443804
2951 0.369691 0.285101  0.345208
4861 0.0647473 0.55736  0.377893
9600 0.258403 0.36995  0.371646
7607 0.223628 0.3222  0.454172
4105 0.369198 0.288507  0.342295
4789 0.328378 0.166122  0.505499
1863 0.191004 0.374058  0.434938
8736 0.499537 0.0915939  0.408869
3286 0.173867 0.0161067  0.810027
8574 0.289651 0.268404  0.441945
6828 0.618111 0.220701  0.161188
328 0.138236 0.397892  0.463872
7964 0.233075 0.0156251  0.7513
3662 0.699977 0.152026  0.147997
2967 0.151295 0.35483  0.493874
5633 0.571693 0.0367643  0.391542
7345 0.0319895 0.372166  0.595845
1691 0.335488 0.458686  0.205826
6838 0.0980478 0.540874  0.361078
1745 0.235523 0.121901  0.642576
3889 0.527593 0.215873  0.256534
5629 0.320456 0.404815  0.274729
7917 0.486183 0.198317  0.3155
3899 0.389088 0.326015  0.284897
9762 0.280766 0.377579  0.341655
3567 0.36435 0.394879  0.240771
4780 0.211141 0.240371  0.548488
522 0.0933918 0.597297  0.309311
470 0.275502 0.254322  0.470175
9258 0.241121 0.446282  0.312597
6035 0.174406 0.0689274  0.756667
2721 0.920449 0.0417263  0.037825
4355 0.629216 0.0409825  0.329802
2034 0.31018 0.409139  0.280681
6714 0.0709063 0.223669  0.705425
9099 0.0222466 0.378608  0.599145
5403 0.0933048 0.404691  0.502004
1049 0.196629 0.122467  0.680904
7731 0.395277 0.455858  0.148865
3237 0.0403799 0.592291  0.367329
197 0.314681 0.291165  0.394154
182 0.560099 0.341272  0.098629
3559 0.544828 0.367674  0.0874976
431 0.512336 0.324352  0.163312
5350 0.412953 0.0261841  0.560863
3550 0.263509 0.20188  0.53461
787 0.0295977 0.800298  0.170105
8503 0.499383 0.402475  0.0981413
2719 0.190134 0.23637  0.573496
5949 0.30961 0.16984  0.52055
8198 0.373079 0.346826  0.280095
2374 0.512358 0.139651  0.347991
6104 0.294571 0.258636  0.446793
8122 0.212776 0.274042  0.513182
8350 0.0951352 0.830579  0.0742863
0 0.603584 0.290253  0.106163
7661 0.344585 0.336309  0.319106
270 0.548213 0.111653  0.340134
238 0.0599901 0.280599  0.659411
5980 0.279159 0.157917  0.562924
4365 0.242536 0.317635  0.439829
6858 0.308834 0.294383  0.396783
1745 0.704927 0.0754721  0.219601
1900 0.464613 0.0199938  0.515393
1236 0.267718 0.384299  0.347983
3120 0.336211 0.378941  0.284848
1316 0.417464 0.172744  0.409792
1757 0.388881 0.177512  0.433607
2197 0.114573 0.775373  0.110054
8288 0.328616 0.257111  0.414273
2627 0.186434 0.397991  0.415574
5954 0.167577 0.753677  0.0787458
8555 0.0411362 0.380047  0.578817
1657 0.444995 0.10546  0.449545
2148 0.293722 0.326906  0.379372
7313 0.472697 0.105826  0.421477
420 0.013682 0.766107  0.220211
4398 0.776066 0.0185239  0.20541
565 0.0415802 0.648452  0.309968
2030 0.59652 0.181904  0.221576
4597 0.0950355 0.442971  0.461993
5336 0.308911 0.324289  0.366799
7342 0.406288 0.214429  0.379283
7592 0.0402744 0.102616  0.857109
5147 0.551735 0.111186  0.337079
9773 0.792819 0.117262  0.0899185
1036 0.212092 0.607675  0.180232
6960 0.393737 0.156396  0.449867
8491 0.337221 0.127092  0.535688
1779 0.103434 0.551971  0.344595
1348 0.0680621 0.0134023  0.918536
2244 0.0963795 0.774126  0.129495
5567 0.415115 0.329805  0.25508
1126 0.378258 0.610486  0.0112563
7610 0.365911 0.45592  0.178169
4050 0.277398 0.267428  0.455174
2356 0.0370458 0.388258  0.574696
1838 0.3297 0.194505  0.475795
4317 0.0395466 0.825783  0.13467
6872 0.448874 0.305722  0.245404
1582 0.65983 0.162757  0.177412
2618 0.00837301 0.489843  0.501784
6297 0.270723 0.308676  0.420601
7054 0.304142 0.354779  0.341079
3471 0.507756 0.174705  0.317539
3447 0.256844 0.384329  0.358826
7985 0.270286 0.268635  0.461079
2887 0.344818 0.335301  0.31988
3440 0.599852 0.244941  0.155207
8044 0.286884 0.341346  0.37177
440 0.315241 0.2154  0.469359
6037 0.417601 0.363675  0.218723
168 0.41988 0.394748  0.185372
6460 0.71826 0.113402  0.168338
2242 0.435638 0.308058  0.256304
9898 0.177058 0.430977  0.391966
4178 0.184349 0.0945914  0.721059
9329 0.207635 0.570551  0.221814
1123 0.497255 0.353366  0.149379
7829 0.0815605 0.756086  0.162353
1695 0.0686782 0.645234  0.286088
4337 0.387273 0.311725  0.301001
9673 0.353758 0.352835  0.293407
5390 0.489954 0.081529  0.428517
554 0.658182 0.0591949  0.282623
2908 0.344008 0.466512  0.18948
8567 0.572054 0.208982  0.218964
8376 0.219021 0.479035  0.301944
2348 0.114671 0.262519  0.62281
8276 0.243215 0.391903  0.364882
2712 0.248902 0.391852  0.359247
873 0.301134 0.379384  0.319482
7040 0.323435 0.441882  0.234684
2816 0.228303 0.700181  0.0715157
6773 0.697925 0.207467  0.0946082
9683 0.680823 0.0745492  0.244627
8724 0.274964 0.279815  0.445221
7961 0.326337 0.322785  0.350878
9868 0.413102 0.187266  0.399632
1200 0.369796 0.4284  0.201804
1846 0.323718 0.613805  0.0624767
783 0.132558 0.432486  0.434956
8259 0.49891 0.437278  0.0638124
6871 0.281027 0.399712  0.319261
512 0.383117 0.310185  0.306698
4052 0.0936606 0.496786  0.409553
597 0.496811 0.295233  0.207956
1866 0.223445 0.33222  0.444335
1806 0.35824 0.282705  0.359055
1599 0.224491 0.27294  0.502569
6100 0.166723 0.332536  0.500741
3997 0.0398328 0.497224  0.462944
5383 0.33841 0.305915  0.355675
7727 0.329804 0.340433  0.329763
2214 0.211666 0.446776  0.341558
1168 0.466067 0.249306  0.284627
455 0.430183 0.302944  0.266873
8945 0.280241 0.427582  0.292178
3020 0.0699911 0.437916  0.492092
6417 0.420644 0.190418  0.388938
9005 0.115929 0.418517  0.465553
2802 0.117878 0.418385  0.463737
6850 0.281606 0.308362  0.410032
7103 0.187834 0.433763  0.378403
6832 0.233445 0.343687  0.422868
4190 0.598244 0.112612  0.289144
7656 0.315086 0.56095  0.123964
1548 0.267326 0.261015  0.471659
6707 0.338735 0.26599  0.395275
3196 0.0616167 0.613335  0.325048
5698 0.0948778 0.69639  0.208732
2352 0.356911 0.328347  0.314742
5913 0.555245 0.363569  0.0811861
4886 0.38129 0.331197  0.287513
610 0.496064 0.374905  0.129031
9334 0.430865 0.185988  0.383146
9471 0.368528 0.129162  0.50231
4031 0.307902 0.469096  0.223003
7001 0.251732 0.139184  0.609084
1513 0.612355 0.353094  0.0345519
9878 0.494615 0.406585  0.0988006
8304 0.264788 0.119324  0.615888
3186 0.481861 0.328512  0.189627
8526 0.319967 0.571776  0.108257
5005 0.507371 0.369512  0.123116
8542 0.343141 0.451198  0.205661
1340 0.544051 0.0552064  0.400742
7261 0.441447 0.380823  0.17773
9593 0.266429 0.520944  0.212627
4201 0.782067 0.128104  0.0898293
926 0.312986 0.357976  0.329039
4290 0.495256 0.0433347  0.461409
1507 0.255808 0.642757  0.101436
7492 0.299506 0.645849  0.054645
8356 0.119287 0.442134  0.438579
445 0.305505 0.263076  0.431419
947 0.403389 0.291839  0.304773
1185 0.594139 0.128211  0.27765
6605 0.267316 0.500062  0.232622
9781 0.255117 0.326683  0.4182
4909 0.21316 0.281674  0.505166
4876 0.198726 0.457687  0.343587
3170 0.160814 0.384495  0.454692
5317 0.514788 0.367048  0.118164
7845 0.0340989 0.82916  0.136741
3540 0.317076 0.0858235  0.5971
7721 0.621123 0.140309  0.238568
9643 0.272678 0.624943  0.102379
998 0.280549 0.323144  0.396308
6071 0.0122178 0.421121  0.566662
2472 0.324817 0.277988  0.397194
2817 0.26439 0.359503  0.376106
936 0.348005 0.48926  0.162735
2231 0.0279624 0.54976  0.422277
6821 0.508795 0.0856383  0.405566
9960 0.38239 0.314585  0.303026
543 0.475656 0.454287  0.0700578
2896 0.292653 0.378936  0.328411
1050 0.343443 0.231051  0.425507
6908 0.0587573 0.229866  0.711377
2582 0.298358 0.426048  0.275594
4704 0.363516 0.29976  0.336724
1695 0.613536 0.215661  0.170802
6502 0.395636 0.384102  0.220262
7540 0.57019 0.243175  0.186635
486 0.395412 0.0588109  0.545777
8383 0.36484 0.309786  0.325374
7456 0.0262736 0.41759  0.556136
9419 0.473962 0.437035  0.0890027
17 0.121549 0.436388  0.442064
2059 0.332467 0.490648  0.176885
1548 0.664899 0.0243944  0.310706
4727 0.379917 0.232554  0.38753
248 0.144763 0.254923  0.600314
5315 0.50173 0.00949195  0.488778
515 0.267068 0.229296  0.503636
9708 0.557168 0.294467  0.148364
1814 0.187826 0.642568  0.169605
5132 0.386491 0.169415  0.444094
8026 0.513983 0.0214506  0.464566
6735 0.0714451 0.346988  0.581567
6536 0.268965 0.624121  0.106914
402 0.237457 0.377384  0.385159
22 0.0859771 0.447396  0.466627
7008 0.36693 0.468959  0.164111
8613 0.290914 0.370952  0.338134
6843 0.060677 0.408547  0.530776
2910 0.160545 0.783328  0.056127
3399 0.368389 0.37931  0.252301
9100 0.523319 0.1221  0.354581
5416 0.128518 0.321799  0.549683
843 0.357102 0.24486  0.398038
2714 0.608677 0.112113  0.27921
643 0.284992 0.371403  0.343604
2213 0.293679 0.334241  0.37208
7890 0.0327798 0.436353  0.530868
2394 0.278619 0.331801  0.38958
6769 0.585471 0.214809  0.19972
4833 0.0484633 0.198466  0.75307
2474 0.37419 0.518518  0.107292
277 0.372551 0.504894  0.122555
1109 0.346331 0.464671  0.188999
1999 0.10697 0.614064  0.278965
8691 0.0537488 0.542241  0.40401
8416 0.350899 0.469937  0.179164
9524 0.317108 0.371637  0.311255
9388 0.14597 0.417823  0.436207
1913 0.234783 0.701492  0.0637253
9765 0.140292 0.44105  0.418659
381 0.0715669 0.442154  0.486279
8246 0.246907 0.439816  0.313276
2801 0.151443 0.591077  0.25748
4145 0.303052 0.313275  0.383673
1247 0.269515 0.376167  0.354318
4512 0.438531 0.312133  0.249336
8681 0.388277 0.422894  0.188829
6745 0.316604 0.0473679  0.636028
9733 0.588478 0.382419  0.0291037
6208 0.512542 0.0191463  0.468312
3946 0.229649 0.460061  0.31029
6464 0.425312 0.358948  0.21574
941 0.404711 0.205654  0.389635
6653 0.424797 0.324661  0.250543
396 0.784438 0.0717202  0.143842
8977 0.378051 0.0927818  0.529167
8276 0.544274 0.225201  0.230525
4319 0.304229 0.662239  0.0335323
7227 0.301791 0.143979  0.55423
5268 0.247921 0.369056  0.383023
3551 0.225338 0.691314  0.0833475
440 0.164769 0.41092  0.424311
7423 0.252517 0.209795  0.537688
6653 0.258243 0.427957  0.3138
3211 0.38453 0.378363  0.237106
1388 0.392024 0.392565  0.215411
9889 0.347945 0.0723684  0.579686
7730 0.256648 0.334772  0.40858
395 0.586934 0.271336  0.14173
3940 0.496832 0.0381701  0.464998
1603 0.309611 0.20806  0.482329
2025 0.477933 0.116052  0.406015
7474 0.197103 0.489333  0.313564
2127 0.0316484 0.522579  0.445773
1217 0.224104 0.388244  0.387653
4208 0.427576 0.334827  0.237598
8203 0.483364 0.421925  0.094711
8381 0.164402 0.185606  0.649992
1293 0.396454 0.519827  0.0837184
2832 0.221435 0.367794  0.41077
5453 0.0914537 0.227969  0.680578
8830 0.365981 0.422176  0.211843
1879 0.234807 0.124889  0.640304
9997 0.390061 0.332747  0.277192
20 0.333158 0.289619  0.377223
2329 0.408189 0.154539  0.437272
451 0.324739 0.641703  0.0335577
4564 0.629628 0.0147343  0.355638
4783 0.59087 0.0499318  0.359199
2790 0.489495 0.493987  0.0165182
9376 0.0977795 0.812377  0.0898434
8067 0.388497 0.439117  0.172386
1074 0.351797 0.265434  0.382768
219 0.552523 0.36606  0.0814161
6632 0.531019 0.168427  0.300554
5897 0.193614 0.553732  0.252654
4898 0.750972 0.0327149  0.216313
179 0.306864 0.580824  0.112311
2133 0.420324 0.363051  0.216625
1126 0.24039 0.606816  0.152794
9124 0.477701 0.204499  0.3178
7648 0.367837 0.448462  0.183701
943 0.398695 0.406287  0.195018
3510 0.0317593 0.424493  0.543748
3652 0.485635 0.243555  0.27081
7961 0.0859985 0.873658  0.040343
3572 0.266703 0.410887  0.32241
9243 0.73007 0.231044  0.0388864
1005 0.412187 0.242573  0.34524
1686 0.0631202 0.790888  0.145992
7023 0.388834 0.0634589  0.547707
804 0.173158 0.0946724  0.732169
8615 0.376446 0.203215  0.420339
7363 0.355671 0.551363  0.0929665
1499 0.848657 0.0556434  0.0957001
9515 0.436397 0.249271  0.314332
8289 0.499306 0.454294  0.0464006
3664 0.128019 0.226296  0.645684
2184 0.267393 0.386958  0.345649
4258 0.561106 0.154667  0.284227
8503 0.339812 0.284066  0.376122
2990 0.207363 0.207643  0.584994
7930 0.428306 0.184855  0.386839
3141 0.29213 0.397071  0.310799
5961 0.442943 0.359002  0.198055
103 0.238987 0.616536  0.144477
8318 0.224053 0.567239  0.208708
5912 0.787449 0.196423  0.016128
7847 0.0656609 0.564957  0.369382
504 0.439659 0.486873  0.0734687
6130 0.210762 0.0779129  0.711325
1419 0.425688 0.42303  0.151282
5013 0.399669 0.532523  0.0678081
6453 0.604353 0.323355  0.0722917
3960 0.208836 0.371577  0.419588
1678 0.566807 0.225886  0.207307
2096 0.073727 0.842796  0.0834773
2356 0.0799284 0.304666  0.615405
5876 0.382701 0.181533  0.435766
692 0.302123 0.612425  0.085452
471 0.411089 0.191104  0.397807
7761 0.052126 0.633668  0.314206
6752 0.153118 0.451501  0.39538
5663 0.30076 0.451421  0.247819
6118 0.0945525 0.422942  0.482505
1129 0.13742 0.730847  0.131733
6409 0.296805 0.545293  0.157902
4911 0.45335 0.0809976  0.465653
2601 0.268697 0.569607  0.161696
3043 0.219196 0.09381  0.686994
6190 0.231274 0.665742  0.102984
2602 0.372137 0.249863  0.378
3793 0.077539 0.320661  0.6018
8756 0.343184 0.39619  0.260626
9521 0.343347 0.456249  0.200404
625 0.214111 0.461344  0.324545
4506 0.0606703 0.910055  0.0292746
3838 0.557454 0.202748  0.239798
8641 0.490726 0.0524377  0.456836
3847 0.0246359 0.773777  0.201588
92 0.276568 0.31001  0.413422
5174 0.534938 0.0982481  0.366814
7155 0.355329 0.352921  0.291749
4316 0.251774 0.616164  0.132062
1974 0.167365 0.64248  0.190155
1157 0.357513 0.0882532  0.554234
721 0.406149 0.295819  0.298032
2253 0.489996 0.213259  0.296745
2958 0.407504 0.321529  0.270967
3703 0.154224 0.24146  0.604316
2266 0.271649 0.146458  0.581894
6631 0.517861 0.429707  0.0524317
8115 0.0485681 0.315238  0.636194
3155 0.298727 0.120307  0.580967
4599 0.0920698 0.0961979  0.811732
1129 0.613189 0.262279  0.124533
2013 0.421659 0.20506  0.373281
3338 0.319831 0.056576  0.623593
2009 0.0405037 0.451648  0.507848
7410 0.473255 0.475479  0.0512663
4952 0.198506 0.451027  0.350467
2018 0.514473 0.215118  0.270409
4672 0.144646 0.384426  0.470928
1511 0.463506 0.0171409  0.519353
2444 0.205336 0.462578  0.332086
696 0.32488 0.205105  0.470015
4157 0.327761 0.420833  0.251406
6121 0.346499 0.283367  0.370135
4919 0.687831 0.226296  0.085873
1936 0.332491 0.269583  0.397926
3517 0.198915 0.645271  0.155814
3753 0.460242 0.360621  0.179136
7122 0.289068 0.457571  0.25336
5872 0.486954 0.391781  0.121265
8430 0.0379822 0.613407  0.348611
5942 0.295493 0.0329699  0.671538
1504 0.516215 0.159307  0.324478
5719 0.153049 0.153807  0.693144
8578 0.626021 0.255017  0.118962
7566 0.194815 0.400929  0.404256
6009 0.382828 0.448669  0.168504
930 0.104074 0.361661  0.534265
8141 0.258973 0.381361  0.359667
785 0.374669 0.489537  0.135794
246 0.365479 0.314735  0.319786
3512 0.384999 0.395523  0.219478
1537 0.261469 0.658715  0.0798165
6056 0.631711 0.244571  0.123718
641 0.263519 0.411863  0.324617
171 0.480217 0.223343  0.29644
7600 0.276132 0.328141  0.395727
7256 0.284768 0.273457  0.441775
7169 0.342084 0.38732  0.270596
8864 0.0857118 0.480661  0.433628
4471 0.0540886 0.60047  0.345441
7756 0.170425 0.504224  0.325352
7426 0.459291 0.204364  0.336345
2491 0.326644 0.306709  0.366647
787 0.444111 0.257455  0.298434
188 0.412117 0.217512  0.370371
669 0.0717197 0.27611  0.652171
7794 0.280396 0.335991  0.383613
1767 0.193011 0.585214  0.221775
4207 0.0948151 0.621407  0.283778
7636 0.404537 0.0486137  0.546849
9620 0.734364 0.0812687  0.184367
4177 0.13867 0.434114  0.427216
421 0.261263 0.426899  0.311838
6013 0.44152 0.440064  0.118416
4996 0.359065 0.16144  0.479495
7318 0.297765 0.250643  0.451592
4133 0.35361 0.408128  0.238262
3077 0.27347 0.401246  0.325283
793 0.1811 0.393861  0.425039
3146 0.508772 0.31421  0.177018
8326 0.441552 0.358237  0.200211
7523 0.281303 0.367014  0.351683
2646 0.196069 0.605051  0.19888
7500 0.415592 0.0958825  0.488525
3286 0.244437 0.302635  0.452928
8846 0.418337 0.390474  0.191189
6712 0.0678924 0.411449  0.520659
535 0.459298 0.292274  0.248428
1794 0.479071 0.436698  0.0842317
3060 0.441918 0.502502  0.05558
6981 0.298311 0.318529  0.38316
377 0.415489 0.373948  0.210563
1931 0.460687 0.0659432  0.47337
5476 0.401642 0.0715883  0.52677
1117 0.598894 0.267893  0.133213
7462 0.323954 0.328582  0.347464
3248 0.262173 0.405136  0.332691
2136 0.60023 0.114692  0.285078
7318 0.469298 0.0944524  0.43625
7873 0.222677 0.337502  0.439821
6418 0.494447 0.241255  0.264298
3812 0.547089 0.0295934  0.423317
7188 0.390366 0.303107  0.306527
1957 0.188924 0.0138396  0.797236
7204 0.125116 0.463946  0.410939
1519 0.413144 0.341753  0.245102
2548 0.184792 0.0350041  0.780204
33 0.509738 0.366594  0.123667
233 0.251439 0.385393  0.363168
1145 0.182423 0.465748  0.351829
5912 0.416432 0.255591  0.327976
3201 0.377354 0.233432  0.389214
6063 0.0467685 0.426077  0.527154
1771 0.474719 0.304118  0.221163
109 0.353592 0.446554  0.199853
5156 0.333309 0.531393  0.135298
6782 0.564593 0.171269  0.264138
481 0.175798 0.224183  0.600019
6998 0.514753 0.0448496  0.440397
6734 0.576952 0.0255112  0.397537
2966 0.408282 0.376229  0.215489
1158 0.533016 0.0894518  0.377532
1984 0.588521 0.183411  0.228069
6620 0.490453 0.398679  0.110868
4461 0.494565 0.281223  0.224212
9517 0.181903 0.532972  0.285125
2250 0.362636 0.277718  0.359646
6741 0.290937 0.361734  0.347329
6440 0.223378 0.261625  0.514997
1312 0.280186 0.22283  0.496984
5428 0.219131 0.341435  0.439434
5447 0.303861 0.313813  0.382326
1775 0.284591 0.242442  0.472967
4891 0.458949 0.174771  0.36628
2039 0.0818111 0.394763  0.523426
5720 0.299874 0.300726  0.399399
900 0.347102 0.366323  0.286574
113 0.229903 0.0652798  0.704817
8048 0.0730122 0.452213  0.474775
5837 0.385421 0.222714  0.391865
3329 0.358075 0.412252  0.229673
4871 0.327668 0.422145  0.250187
2894 0.0162528 0.231152  0.752595
4190 0.451544 0.497295  0.0511607
7928 0.326627 0.345727  0.327645
5252 0.246262 0.369372  0.384366
7872 0.0750238 0.392322  0.532654
1673 0.0602764 0.278556  0.661168
9957 0.292164 0.386758  0.321078
6211 0.140815 0.304813  0.554372
318 0.310126 0.206315  0.483559
6387 0.179212 0.43445  0.386338
5859 0.712356 0.124473  0.163172
7621 0.486748 0.0909236  0.422328
9896 0.443232 0.473884  0.0828841
1853 0.2553 0.301737  0.442963
5155 0.269549 0.437703  0.292748
1635 0.383524 0.202824  0.413652
9939 0.272871 0.372329  0.3548
6094 0.0337691 0.939595  0.026636
7205 0.0432389 0.232714  0.724047
2963 0.763757 0.145593  0.0906502
4306 0.3951 0.386924  0.217976
8675 0.619163 0.24604  0.134797
9849 0.398303 0.0809476  0.520749
633 0.167788 0.65055  0.181663
6104 0.168623 0.571687  0.25969
8850 0.0218957 0.669136  0.308969
6201 0.373219 0.553411  0.0733698
2541 0.44578 0.232378  0.321842
5898 0.654827 0.312475  0.0326979
4761 0.498961 0.391202  0.109837
9759 0.529618 0.326459  0.143922
150 0.0289271 0.596531  0.374542
9716 0.207785 0.464744  0.327471
4386 0.497239 0.369858  0.132902
4653 0.112383 0.377311  0.510306
5944 0.566597 0.0730462  0.360357
823 0.0826073 0.398647  0.518746
1964 0.523959 0.378924  0.0971173
2424 0.470545 0.332921  0.196534
9909 0.169092 0.251714  0.579194
8442 0.2762 0.204437  0.519362
4565 0.201826 0.398924  0.39925
5686 0.344179 0.147867  0.507953
9812 0.467381 0.0368857  0.495733
4446 0.449349 0.356876  0.193775
9993 0.160201 0.820323  0.0194763
235 0.434838 0.325518  0.239645
6409 0.581759 0.268873  0.149368
2499 0.0425481 0.361639  0.595813
2447 0.281838 0.634293  0.0838693
8222 0.283453 0.0434429  0.673104
8157 0.192605 0.571288  0.236107
1579 0.0724881 0.143485  0.784027
6624 0.487166 0.248658  0.264176
5623 0.432823 0.473066  0.0941103
2659 0.627887 0.357605  0.0145074
9439 0.738843 0.0790854  0.182071
6849 0.053722 0.324379  0.621898
8198 0.442199 0.201875  0.355926
2460 0.277652 0.476117  0.246232
2009 0.19328 0.589481  0.217239
8397 0.277263 0.436048  0.286689
9920 0.140205 0.202846  0.656948
5241 0.288176 0.40354  0.308284
2970 0.28618 0.397299  0.316521
7204 0.23442 0.400393  0.365187
413 0.0839102 0.678854  0.237236
8889 0.361647 0.388892  0.249461
1122 0.274314 0.348559  0.377127
1764 0.486922 0.125323  0.387754
118 0.495652 0.29234  0.212008
7796 0.143067 0.206047  0.650886
6077 0.339243 0.542345  0.118412
4888 0.434728 0.514269  0.0510033
6078 0.449079 0.139503  0.411418
6933 0.265698 0.635047  0.0992554
6387 0.231922 0.447081  0.320998
3310 0.263993 0.154919  0.581088
9411 0.0679073 0.343533  0.58856
