1937 0.376152 0.119851  0.503997
2741 0.800488 0.153651  0.0458617
277 0.394615 0.454495  0.15089
525 0.0411858 0.0624569  0.896357
7 0.408554 0.0142554  0.57719
1914 0.425779 0.380327  0.193894
1219 0.85934 0.0555618  0.0850984
463 0.381897 0.404513  0.213589
238 0.410875 0.237337  0.351788
1987 0.0707477 0.327921  0.601331
1865 0.449529 0.471105  0.0793665
834 0.155279 0.58379  0.260931
2565 0.0869394 0.221317  0.691744
2321 0.839805 0.127284  0.032911
1711 0.0892224 0.807556  0.103221
1888 0.322071 0.433616  0.244313
3485 0.214487 0.475408  0.310106
1649 0.666253 0.237343  0.0964037
2619 0.195488 0.49829  0.306222
3134 0.26296 0.483662  0.253378
2411 0.398077 0.439217  0.162706
38 0.506573 0.252556  0.24087
569 0.515721 0.327925  0.156353
1338 0.384978 0.523658  0.0913637
938 0.0341882 0.5718  0.394012
2691 0.143202 0.408868  0.44793
104 0.310315 0.271863  0.417823
1336 0.394659 0.363695  0.241646
1991 0.376438 0.0480412  0.57552
1047 0.720483 0.130051  0.149466
2974 0.115505 0.427338  0.457157
2490 0.464751 0.2441  0.291149
3330 0.410968 0.32672  0.262312
208 0.101599 0.506945  0.391456
1595 0.638924 0.125923  0.235153
2259 0.0757576 0.400404  0.523839
3009 0.427473 0.271208  0.301319
3360 0.151362 0.435827  0.412811
561 0.3224 0.218178  0.459422
572 0.445453 0.0983962  0.45615
392 0.214519 0.513078  0.272404
2475 0.355452 0.54884  0.0957081
3541 0.461092 0.12603  0.412878
616 0.296971 0.391051  0.311978
1873 0.413732 0.266746  0.319522
1167 0.351174 0.453613  0.195213
729 0.149083 0.550648  0.300269
1331 0.273162 0.609337  0.117501
341 0.0732829 0.277606  0.649111
3539 0.388843 0.0251173  0.586039
2993 0.200071 0.116733  0.683196
3400 0.446603 0.21475  0.338646
1824 0.0913743 0.212027  0.696598
614 0.329694 0.314722  0.355585
3002 0.0741152 0.212945  0.71294
2086 0.0742168 0.576289  0.349494
2735 0.434606 0.22764  0.337754
3278 0.0217549 0.642655  0.335591
51 0.343611 0.419  0.23739
3510 0.394541 0.041558  0.563901
433 0.352367 0.209619  0.438014
2444 0.360281 0.109653  0.530066
3015 0.0499408 0.0227895  0.92727
854 0.646651 0.0833998  0.269949
3067 0.129759 0.4099  0.460342
2905 0.551869 0.10078  0.347351
318 0.228037 0.521728  0.250235
3010 0.140353 0.0694  0.790247
1400 0.460126 0.470188  0.0696851
3116 0.324723 0.35601  0.319267
1297 0.382223 0.276633  0.341144
2552 0.349374 0.0274243  0.623201
2328 0.286288 0.189303  0.524409
1430 0.51355 0.440017  0.0464332
1559 0.333256 0.336521  0.330224
3253 0.200832 0.48336  0.315808
439 0.273043 0.142898  0.584059
1914 0.150394 0.175284  0.674322
3348 0.618525 0.258223  0.123252
3339 0.153862 0.669349  0.176789
1771 0.365361 0.400381  0.234258
3060 0.68088 0.0508547  0.268265
1482 0.286055 0.227207  0.486738
1841 0.0242289 0.630274  0.345497
339 0.344665 0.45745  0.197884
1482 0.74166 0.10444  0.1539
371 0.30446 0.386753  0.308787
1412 0.393302 0.379403  0.227295
2387 0.315943 0.313145  0.370912
1128 0.240682 0.238366  0.520952
289 0.0767207 0.303685  0.619594
2613 0.692951 0.0168451  0.290204
2865 0.116312 0.462396  0.421292
425 0.435557 0.171746  0.392698
1230 0.301208 0.394922  0.30387
2903 0.396444 0.258309  0.345248
1124 0.818868 0.111021  0.0701102
774 0.375355 0.0441585  0.580487
3383 0.103401 0.0744685  0.82213
1033 0.461368 0.301259  0.237372
1619 0.137153 0.371843  0.491004
776 0.319283 0.47282  0.207897
2311 0.609169 0.178251  0.212581
1036 0.30967 0.49633  0.194
1871 0.304559 0.293533  0.401907
736 0.457895 0.385224  0.156881
705 0.477091 0.235553  0.287356
3334 0.250262 0.316082  0.433656
1616 0.400899 0.112739  0.486362
3419 0.354142 0.627924  0.0179342
2226 0.508572 0.0473708  0.444058
573 0.301249 0.0914217  0.607329
1351 0.103778 0.421337  0.474884
3281 0.0699264 0.508229  0.421845
3160 0.134442 0.461675  0.403883
3334 0.455774 0.445554  0.0986721
483 0.540721 0.0793326  0.379946
794 0.356714 0.302458  0.340828
3234 0.316211 0.0541726  0.629616
693 0.622925 0.126817  0.250258
1719 0.0366702 0.559615  0.403715
776 0.152955 0.375607  0.471438
2584 0.531986 0.143946  0.324068
472 0.334452 0.0736412  0.591907
369 0.376684 0.326501  0.296814
719 0.280363 0.653927  0.0657091
1324 0.0133009 0.624724  0.361975
2268 0.534975 0.077239  0.387786
563 0.364042 0.28345  0.352508
1385 0.43091 0.337868  0.231223
2686 0.133343 0.340122  0.526535
237 0.234005 0.262526  0.50347
2044 0.482187 0.22036  0.297453
755 0.232622 0.477903  0.289475
1786 0.246398 0.351135  0.402467
1972 0.375356 0.194485  0.43016
963 0.214128 0.25094  0.534932
2509 0.680009 0.082166  0.237825
2293 0.0253622 0.642208  0.33243
2226 0.0546563 0.470482  0.474862
1995 0.279156 0.465101  0.255744
871 0.569875 0.326106  0.104019
2250 0.630935 0.194289  0.174776
3235 0.210244 0.27579  0.513966
2496 0.361724 0.3789  0.259376
376 0.370692 0.409812  0.219496
3380 0.400494 0.0602932  0.539213
3085 0.662062 0.216089  0.121849
3494 0.398917 0.03556  0.565523
2374 0.188507 0.727541  0.0839521
1387 0.373052 0.152294  0.474654
684 0.526279 0.42129  0.052431
1215 0.332652 0.382434  0.284914
219 0.217019 0.390918  0.392063
2874 0.193898 0.0126871  0.793415
947 0.283149 0.42799  0.288861
2059 0.392873 0.299664  0.307462
2260 0.445911 0.265217  0.288872
2868 0.433574 0.34746  0.218966
2031 0.0661499 0.7466  0.18725
3151 0.255971 0.430225  0.313804
2177 0.211995 0.586389  0.201616
2565 0.0330305 0.821787  0.145182
502 0.229521 0.320612  0.449866
2864 0.404036 0.114176  0.481789
2594 0.318462 0.350894  0.330643
2992 0.441782 0.451333  0.106885
1884 0.174686 0.42853  0.396784
493 0.533558 0.189825  0.276617
2631 0.17118 0.608817  0.220002
2914 0.364597 0.150283  0.48512
2064 0.478844 0.508293  0.0128627
1590 0.365568 0.012841  0.621591
684 0.424693 0.0703862  0.50492
1998 0.254757 0.686984  0.0582588
1054 0.278546 0.344015  0.377439
3511 0.260539 0.311009  0.428452
2365 0.439145 0.47224  0.0886151
432 0.360251 0.51476  0.124989
1665 0.0612675 0.572559  0.366174
1080 0.341525 0.453943  0.204532
1780 0.43392 0.292662  0.273418
1920 0.494889 0.482367  0.0227435
2258 0.327911 0.228762  0.443328
3329 0.289225 0.217668  0.493106
2316 0.626342 0.134807  0.238851
1038 0.339394 0.0900908  0.570515
254 0.745047 0.0262338  0.228719
2212 0.440705 0.494245  0.0650501
1507 0.311164 0.224699  0.464137
498 0.323898 0.301188  0.374914
1073 0.384817 0.285489  0.329694
1632 0.683441 0.221205  0.0953538
2487 0.0460569 0.420074  0.533869
1543 0.0777687 0.769511  0.15272
2433 0.0519264 0.593208  0.354865
1634 0.387515 0.33986  0.272624
1806 0.321897 0.26367  0.414433
3356 0.142402 0.724305  0.133292
3518 0.18561 0.0672137  0.747176
2394 0.325715 0.371758  0.302527
2476 0.364119 0.187776  0.448105
1053 0.277604 0.259341  0.463056
3083 0.118591 0.66865  0.212759
2976 0.43274 0.371623  0.195638
301 0.297942 0.1969  0.505158
3368 0.212491 0.0335692  0.753939
3414 0.129594 0.445888  0.424519
78 0.249901 0.107035  0.643064
1884 0.41267 0.387989  0.199342
2400 0.341423 0.334986  0.323591
2419 0.232762 0.410983  0.356255
17 0.322395 0.145722  0.531883
1846 0.150872 0.704517  0.144611
172 0.3437 0.164501  0.491799
394 0.179086 0.748474  0.0724399
634 0.566999 0.18059  0.252411
2029 0.396766 0.260955  0.342279
253 0.38037 0.210172  0.409459
2058 0.142762 0.650918  0.20632
835 0.49729 0.408875  0.0938357
546 0.278282 0.49159  0.230128
818 0.127557 0.397397  0.475046
2609 0.367097 0.289349  0.343553
3489 0.268119 0.529962  0.201919
814 0.310804 0.300434  0.388762
1918 0.751915 0.237935  0.0101508
1025 0.281195 0.403532  0.315273
3156 0.368265 0.198562  0.433173
1764 0.358104 0.442577  0.199319
479 0.131903 0.488215  0.379882
2427 0.322815 0.385963  0.291223
2119 0.0772578 0.255175  0.667567
2994 0.160248 0.372197  0.467555
3411 0.353335 0.262176  0.38449
1229 0.287365 0.122566  0.590069
3428 0.378833 0.307798  0.313369
3313 0.71943 0.14842  0.13215
610 0.302722 0.350412  0.346866
1203 0.345499 0.30216  0.352341
2584 0.277593 0.37474  0.347667
1747 0.132685 0.758828  0.108487
1331 0.363276 0.40972  0.227003
2045 0.472259 0.160298  0.367443
3099 0.2608 0.131994  0.607206
3087 0.186049 0.39877  0.415181
280 0.160925 0.261739  0.577335
2943 0.423955 0.0509073  0.525138
164 0.531606 0.380702  0.0876912
1115 0.263126 0.60966  0.127214
2433 0.823489 0.0482652  0.128246
867 0.482863 0.163044  0.354094
2947 0.234674 0.252418  0.512909
1352 0.700375 0.118431  0.181194
393 0.263337 0.279264  0.457399
571 0.522355 0.264009  0.213636
2113 0.216494 0.545259  0.238247
2980 0.45146 0.185941  0.362599
2081 0.426082 0.178979  0.394939
946 0.461595 0.428877  0.109528
1205 0.204107 0.455217  0.340677
325 0.180132 0.193742  0.626127
2108 0.252904 0.496524  0.250571
2190 0.347412 0.380394  0.272193
2023 0.383461 0.403478  0.213062
1971 0.430475 0.338045  0.231481
2701 0.524465 0.176985  0.29855
3146 0.455695 0.230277  0.314028
1215 0.389068 0.129474  0.481459
2881 0.386935 0.120221  0.492844
392 0.539016 0.376934  0.0840493
3334 0.0393658 0.584583  0.376052
3150 0.54574 0.316575  0.137686
1998 0.396376 0.322016  0.281609
789 0.260429 0.477843  0.261728
1994 0.0781383 0.357584  0.564278
1711 0.0985099 0.791823  0.109667
1069 0.434438 0.0237029  0.541859
78 0.479037 0.179721  0.341242
3177 0.0314645 0.288316  0.680219
1081 0.477545 0.0240523  0.498403
2426 0.0680455 0.442411  0.489544
662 0.351067 0.225314  0.423619
817 0.254275 0.480728  0.264997
3349 0.0404047 0.457448  0.502147
2701 0.401674 0.347859  0.250467
2553 0.567132 0.37722  0.0556475
2258 0.178256 0.460868  0.360875
728 0.522337 0.0176274  0.460035
1706 0.364845 0.336193  0.298962
2853 0.374529 0.077566  0.547905
3401 0.432391 0.557347  0.0102623
2158 0.369539 0.180551  0.449911
1603 0.241225 0.305501  0.453273
447 0.369262 0.255511  0.375227
1137 0.396028 0.149383  0.454589
3363 0.25787 0.0689816  0.673148
2046 0.146107 0.421538  0.432355
1785 0.139047 0.284596  0.576357
2611 0.056579 0.0137193  0.929702
1896 0.491109 0.200938  0.307953
363 0.0208477 0.264583  0.714569
3503 0.132386 0.666055  0.201558
2308 0.483024 0.0941249  0.422851
3498 0.604856 0.0147707  0.380373
763 0.230117 0.682717  0.0871652
1232 0.291649 0.556355  0.151996
2405 0.532849 0.257869  0.209282
2983 0.272373 0.538257  0.18937
1591 0.324528 0.359259  0.316214
1104 0.0270066 0.310424  0.66257
2226 0.360056 0.135569  0.504375
1370 0.622399 0.361765  0.0158353
72 0.502487 0.112674  0.384839
3015 0.306421 0.484104  0.209475
2308 0.393282 0.437614  0.169104
421 0.440404 0.136658  0.422938
1592 0.506113 0.172788  0.321099
2628 0.375776 0.241752  0.382473
694 0.163663 0.360562  0.475775
957 0.183077 0.245043  0.57188
2486 0.0332024 0.711715  0.255083
2910 0.105399 0.756814  0.137787
3481 0.280457 0.343005  0.376538
3247 0.772919 0.0376087  0.189473
2626 0.0268671 0.427712  0.545421
3485 0.456477 0.372122  0.171401
628 0.369151 0.423998  0.206851
2217 0.200604 0.33376  0.465636
1417 0.0128507 0.249755  0.737395
2211 0.468624 0.278227  0.253149
2471 0.35785 0.193144  0.449006
3329 0.0872048 0.577133  0.335662
2735 0.470555 0.120312  0.409134
430 0.254159 0.376141  0.3697
3 0.166873 0.573124  0.260003
3109 0.763776 0.0586028  0.177621
2601 0.662283 0.0904942  0.247222
2233 0.281943 0.291757  0.426301
3355 0.383917 0.198509  0.417574
1137 0.264665 0.570861  0.164474
247 0.0410352 0.260841  0.698124
638 0.297476 0.503594  0.19893
2760 0.0994405 0.0553419  0.845218
154 0.0467443 0.433499  0.519757
1678 0.739522 0.157223  0.103255
3553 0.0401098 0.509909  0.449982
3011 0.0495385 0.437104  0.513357
2123 0.22822 0.401596  0.370184
1053 0.17347 0.401455  0.425075
1264 0.681941 0.0297693  0.28829
617 0.356955 0.267362  0.375683
2055 0.434286 0.283927  0.281787
66 0.195918 0.405524  0.398558
1894 0.157768 0.126368  0.715864
1803 0.305997 0.316218  0.377785
2419 0.013311 0.566526  0.420163
1593 0.50652 0.465904  0.0275756
2021 0.362295 0.54943  0.0882749
2318 0.299357 0.256255  0.444388
2603 0.447675 0.470344  0.0819804
1590 0.30372 0.10895  0.58733
56 0.266584 0.450535  0.282881
1795 0.177911 0.406829  0.41526
2188 0.24726 0.329252  0.423487
2326 0.500674 0.238968  0.260358
2717 0.575045 0.0519777  0.372977
1564 0.301181 0.319399  0.37942
2509 0.122041 0.300756  0.577203
1249 0.203019 0.557838  0.239143
2222 0.309311 0.501101  0.189589
2031 0.245179 0.373856  0.380965
1225 0.415564 0.117812  0.466624
1519 0.0277939 0.622028  0.350178
1641 0.482241 0.471296  0.0464632
2987 0.697538 0.0995596  0.202903
831 0.253721 0.347718  0.398561
1052 0.31978 0.451902  0.228319
2629 0.115506 0.552388  0.332106
2655 0.0332339 0.880636  0.0861303
536 0.218203 0.594036  0.187761
808 0.479539 0.302186  0.218274
150 0.164981 0.405428  0.429591
1663 0.179636 0.553187  0.267178
29 0.377006 0.385705  0.237289
223 0.48466 0.0340001  0.48134
2870 0.52339 0.1728  0.30381
2078 0.319766 0.662499  0.017735
943 0.302095 0.0867178  0.611187
2221 0.397798 0.223888  0.378314
1074 0.644618 0.29876  0.0566222
2190 0.0220382 0.936569  0.0413924
1743 0.265025 0.107662  0.627313
1368 0.127674 0.802214  0.0701125
2630 0.0496123 0.705051  0.245337
124 0.336513 0.368493  0.294994
60 0.328066 0.284132  0.387801
2856 0.244522 0.302346  0.453133
2851 0.474514 0.253995  0.271491
2184 0.58719 0.337347  0.0754625
2160 0.398607 0.157584  0.443809
2417 0.248272 0.185757  0.565971
896 0.568139 0.265475  0.166387
799 0.374617 0.252457  0.372926
544 0.27192 0.353521  0.374558
1739 0.329665 0.108264  0.56207
1137 0.53364 0.0442618  0.422098
1331 0.0504542 0.34707  0.602476
3147 0.204734 0.560037  0.235229
615 0.117174 0.722069  0.160757
2843 0.422054 0.512768  0.065178
74 0.629212 0.0458923  0.324896
3075 0.404585 0.4164  0.179015
1562 0.479458 0.375757  0.144784
1122 0.48967 0.133025  0.377304
2867 0.24199 0.425089  0.332921
1335 0.255266 0.475865  0.268869
3333 0.39846 0.423223  0.178317
1203 0.100892 0.442365  0.456743
1426 0.469129 0.183167  0.347704
2841 0.455784 0.348613  0.195602
781 0.124566 0.357136  0.518298
1350 0.813548 0.0127597  0.173692
2095 0.487645 0.356095  0.15626
3239 0.338849 0.455777  0.205374
1527 0.371504 0.616766  0.0117299
3007 0.561681 0.0857522  0.352567
2259 0.36541 0.274733  0.359857
2742 0.104807 0.656693  0.2385
2220 0.120367 0.642464  0.237169
2097 0.364398 0.220981  0.414622
2429 0.282417 0.547601  0.169983
1674 0.318952 0.268301  0.412747
3240 0.573382 0.267172  0.159446
2266 0.547689 0.0451755  0.407135
1496 0.515711 0.373875  0.110414
2380 0.362631 0.141419  0.49595
706 0.217425 0.423233  0.359342
469 0.554824 0.0803631  0.364812
694 0.50423 0.0269267  0.468843
2224 0.0292877 0.480705  0.490008
1511 0.494244 0.0689099  0.436846
872 0.150492 0.225764  0.623744
1761 0.504453 0.39901  0.0965375
3112 0.692037 0.0530564  0.254907
2384 0.393262 0.30667  0.300068
2062 0.43228 0.285163  0.282557
255 0.499909 0.215087  0.285005
469 0.384402 0.199109  0.416489
1813 0.233155 0.318914  0.447931
1312 0.605069 0.285988  0.108943
1893 0.100937 0.675386  0.223676
3109 0.223349 0.334852  0.441798
1193 0.112696 0.308231  0.579073
1756 0.367806 0.346958  0.285236
223 0.162977 0.646521  0.190502
2492 0.379744 0.274305  0.345951
2080 0.529372 0.0239298  0.446698
617 0.0672767 0.463277  0.469446
1455 0.455626 0.433816  0.110558
1754 0.0564654 0.295987  0.647547
1072 0.221941 0.220427  0.557632
2667 0.170594 0.426663  0.402743
2033 0.506063 0.267554  0.226384
2767 0.342268 0.544665  0.113066
440 0.365567 0.313825  0.320608
3002 0.433108 0.145209  0.421683
2227 0.796233 0.0612833  0.142484
684 0.3021 0.307464  0.390436
3107 0.315047 0.0944647  0.590488
565 0.371808 0.32784  0.300352
2757 0.0526366 0.344846  0.602518
2107 0.141502 0.402473  0.456025
1072 0.0269889 0.38077  0.592241
1322 0.0876861 0.57117  0.341144
1135 0.628164 0.0294029  0.342433
703 0.545537 0.0965484  0.357914
2074 0.128806 0.321558  0.549636
2921 0.446273 0.12019  0.433537
1947 0.216501 0.371016  0.412484
794 0.357554 0.298524  0.343921
2249 0.327772 0.334182  0.338046
1713 0.285617 0.239537  0.474845
844 0.174809 0.406128  0.419063
1733 0.603075 0.0133463  0.383579
1668 0.0958027 0.315312  0.588885
2357 0.363916 0.373601  0.262483
2587 0.157419 0.322945  0.519636
3315 0.298955 0.35404  0.347005
3495 0.302848 0.331816  0.365336
291 0.52846 0.101428  0.370112
1492 0.461688 0.300804  0.237508
1873 0.746598 0.116805  0.136597
61 0.510384 0.453343  0.0362723
3026 0.193935 0.454572  0.351493
785 0.655225 0.115659  0.229116
1311 0.186914 0.552702  0.260384
1999 0.16962 0.578601  0.25178
2429 0.345005 0.185678  0.469317
2680 0.264236 0.526298  0.209465
858 0.379949 0.253077  0.366974
1176 0.298467 0.456035  0.245498
1431 0.901906 0.0489147  0.049179
1385 0.479203 0.225014  0.295784
814 0.389631 0.240371  0.369999
1244 0.362203 0.255386  0.382411
1089 0.576372 0.0527017  0.370926
1319 0.331336 0.280978  0.387686
1767 0.376795 0.191632  0.431573
3354 0.564916 0.335387  0.0996974
1710 0.547517 0.0482138  0.404269
662 0.435288 0.116666  0.448047
2948 0.177961 0.422961  0.399078
1792 0.0477568 0.646629  0.305614
1407 0.39316 0.265274  0.341566
2943 0.37727 0.0343091  0.588421
2171 0.396743 0.280363  0.322894
3005 0.359076 0.0963829  0.544541
249 0.379549 0.446383  0.174068
2913 0.102527 0.373207  0.524267
2993 0.449305 0.252954  0.297742
300 0.153939 0.83139  0.0146707
863 0.223457 0.289785  0.486758
216 0.238925 0.639035  0.12204
2739 0.147026 0.556169  0.296805
704 0.0696529 0.321168  0.609179
1319 0.199429 0.35165  0.448921
3413 0.374017 0.285103  0.34088
624 0.435944 0.170589  0.393466
3109 0.399079 0.57104  0.0298809
1790 0.207913 0.383312  0.408775
833 0.292074 0.25811  0.449816
1115 0.249941 0.364966  0.385093
909 0.482946 0.506962  0.0100922
1157 0.163444 0.149818  0.686738
1800 0.326831 0.144431  0.528738
278 0.11728 0.356371  0.526349
2039 0.204887 0.2658  0.529313
3525 0.492275 0.421043  0.0866819
1337 0.383477 0.410195  0.206328
2902 0.335357 0.260957  0.403685
3418 0.163032 0.375583  0.461385
442 0.317382 0.372866  0.309752
3431 0.724436 0.0983132  0.17725
426 0.466113 0.265246  0.268641
3008 0.192859 0.323662  0.48348
2741 0.466278 0.0110888  0.522633
2791 0.584113 0.0072678  0.408619
601 0.308337 0.143668  0.547995
2557 0.330305 0.570424  0.0992712
2499 0.226255 0.411331  0.362415
1243 0.103369 0.451775  0.444856
2371 0.560204 0.0288226  0.410974
109 0.479681 0.0311968  0.489122
1785 0.407184 0.423714  0.169102
1088 0.443463 0.506329  0.0502082
1543 0.331444 0.145223  0.523333
3153 0.498538 0.29161  0.209852
836 0.171323 0.422536  0.406141
2429 0.325932 0.276901  0.397167
367 0.0245325 0.532283  0.443185
1817 0.462596 0.137859  0.399545
3241 0.144626 0.117666  0.737708
1784 0.398467 0.28395  0.317584
2269 0.424435 0.124157  0.451409
1801 0.266647 0.655538  0.0778144
2576 0.151979 0.286913  0.561108
47 0.385112 0.244835  0.370053
1738 0.671625 0.277074  0.0513012
2814 0.133404 0.194392  0.672203
2866 0.585228 0.0442674  0.370504
1213 0.484288 0.152487  0.363226
1633 0.120475 0.522721  0.356804
1946 0.631212 0.0412337  0.327555
1337 0.713962 0.0776662  0.208372
274 0.50082 0.233019  0.266161
345 0.270283 0.475658  0.254059
1132 0.493836 0.404283  0.101881
3287 0.432495 0.39829  0.169216
578 0.228262 0.225034  0.546704
2527 0.169273 0.781477  0.0492501
2032 0.517493 0.258212  0.224295
1028 0.398517 0.373283  0.228199
1487 0.556243 0.16952  0.274237
1350 0.198726 0.404533  0.39674
3139 0.246862 0.208433  0.544705
1804 0.466339 0.0451118  0.488549
6 0.400932 0.509267  0.0898011
2858 0.363478 0.141359  0.495163
3357 0.0518643 0.415195  0.532941
3040 0.454579 0.255713  0.289709
708 0.509548 0.051816  0.438636
2411 0.612435 0.0166777  0.370888
3009 0.427607 0.511477  0.060916
2329 0.388523 0.522001  0.0894759
208 0.200615 0.428507  0.370878
84 0.168433 0.503101  0.328466
1000 0.0787326 0.444143  0.477124
1410 0.229995 0.0315761  0.738429
1872 0.68843 0.280852  0.0307186
1653 0.234452 0.342862  0.422685
3153 0.38565 0.348087  0.266263
1557 0.192664 0.0748842  0.732452
2699 0.108537 0.448916  0.442547
2393 0.344354 0.308505  0.347141
2029 0.281323 0.410375  0.308302
1938 0.0772671 0.319156  0.603577
812 0.372509 0.386755  0.240735
1141 0.470736 0.40155  0.127714
2415 0.366328 0.276163  0.357509
2420 0.397192 0.200482  0.402327
3014 0.308743 0.42  0.271257
729 0.322506 0.639452  0.038042
1654 0.0779795 0.0654238  0.856597
3385 0.497822 0.455294  0.0468841
1563 0.215059 0.140519  0.644422
1701 0.166502 0.663685  0.169813
3398 0.205639 0.427841  0.36652
2259 0.328841 0.217371  0.453787
365 0.410021 0.204128  0.385851
246 0.132504 0.749601  0.117895
1311 0.40251 0.507859  0.0896314
2563 0.536694 0.0285353  0.43477
1815 0.0981167 0.558294  0.34359
3399 0.0980687 0.425545  0.476386
2178 0.0605045 0.247733  0.691763
1199 0.293139 0.227604  0.479257
3342 0.360118 0.364065  0.275817
2018 0.391669 0.341683  0.266647
2032 0.504612 0.0943769  0.401011
19 0.599724 0.152219  0.248057
2226 0.361803 0.281497  0.3567
1642 0.63496 0.0317119  0.333328
511 0.411486 0.26941  0.319104
2178 0.22054 0.496103  0.283357
3144 0.626272 0.114604  0.259124
1806 0.476242 0.108784  0.414974
705 0.336741 0.551131  0.112128
1783 0.458291 0.464797  0.0769112
51 0.334932 0.315981  0.349087
2708 0.341386 0.135658  0.522957
431 0.434504 0.155758  0.409737
369 0.214984 0.474318  0.310698
2970 0.350529 0.422978  0.226493
3006 0.533759 0.227724  0.238517
1027 0.269331 0.143777  0.586892
260 0.064891 0.325049  0.61006
1839 0.217284 0.211713  0.571003
2682 0.316432 0.421987  0.261581
75 0.360047 0.431262  0.208691
2558 0.559403 0.0639876  0.37661
3530 0.437534 0.372682  0.189785
197 0.344887 0.451162  0.20395
1898 0.128586 0.502725  0.368689
830 0.225568 0.313043  0.461389
113 0.479056 0.0648399  0.456104
771 0.391493 0.331454  0.277053
205 0.419462 0.328161  0.252377
587 0.268759 0.132165  0.599076
3262 0.595694 0.328318  0.0759884
1731 0.434317 0.163608  0.402075
902 0.180356 0.0516708  0.767974
2964 0.49495 0.313777  0.191274
749 0.436759 0.278882  0.284359
359 0.519359 0.0937877  0.386853
1563 0.288127 0.256501  0.455372
3318 0.0597658 0.213848  0.726386
293 0.278936 0.0499306  0.671134
1896 0.161097 0.624464  0.214439
579 0.211577 0.33853  0.449893
1508 0.353773 0.203484  0.442743
201 0.318338 0.40418  0.277482
1725 0.747595 0.204941  0.0474636
2001 0.272853 0.493826  0.233321
969 0.317322 0.376148  0.306529
1637 0.139813 0.515587  0.3446
2903 0.250673 0.330743  0.418584
287 0.255023 0.33274  0.412237
78 0.418887 0.345624  0.235489
2269 0.3856 0.454257  0.160143
428 0.665044 0.0707906  0.264165
2249 0.0450971 0.588015  0.366888
2816 0.536676 0.381327  0.0819978
2768 0.411169 0.287816  0.301015
87 0.225337 0.181051  0.593611
1927 0.140049 0.309853  0.550098
2018 0.42965 0.205776  0.364574
3351 0.0620446 0.499522  0.438433
2858 0.421022 0.0359168  0.543061
1027 0.0990317 0.246759  0.654209
2940 0.0553678 0.564495  0.380137
2741 0.330888 0.426857  0.242256
3013 0.351406 0.340631  0.307963
1991 0.341243 0.136296  0.522461
2016 0.218832 0.399532  0.381636
2601 0.111556 0.622111  0.266333
3533 0.16748 0.37995  0.452571
2022 0.700071 0.201584  0.0983449
2132 0.411486 0.259073  0.329441
3538 0.627101 0.15558  0.217319
2268 0.200714 0.64329  0.155996
3513 0.149618 0.535977  0.314405
2084 0.216514 0.439883  0.343603
1370 0.114712 0.445675  0.439612
1755 0.25 0.378387  0.371613
3104 0.414535 0.383951  0.201514
531 0.160073 0.367589  0.472338
2681 0.0372409 0.22736  0.735399
223 0.187793 0.468913  0.343294
781 0.298774 0.287422  0.413804
3501 0.529204 0.237575  0.233221
84 0.213292 0.567175  0.219534
1273 0.0821167 0.516881  0.401002
1582 0.202931 0.125835  0.671233
3231 0.37893 0.458975  0.162096
1912 0.357673 0.350541  0.291786
1749 0.368301 0.492827  0.138872
1629 0.432651 0.390541  0.176808
1053 0.278974 0.484176  0.23685
1664 0.418166 0.398662  0.183172
2971 0.382968 0.416084  0.200948
2060 0.161308 0.684433  0.154259
652 0.389645 0.294372  0.315982
2045 0.369313 0.305959  0.324728
1708 0.247103 0.180693  0.572204
516 0.279743 0.557955  0.162302
207 0.541062 0.335415  0.123523
1593 0.221275 0.389946  0.38878
1878 0.248337 0.483746  0.267917
1999 0.713811 0.15276  0.133429
774 0.236725 0.398107  0.365167
3330 0.492121 0.498528  0.00935064
3104 0.339773 0.188761  0.471466
1123 0.320277 0.389597  0.290127
574 0.397206 0.218786  0.384008
2432 0.595987 0.229564  0.17445
1816 0.368024 0.0369107  0.595065
881 0.108563 0.292417  0.599021
819 0.365913 0.113274  0.520813
2419 0.1766 0.696705  0.126696
344 0.5036 0.0354317  0.460968
3001 0.316787 0.313602  0.369611
2479 0.146921 0.137485  0.715594
1147 0.349332 0.557451  0.0932162
3108 0.442422 0.22705  0.330528
1387 0.511763 0.1987  0.289537
3352 0.694079 0.140929  0.164992
2154 0.202531 0.558177  0.239292
3228 0.518155 0.442839  0.039006
2070 0.429822 0.365668  0.20451
1230 0.630094 0.335536  0.0343693
290 0.528779 0.11475  0.356471
239 0.468095 0.0625316  0.469373
2034 0.590163 0.0945327  0.315304
419 0.324572 0.462461  0.212967
46 0.361889 0.362059  0.276052
1871 0.062576 0.681676  0.255748
2175 0.182139 0.534925  0.282936
476 0.154643 0.234826  0.610531
2682 0.79509 0.131152  0.0737581
2147 0.0833299 0.134183  0.782487
3149 0.499996 0.0385969  0.461407
2178 0.360472 0.457818  0.18171
420 0.0780681 0.48709  0.434842
474 0.484899 0.225042  0.290059
706 0.333509 0.348391  0.318101
3411 0.185116 0.529718  0.285166
2165 0.45359 0.0792315  0.467179
2703 0.228619 0.170881  0.6005
1503 0.670334 0.091659  0.238007
1603 0.447881 0.241875  0.310244
1640 0.20869 0.35571  0.4356
2752 0.45449 0.230613  0.314897
3541 0.532527 0.216648  0.250825
967 0.0834326 0.701943  0.214625
25 0.0129583 0.41758  0.569461
1993 0.0723571 0.674348  0.253295
305 0.555254 0.376014  0.0687319
1193 0.237956 0.315416  0.446627
3107 0.185079 0.464971  0.34995
2080 0.261275 0.360086  0.378639
2768 0.425893 0.427893  0.146214
2236 0.516807 0.308552  0.174641
3073 0.410476 0.408486  0.181038
2178 0.360245 0.496931  0.142824
2209 0.772557 0.125175  0.102268
897 0.253488 0.720997  0.025515
2199 0.382039 0.423687  0.194273
1593 0.417708 0.216911  0.365381
2060 0.299312 0.221575  0.479113
1387 0.229186 0.356316  0.414498
1640 0.3329 0.442885  0.224215
1737 0.457434 0.361112  0.181454
2996 0.754499 0.195454  0.0500468
1902 0.179035 0.125532  0.695432
3319 0.386291 0.511489  0.10222
24 0.251341 0.193719  0.554941
1327 0.092117 0.0813741  0.826509
814 0.0285713 0.242244  0.729184
3510 0.207685 0.483894  0.30842
2501 0.414235 0.225193  0.360571
3219 0.431042 0.123875  0.445083
2987 0.0667636 0.520184  0.413053
2765 0.233802 0.527546  0.238652
206 0.323164 0.556513  0.120323
3462 0.353518 0.382223  0.264259
3405 0.499083 0.0985936  0.402324
1920 0.312613 0.30893  0.378457
1596 0.422894 0.154459  0.422647
70 0.47502 0.276959  0.248021
3064 0.37501 0.175932  0.449058
303 0.358758 0.416933  0.224309
1240 0.236975 0.239289  0.523736
2437 0.0125336 0.529425  0.458041
3331 0.0733 0.485423  0.441277
2785 0.330079 0.325311  0.34461
2724 0.653852 0.322547  0.0236012
241 0.0404014 0.46628  0.493318
2869 0.270489 0.323601  0.40591
341 0.267875 0.693871  0.0382539
2411 0.281234 0.0254785  0.693287
304 0.477686 0.195288  0.327026
3169 0.388116 0.375519  0.236365
200 0.316119 0.31346  0.370421
1801 0.150426 0.0841922  0.765382
2495 0.212997 0.514548  0.272455
1763 0.349048 0.434965  0.215987
833 0.455326 0.396621  0.148053
1882 0.631582 0.262656  0.105762
1714 0.182144 0.422956  0.3949
1675 0.513609 0.155025  0.331367
643 0.542248 0.286324  0.171428
3165 0.848467 0.139586  0.0119466
1489 0.223706 0.252225  0.524069
1592 0.310812 0.477109  0.212079
448 0.276297 0.119068  0.604636
2883 0.321318 0.56482  0.113862
2179 0.313725 0.111381  0.574894
3156 0.515575 0.24587  0.238555
2576 0.234034 0.288644  0.477322
2234 0.399871 0.235995  0.364135
3085 0.389821 0.317468  0.292711
1728 0.0532108 0.457149  0.48964
160 0.336219 0.233802  0.429979
1346 0.398984 0.346038  0.254978
302 0.217564 0.532089  0.250347
2255 0.28603 0.363409  0.350561
3210 0.0896194 0.522956  0.387424
2646 0.312248 0.0773914  0.61036
1738 0.336331 0.482928  0.180741
978 0.280871 0.642285  0.0768435
1989 0.444383 0.280473  0.275144
1713 0.501123 0.203763  0.295113
2940 0.278979 0.314976  0.406045
310 0.0877989 0.365126  0.547075
3495 0.242858 0.207578  0.549563
3248 0.0920508 0.142914  0.765035
407 0.390996 0.334697  0.274307
1967 0.0708412 0.416448  0.512711
2341 0.315124 0.433771  0.251104
3382 0.206049 0.598235  0.195717
1553 0.831743 0.0959823  0.0722746
453 0.477519 0.205292  0.317189
1223 0.334735 0.318986  0.346279
2431 0.196153 0.522608  0.281239
3497 0.524076 0.365494  0.110429
3504 0.357484 0.362098  0.280418
330 0.0467928 0.547398  0.40581
2084 0.22082 0.270211  0.508969
1998 0.250398 0.407993  0.341609
3337 0.0232111 0.197104  0.779685
3509 0.234488 0.153339  0.612173
3436 0.26591 0.506408  0.227682
2843 0.204382 0.540093  0.255524
75 0.2049 0.177474  0.617626
3483 0.18948 0.73592  0.0746
3491 0.287877 0.173824  0.538299
304 0.203162 0.343556  0.453282
1817 0.47528 0.231449  0.293271
2695 0.657593 0.128932  0.213475
1785 0.568492 0.0290303  0.402478
3508 0.353893 0.53413  0.111978
1232 0.274425 0.374574  0.351001
2896 0.494337 0.128749  0.376914
2190 0.504958 0.153349  0.341694
1631 0.144726 0.548803  0.306471
1586 0.303581 0.480684  0.215735
3337 0.24752 0.510498  0.241982
2223 0.359042 0.423883  0.217075
1065 0.316584 0.403452  0.279964
189 0.67358 0.206477  0.119943
2998 0.382808 0.357856  0.259336
2106 0.579982 0.181338  0.23868
2348 0.494615 0.319851  0.185534
1789 0.847381 0.138327  0.0142918
2376 0.317737 0.396275  0.285988
216 0.742632 0.179956  0.0774113
1336 0.569702 0.28846  0.141838
2515 0.0751817 0.710818  0.214
2026 0.382319 0.0991667  0.518515
1426 0.3925 0.228026  0.379473
1867 0.369199 0.468199  0.162602
1555 0.563099 0.409015  0.0278856
2207 0.623604 0.277091  0.0993046
3066 0.283863 0.342498  0.373639
2408 0.326756 0.25242  0.420824
207 0.179805 0.36272  0.457476
2769 0.431242 0.561088  0.00767012
1333 0.309529 0.648964  0.0415065
1757 0.257428 0.357998  0.384574
1803 0.456483 0.460035  0.0834827
1999 0.382772 0.456078  0.16115
1743 0.620235 0.214239  0.165526
1898 0.546387 0.267403  0.18621
1900 0.0129048 0.494836  0.492259
2511 0.553227 0.234974  0.211799
962 0.285596 0.429014  0.28539
2973 0.682136 0.283181  0.0346832
1127 0.0702384 0.54896  0.380801
559 0.268968 0.37515  0.355882
3534 0.18611 0.437627  0.376263
1424 0.302939 0.292822  0.404239
1639 0.33332 0.368741  0.297939
2655 0.219167 0.366201  0.414631
1906 0.157479 0.563211  0.27931
1493 0.121764 0.664305  0.213931
1415 0.131705 0.610125  0.25817
2579 0.0319916 0.689027  0.278982
1354 0.126419 0.538862  0.334719
978 0.233648 0.337619  0.428733
594 0.240503 0.617345  0.142153
394 0.356984 0.255108  0.387909
1763 0.491513 0.459462  0.0490247
2136 0.845205 0.0992351  0.05556
3384 0.352496 0.273817  0.373687
368 0.214163 0.538436  0.247402
271 0.476691 0.369584  0.153725
1637 0.418329 0.3087  0.27297
2211 0.0293817 0.58379  0.386828
1000 0.366499 0.13523  0.498272
1637 0.461826 0.194233  0.343941
67 0.112519 0.266589  0.620892
1898 0.217642 0.559934  0.222425
1831 0.0846746 0.389075  0.52625
1564 0.706712 0.109919  0.183369
478 0.040461 0.449882  0.509657
202 0.287626 0.363733  0.348641
1225 0.326057 0.296972  0.376971
2680 0.316059 0.671376  0.0125657
1310 0.528124 0.157583  0.314293
2704 0.361436 0.327835  0.310729
2373 0.459498 0.107474  0.433028
2158 0.573073 0.125487  0.301441
2444 0.014823 0.506326  0.478851
344 0.222506 0.117795  0.659699
3202 0.497028 0.328877  0.174096
1538 0.245873 0.494821  0.259306
3415 0.708518 0.191824  0.0996576
19 0.665177 0.244443  0.0903804
2426 0.0564486 0.669138  0.274413
702 0.465918 0.134774  0.399307
2372 0.605028 0.17329  0.221682
3365 0.387328 0.430155  0.182517
655 0.52713 0.385261  0.0876086
476 0.444041 0.103673  0.452286
1973 0.0559959 0.485522  0.458482
527 0.314197 0.424306  0.261497
1202 0.335985 0.333907  0.330108
1650 0.498183 0.0178695  0.483948
1292 0.334556 0.224697  0.440747
125 0.586359 0.175739  0.237902
2107 0.168644 0.709006  0.12235
2170 0.585716 0.165332  0.248952
2231 0.604032 0.0805013  0.315467
753 0.405072 0.298541  0.296387
391 0.0266364 0.511171  0.462193
594 0.731219 0.165624  0.103157
843 0.489031 0.385845  0.125124
2153 0.274788 0.189033  0.536179
1262 0.436218 0.501774  0.062008
783 0.343658 0.289908  0.366434
696 0.0765704 0.477516  0.445914
674 0.743868 0.161412  0.0947199
2090 0.357997 0.0969377  0.545066
235 0.0957162 0.591564  0.31272
3328 0.740425 0.10998  0.149595
3338 0.30479 0.407582  0.287628
2721 0.383712 0.204166  0.412122
1074 0.314592 0.425062  0.260346
3548 0.739056 0.132612  0.128332
2224 0.511308 0.346439  0.142253
2314 0.556665 0.074752  0.368583
171 0.648052 0.305281  0.046667
3510 0.399755 0.323753  0.276492
1870 0.38233 0.388163  0.229507
1637 0.194669 0.209909  0.595422
1557 0.503322 0.0367501  0.459928
107 0.148921 0.476848  0.37423
1755 0.46377 0.206272  0.329959
3506 0.332368 0.407541  0.260091
2880 0.421548 0.469245  0.109206
736 0.364157 0.304652  0.331191
2233 0.286512 0.252145  0.461344
979 0.480186 0.454426  0.0653876
1632 0.365572 0.227431  0.406998
2778 0.28989 0.116189  0.593921
2689 0.466519 0.470586  0.0628948
1352 0.23181 0.394409  0.373781
1203 0.250127 0.260178  0.489695
3308 0.326487 0.167688  0.505825
367 0.119601 0.280521  0.599878
808 0.151596 0.685969  0.162435
2223 0.20695 0.425697  0.367353
2167 0.0788887 0.728595  0.192516
1048 0.228003 0.18787  0.584128
1510 0.00953451 0.524284  0.466181
2739 0.0232553 0.357249  0.619496
2169 0.514891 0.284292  0.200817
1512 0.351588 0.367983  0.280428
3154 0.454449 0.132701  0.41285
1233 0.242762 0.556123  0.201115
2907 0.409832 0.468699  0.121469
1750 0.420313 0.446951  0.132735
3250 0.43858 0.209523  0.351897
511 0.251816 0.522356  0.225827
1809 0.127382 0.662621  0.209997
3378 0.573192 0.347179  0.079629
179 0.120256 0.498197  0.381547
140 0.147496 0.7848  0.0677033
3331 0.487341 0.484389  0.02827
49 0.534972 0.179372  0.285656
2469 0.520236 0.0978479  0.381916
2071 0.416364 0.47224  0.111396
2586 0.411193 0.31422  0.274587
2152 0.192528 0.0830606  0.724411
2699 0.350951 0.475017  0.174031
2295 0.273137 0.0687311  0.658132
2475 0.346194 0.0265579  0.627249
2067 0.170412 0.669477  0.160111
618 0.250106 0.718402  0.0314929
781 0.396132 0.235541  0.368327
737 0.1799 0.358922  0.461178
1765 0.140938 0.541233  0.31783
2075 0.431212 0.00991138  0.558876
1128 0.157211 0.531394  0.311395
620 0.208958 0.306631  0.484411
2587 0.0789889 0.185003  0.736008
1044 0.499729 0.207565  0.292706
2427 0.277629 0.282839  0.439532
694 0.209601 0.375105  0.415295
556 0.53062 0.187429  0.281951
1148 0.354274 0.371738  0.273988
2232 0.090556 0.306616  0.602828
2316 0.545595 0.066006  0.388399
1711 0.443605 0.270927  0.285468
792 0.29216 0.620866  0.0869742
973 0.0670237 0.660476  0.2725
2070 0.37432 0.279826  0.345854
2698 0.571568 0.0605577  0.367874
3012 0.359777 0.241053  0.39917
3510 0.237523 0.619313  0.143164
2322 0.177973 0.0314471  0.79058
653 0.44127 0.381421  0.177309
1555 0.182108 0.243449  0.574442
2492 0.648707 0.34132  0.00997266
2683 0.360153 0.302777  0.337071
2591 0.0709705 0.598081  0.330948
1735 0.462262 0.519289  0.0184489
2328 0.315719 0.490011  0.19427
2438 0.0408248 0.314218  0.644957
861 0.387059 0.304191  0.308749
1761 0.460664 0.317151  0.222185
1930 0.452699 0.386419  0.160882
1248 0.0978043 0.0939657  0.80823
1893 0.104564 0.54049  0.354946
1493 0.0546019 0.472436  0.472962
3391 0.367487 0.522826  0.109688
517 0.182055 0.34281  0.475135
3247 0.243486 0.536601  0.219913
1085 0.34305 0.494893  0.162057
532 0.550004 0.402813  0.0471826
1804 0.261248 0.295398  0.443355
2854 0.374701 0.332643  0.292656
2865 0.164842 0.741486  0.0936723
3397 0.266262 0.284437  0.449301
3392 0.0957841 0.592138  0.312078
3452 0.347123 0.262269  0.390607
390 0.181668 0.167916  0.650416
1893 0.188188 0.781057  0.0307548
3323 0.404708 0.444408  0.150884
2210 0.289312 0.353467  0.357221
2907 0.312668 0.010632  0.676699
1728 0.539777 0.215826  0.244397
1251 0.762657 0.20616  0.0311827
2221 0.425249 0.445427  0.129324
2500 0.353185 0.429722  0.217093
1275 0.55662 0.116482  0.326898
2053 0.308232 0.615702  0.0760652
658 0.2008 0.544659  0.254541
952 0.599032 0.162456  0.238511
2020 0.294725 0.250562  0.454713
1454 0.132824 0.646213  0.220963
575 0.068967 0.165716  0.765317
2403 0.173202 0.471446  0.355352
533 0.349181 0.574555  0.0762649
365 0.360908 0.277769  0.361323
1918 0.449839 0.161954  0.388207
1403 0.227581 0.419513  0.352906
707 0.109006 0.37491  0.516084
2396 0.397282 0.422268  0.18045
3019 0.375263 0.207888  0.416849
2682 0.0414649 0.419363  0.539172
2236 0.278095 0.523031  0.198875
3110 0.244754 0.369106  0.38614
2688 0.502955 0.0324298  0.464615
208 0.538152 0.264912  0.196936
2171 0.126602 0.292954  0.580444
2262 0.705025 0.246435  0.0485396
2184 0.27398 0.599618  0.126402
372 0.703469 0.186814  0.109718
78 0.573433 0.071005  0.355562
3273 0.570989 0.0393916  0.389619
753 0.388818 0.251857  0.359325
623 0.721477 0.234453  0.0440697
2189 0.203377 0.436482  0.360141
792 0.306897 0.401886  0.291217
3150 0.121519 0.457931  0.42055
3269 0.457928 0.230392  0.311679
2612 0.369375 0.263188  0.367437
720 0.0513749 0.0847721  0.863853
1185 0.559712 0.256157  0.18413
2207 0.354143 0.149752  0.496106
2840 0.123784 0.613284  0.262932
375 0.360415 0.0319412  0.607644
1356 0.0224156 0.705836  0.271748
2846 0.220564 0.344218  0.435218
3345 0.497874 0.387584  0.114542
3546 0.142637 0.49647  0.360893
754 0.43787 0.537607  0.0245227
600 0.668108 0.175441  0.15645
2060 0.369068 0.147472  0.48346
372 0.629449 0.126795  0.243757
3138 0.444243 0.474441  0.0813161
1486 0.0564242 0.662968  0.280607
1823 0.314374 0.181961  0.503665
1997 0.214275 0.426381  0.359344
3544 0.268436 0.529467  0.202097
380 0.350052 0.226258  0.42369
447 0.150383 0.320948  0.52867
1465 0.269694 0.555548  0.174758
247 0.0289538 0.470576  0.500471
283 0.357426 0.205406  0.437168
2846 0.352822 0.0934811  0.553696
3000 0.331659 0.45395  0.214391
3495 0.453904 0.134187  0.411909
2853 0.32405 0.56482  0.111129
835 0.469418 0.471114  0.0594686
3002 0.266536 0.143531  0.589932
981 0.237183 0.631865  0.130952
2073 0.0662 0.270854  0.662946
3010 0.142118 0.467648  0.390234
2324 0.454856 0.186227  0.358917
1654 0.0609782 0.380528  0.558494
3222 0.323831 0.344358  0.331811
3342 0.429809 0.360221  0.20997
3497 0.259873 0.452506  0.28762
1315 0.371374 0.406222  0.222404
2989 0.115922 0.653293  0.230785
1900 0.304694 0.339702  0.355604
2320 0.366872 0.39413  0.238998
1566 0.470721 0.146255  0.383024
2257 0.638219 0.1676  0.194181
597 0.593484 0.103258  0.303258
899 0.209353 0.531435  0.259212
1648 0.286485 0.230313  0.483202
3003 0.816994 0.157697  0.0253093
3087 0.382659 0.284952  0.332389
3112 0.149784 0.460729  0.389487
3001 0.447948 0.429372  0.12268
1960 0.142946 0.43077  0.426283
400 0.04718 0.755506  0.197314
3506 0.80465 0.0931736  0.102177
2861 0.245021 0.265711  0.489268
1763 0.192343 0.711436  0.0962214
1813 0.0604545 0.631104  0.308441
701 0.47151 0.15939  0.3691
3025 0.072279 0.0686586  0.859062
1496 0.609582 0.273328  0.11709
2405 0.387861 0.380823  0.231316
1350 0.351597 0.336875  0.311528
2174 0.371451 0.462283  0.166266
2235 0.269 0.237118  0.493882
1122 0.0937732 0.379503  0.526723
737 0.365424 0.319104  0.315472
2166 0.604004 0.15825  0.237746
2608 0.646414 0.0483572  0.305228
2012 0.394368 0.219962  0.38567
1461 0.319834 0.401624  0.278542
2850 0.071812 0.7859  0.142288
237 0.421675 0.396365  0.18196
207 0.21251 0.33748  0.45001
181 0.335506 0.334172  0.330323
3355 0.582764 0.148052  0.269184
685 0.517414 0.394919  0.0876662
1723 0.386941 0.282161  0.330898
2624 0.739461 0.046161  0.214378
3267 0.464234 0.418236  0.117529
2489 0.310971 0.407093  0.281936
970 0.603218 0.216176  0.180606
2281 0.285008 0.485162  0.22983
2690 0.519182 0.0977621  0.383056
2809 0.22932 0.242479  0.528201
3520 0.391356 0.235392  0.373252
1632 0.153695 0.495505  0.3508
3178 0.407713 0.545983  0.0463035
2425 0.467894 0.416687  0.115419
868 0.357135 0.382916  0.259949
3511 0.395528 0.271537  0.332935
517 0.343038 0.476117  0.180845
3261 0.0425169 0.485559  0.471924
1865 0.46841 0.430766  0.100823
3139 0.312575 0.262502  0.424923
3400 0.215002 0.407419  0.377579
