10765 0.126 0.377264  0.496736
14301 0.470255 0.210341  0.319403
13536 0.564685 0.34043  0.094885
6068 0.508557 0.174311  0.317132
391 0.431608 0.170443  0.397949
1832 0.19446 0.428552  0.376988
11832 0.168758 0.201739  0.629503
6444 0.23907 0.353659  0.407271
13992 0.229206 0.704553  0.0662411
10803 0.0517834 0.58011  0.368107
988 0.48048 0.39411  0.12541
9507 0.479628 0.474885  0.0454874
9956 0.651693 0.316731  0.0315754
7052 0.121002 0.730726  0.148272
3013 0.291822 0.501808  0.20637
13836 0.446244 0.449658  0.104097
256 0.841317 0.122165  0.036518
14484 0.664524 0.0496956  0.28578
10766 0.0117087 0.19778  0.790511
1738 0.599448 0.158487  0.242065
126 0.427874 0.186592  0.385534
14299 0.512759 0.0777195  0.409521
10781 0.450221 0.419224  0.130555
10781 0.240208 0.399636  0.360156
4975 0.639812 0.294098  0.06609
1730 0.049826 0.647283  0.302891
9770 0.435654 0.255717  0.308629
9 0.0962786 0.460586  0.443135
12786 0.457722 0.168687  0.37359
7319 0.0483595 0.586169  0.365472
14445 0.42832 0.184032  0.387648
13401 0.0233599 0.0793712  0.897269
10672 0.406644 0.0442759  0.54908
2108 0.499915 0.297534  0.202552
13787 0.39692 0.068234  0.534846
8911 0.328499 0.409229  0.262272
4386 0.384811 0.320789  0.2944
3597 0.0872704 0.624154  0.288576
5555 0.287025 0.585185  0.12779
10642 0.414501 0.146957  0.438542
8054 0.525278 0.207505  0.267216
4838 0.0822178 0.687239  0.230544
13553 0.285504 0.374087  0.34041
1737 0.124409 0.378859  0.496732
3832 0.072647 0.566761  0.360592
8739 0.455087 0.168071  0.376841
1393 0.555569 0.280314  0.164118
10582 0.341142 0.330977  0.327881
13518 0.365188 0.287917  0.346894
4386 0.147461 0.513155  0.339384
9147 0.442992 0.405805  0.151202
11019 0.49985 0.117529  0.382621
1717 0.191083 0.619873  0.189044
12974 0.0223869 0.721212  0.256401
6385 0.510172 0.197929  0.2919
8622 0.16541 0.799073  0.0355172
12070 0.605767 0.114519  0.279713
12174 0.461936 0.468879  0.0691849
4479 0.147782 0.683578  0.168639
1447 0.0550609 0.43375  0.51119
1006 0.772589 0.124908  0.102503
4423 0.0632609 0.546712  0.390027
4589 0.314773 0.0743599  0.610867
9137 0.519868 0.323434  0.156698
8309 0.36368 0.465776  0.170543
6079 0.405362 0.189415  0.405222
4136 0.246705 0.551926  0.201369
12272 0.588736 0.262437  0.148827
6308 0.381349 0.187374  0.431277
4387 0.434775 0.0240065  0.541219
2830 0.143871 0.297508  0.558622
6474 0.381044 0.130585  0.488371
7084 0.0984691 0.498881  0.40265
6898 0.430379 0.348581  0.221041
401 0.362406 0.0727986  0.564796
12470 0.510257 0.0990584  0.390685
12216 0.0690121 0.0796323  0.851356
7216 0.40135 0.476938  0.121713
7069 0.106452 0.329689  0.563858
12171 0.310798 0.537495  0.151707
5837 0.128934 0.198081  0.672985
4457 0.560631 0.414679  0.0246906
7295 0.171638 0.121016  0.707346
5664 0.0747157 0.776297  0.148988
2267 0.446705 0.107739  0.445556
127 0.560204 0.109489  0.330307
995 0.0588676 0.473055  0.468078
4217 0.199285 0.354223  0.446492
7127 0.307847 0.120988  0.571165
6797 0.14405 0.446105  0.409845
12157 0.194196 0.593412  0.212392
14209 0.402071 0.14797  0.449959
8200 0.638057 0.189661  0.172282
2643 0.323294 0.250936  0.425771
1846 0.379137 0.271783  0.34908
3374 0.117846 0.313707  0.568446
4097 0.0815208 0.523476  0.395004
6384 0.0636993 0.121432  0.814869
12929 0.265418 0.535966  0.198616
1447 0.328611 0.504092  0.167297
4428 0.558496 0.325622  0.115882
10585 0.169083 0.48452  0.346398
12176 0.306949 0.167539  0.525512
11185 0.369849 0.438198  0.191954
7818 0.425087 0.149171  0.425742
4001 0.351585 0.251097  0.397318
11444 0.577046 0.202677  0.220277
11521 0.574548 0.0577011  0.367751
4388 0.267677 0.398794  0.333529
6423 0.437878 0.0683227  0.493799
5540 0.502527 0.379771  0.117701
10079 0.707401 0.0140221  0.278577
9978 0.467174 0.362873  0.169953
5114 0.316812 0.193665  0.489523
12840 0.355355 0.0965883  0.548056
14105 0.801409 0.0691862  0.129405
12175 0.170325 0.674132  0.155543
5929 0.239299 0.452712  0.307989
6578 0.562586 0.137504  0.29991
10608 0.449979 0.155672  0.394348
13022 0.414062 0.210114  0.375824
12992 0.375651 0.452192  0.172156
9530 0.220338 0.272771  0.506891
9530 0.330288 0.565244  0.104467
12204 0.361283 0.443106  0.195611
3447 0.262603 0.341436  0.395961
6444 0.287879 0.426811  0.285311
5876 0.227868 0.179163  0.592969
9273 0.085047 0.089337  0.825616
12175 0.367768 0.374763  0.257469
5538 0.139099 0.29306  0.567841
13778 0.333153 0.314239  0.352609
5286 0.145327 0.617  0.237674
2063 0.579171 0.0947241  0.326105
11560 0.405315 0.431486  0.1632
9500 0.145541 0.437423  0.417036
4095 0.261233 0.185458  0.553309
9530 0.375134 0.0443547  0.580511
5520 0.256643 0.420156  0.3232
10991 0.139808 0.486669  0.373523
10383 0.689951 0.197802  0.112247
7325 0.38363 0.193571  0.422799
1272 0.0385496 0.376552  0.584899
9331 0.0799839 0.21619  0.703826
9568 0.0514491 0.368013  0.580538
12175 0.203084 0.369294  0.427622
3803 0.482898 0.0168049  0.500298
7403 0.420443 0.529563  0.0499946
5985 0.334224 0.0337826  0.631994
7633 0.425576 0.326327  0.248097
11837 0.384931 0.350453  0.264617
6895 0.426921 0.118309  0.45477
1447 0.477712 0.22996  0.292328
12988 0.447113 0.0448443  0.508043
9506 0.309899 0.351975  0.338126
10218 0.171834 0.565361  0.262806
5761 0.501206 0.292377  0.206417
8907 0.678725 0.214721  0.106554
3098 0.250749 0.271666  0.477585
7027 0.511542 0.136327  0.352131
1829 0.340542 0.394397  0.265061
4500 0.347461 0.423599  0.228941
311 0.641308 0.029724  0.328968
12194 0.0820847 0.547664  0.370251
9625 0.322301 0.380787  0.296912
13972 0.399608 0.217069  0.383323
13530 0.176109 0.445173  0.378718
10146 0.326637 0.417301  0.256062
12174 0.542881 0.399883  0.0572361
14299 0.0590246 0.496486  0.44449
13749 0.1935 0.177787  0.628714
12172 0.430175 0.142308  0.427517
14296 0.303504 0.312519  0.383978
14177 0.264463 0.142944  0.592594
1814 0.153508 0.100839  0.745653
4058 0.0752067 0.581546  0.343247
12036 0.60235 0.118412  0.279238
6462 0.123941 0.823407  0.0526521
2977 0.501645 0.103302  0.395053
10960 0.352968 0.326772  0.32026
8909 0.363969 0.200443  0.435588
9525 0.334379 0.20794  0.457681
14035 0.421645 0.515941  0.0624141
5534 0.363878 0.179938  0.456184
10964 0.0227296 0.370947  0.606324
11886 0.147289 0.306086  0.546626
10962 0.520876 0.073564  0.40556
6403 0.448312 0.405065  0.146623
9379 0.0962437 0.521409  0.382347
11835 0.355964 0.362506  0.28153
11303 0.552671 0.0418839  0.405445
9888 0.245304 0.56537  0.189326
9668 0.43088 0.353269  0.215852
2783 0.112895 0.599583  0.287522
5056 0.500221 0.397923  0.101856
5555 0.256093 0.238923  0.504983
6308 0.0357534 0.698349  0.265898
5114 0.264089 0.616696  0.119215
7104 0.214307 0.359991  0.425701
1483 0.291625 0.533218  0.175156
11414 0.350596 0.272798  0.376606
2063 0.389865 0.192893  0.417242
14243 0.210427 0.405858  0.383716
8077 0.392239 0.514788  0.0929734
12328 0.421676 0.287078  0.291246
7532 0.234992 0.192197  0.572811
1245 0.306777 0.2701  0.423123
9805 0.468254 0.34533  0.186416
13482 0.106972 0.648131  0.244897
9588 0.456054 0.475866  0.0680799
13563 0.555384 0.169548  0.275067
14349 0.383119 0.264776  0.352104
3378 0.0984851 0.232254  0.66926
14545 0.12727 0.201633  0.671097
9530 0.214233 0.199608  0.586159
6058 0.218773 0.0110022  0.770225
10864 0.288761 0.514371  0.196868
9507 0.433289 0.300863  0.265848
11401 0.427674 0.316157  0.256168
7117 0.413324 0.406692  0.179984
7043 0.437045 0.139883  0.423072
12827 0.33954 0.267768  0.392692
14296 0.453234 0.476081  0.070685
4097 0.628194 0.290619  0.0811879
5041 0.559098 0.374697  0.0662054
6419 0.414531 0.326141  0.259328
14123 0.567091 0.407067  0.0258415
10079 0.202531 0.626032  0.171437
1451 0.41739 0.553152  0.0294577
11468 0.319305 0.330162  0.350533
12174 0.217443 0.452812  0.329744
1484 0.356968 0.108852  0.53418
11349 0.125303 0.792641  0.0820562
12194 0.170139 0.770501  0.0593602
4828 0.284532 0.53179  0.183678
4108 0.588185 0.279127  0.132688
6628 0.102459 0.501079  0.396461
11030 0.388833 0.104675  0.506493
3667 0.612589 0.1322  0.255211
11412 0.244118 0.49887  0.257012
12571 0.341891 0.152765  0.505345
9800 0.145151 0.0983708  0.756478
2996 0.625739 0.0351138  0.339147
12175 0.653586 0.0184308  0.327983
574 0.11459 0.0666659  0.818744
3684 0.482926 0.262697  0.254378
14306 0.252543 0.256005  0.491452
4386 0.387856 0.502975  0.109169
14299 0.33272 0.17732  0.48996
5962 0.211104 0.369407  0.41949
3931 0.265883 0.325226  0.408891
11122 0.279226 0.433118  0.287656
5223 0.198038 0.40722  0.394743
12170 0.160173 0.201503  0.638325
12309 0.709102 0.218092  0.0728062
1329 0.507247 0.086353  0.4064
4103 0.322972 0.406166  0.270861
4135 0.519628 0.361249  0.119123
5555 0.615174 0.187046  0.19778
6625 0.45179 0.0997293  0.44848
11182 0.444829 0.0904608  0.46471
458 0.280305 0.351527  0.368167
14629 0.34327 0.471326  0.185403
2278 0.240641 0.410321  0.349038
6300 0.616775 0.362619  0.0206055
13210 0.376008 0.516212  0.107781
13556 0.115868 0.537323  0.346809
4690 0.462915 0.438662  0.0984238
5555 0.543578 0.0793183  0.377103
1476 0.486927 0.422277  0.090796
6403 0.659034 0.124191  0.216775
7184 0.433206 0.174103  0.392691
5627 0.336294 0.328769  0.334937
14299 0.38207 0.425997  0.191932
14296 0.330004 0.350132  0.319864
1855 0.199056 0.239698  0.561246
9051 0.176907 0.239786  0.583307
7519 0.37079 0.291439  0.337772
5041 0.405082 0.15688  0.438038
8710 0.477755 0.410549  0.111696
4107 0.459926 0.156068  0.384006
5262 0.371423 0.371313  0.257265
3634 0.328646 0.182024  0.48933
11826 0.41979 0.438589  0.141621
11421 0.0826034 0.87826  0.0391366
11844 0.660678 0.319781  0.0195412
4131 0.448933 0.0216632  0.529404
8931 0.2467 0.532007  0.221293
4633 0.243908 0.540253  0.215838
479 0.323224 0.0545535  0.622222
12138 0.479881 0.276173  0.243946
9050 0.337357 0.173472  0.489171
3388 0.111725 0.425328  0.462947
12173 0.388688 0.212358  0.398953
12911 0.142008 0.21168  0.646312
4217 0.355197 0.555954  0.0888491
2256 0.227687 0.259131  0.513182
8739 0.0733078 0.470413  0.456279
7786 0.462299 0.456637  0.0810639
5539 0.349032 0.142197  0.508771
1447 0.383436 0.502088  0.114477
6390 0.424163 0.2402  0.335637
13997 0.0648286 0.33883  0.596342
4380 0.0314442 0.74265  0.225905
14089 0.2515 0.179082  0.569418
7842 0.293301 0.520155  0.186545
4946 0.326645 0.258565  0.41479
6022 0.362994 0.312403  0.324603
13536 0.355801 0.136184  0.508015
14508 0.137223 0.449122  0.413655
1628 0.833952 0.0486084  0.117439
614 0.342575 0.238608  0.418817
14219 0.3251 0.205645  0.469255
4390 0.301094 0.370688  0.328218
13757 0.289159 0.270374  0.440467
3267 0.243902 0.51418  0.241918
2595 0.792079 0.138188  0.0697337
5795 0.569803 0.292978  0.137219
13865 0.488668 0.34308  0.168252
5207 0.35028 0.372843  0.276877
13220 0.313203 0.173995  0.512802
12097 0.222285 0.2085  0.569215
12508 0.535703 0.199701  0.264596
2054 0.319721 0.345866  0.334414
10571 0.408801 0.115892  0.475307
10946 0.0907129 0.440704  0.468583
8746 0.257593 0.380544  0.361863
4677 0.159336 0.373821  0.466843
11048 0.179083 0.421403  0.399514
12175 0.478786 0.392451  0.128763
9011 0.169308 0.596251  0.234441
11541 0.278676 0.286874  0.43445
14134 0.128085 0.455142  0.416773
4116 0.305159 0.430066  0.264775
14512 0.450345 0.140406  0.409249
1447 0.19226 0.596096  0.211645
5859 0.427954 0.041378  0.530668
1441 0.388957 0.24213  0.368913
2138 0.142049 0.541426  0.316525
2591 0.444991 0.276642  0.278367
4379 0.120718 0.657934  0.221348
13227 0.257084 0.317631  0.425284
6822 0.495362 0.336298  0.16834
13760 0.0636338 0.528918  0.407448
12171 0.0776529 0.0287775  0.89357
12536 0.197656 0.626039  0.176304
9506 0.49427 0.399494  0.106236
12538 0.447198 0.329985  0.222817
12175 0.444326 0.264382  0.291292
14435 0.451363 0.4578  0.0908378
14299 0.35118 0.481309  0.167511
2109 0.0872796 0.467518  0.445203
11611 0.596968 0.019058  0.383974
7132 0.0588765 0.412373  0.52875
5045 0.344812 0.0585875  0.5966
10930 0.325463 0.457761  0.216776
8135 0.270337 0.3705  0.359163
10855 0.616125 0.283121  0.100754
8309 0.358684 0.221987  0.41933
3252 0.185314 0.588595  0.226091
4400 0.137374 0.339225  0.5234
7217 0.25063 0.286454  0.462916
13900 0.374919 0.601056  0.0240258
9530 0.547325 0.142935  0.309739
271 0.388994 0.23335  0.377655
12710 0.579059 0.366185  0.0547563
12171 0.226435 0.328016  0.44555
12139 0.533878 0.20849  0.257632
12244 0.30023 0.310857  0.388912
4716 0.481344 0.0423523  0.476303
13746 0.239357 0.497164  0.263478
528 0.230578 0.318867  0.450555
1591 0.591625 0.283879  0.124496
13593 0.629507 0.050057  0.320436
4146 0.402266 0.356857  0.240877
3207 0.153855 0.151217  0.694928
11093 0.242767 0.572156  0.185077
11126 0.537287 0.45634  0.00637284
6308 0.158584 0.49226  0.349156
1387 0.386149 0.112275  0.501575
6461 0.170194 0.294254  0.535552
13728 0.585709 0.170104  0.244187
12237 0.102521 0.368067  0.529413
4828 0.155883 0.114518  0.729598
12034 0.628245 0.336052  0.0357034
4100 0.3383 0.607692  0.0540084
2332 0.0420717 0.591085  0.366843
12995 0.661461 0.310893  0.0276461
2063 0.369719 0.503417  0.126864
4873 0.709057 0.0652476  0.225695
3100 0.198665 0.424034  0.3773
4127 0.0632599 0.240314  0.696426
267 0.478811 0.484703  0.0364862
11891 0.473384 0.133766  0.39285
8881 0.323158 0.265805  0.411037
5685 0.547171 0.155647  0.297182
10574 0.350789 0.476648  0.172564
10279 0.441358 0.201028  0.357614
3959 0.585396 0.266051  0.148553
8844 0.256425 0.669153  0.074422
4828 0.314436 0.391951  0.293614
4991 0.285056 0.4047  0.310244
8679 0.568025 0.127731  0.304245
3388 0.532581 0.228403  0.239016
8899 0.0979106 0.751231  0.150858
7388 0.331207 0.494688  0.174105
9499 0.292738 0.126046  0.581217
12856 0.279277 0.322712  0.398012
9086 0.181446 0.568009  0.250545
1670 0.177058 0.15963  0.663312
460 0.331003 0.0953595  0.573638
835 0.468031 0.0475554  0.484413
2062 0.485307 0.18078  0.333913
12968 0.13538 0.658307  0.206313
14444 0.398108 0.501559  0.100333
1586 0.263801 0.376147  0.360052
11494 0.229094 0.753403  0.0175036
9799 0.0670183 0.0733146  0.859667
13746 0.459014 0.21474  0.326246
3895 0.468289 0.338176  0.193535
7262 0.0464649 0.164224  0.789312
14130 0.455917 0.0965516  0.447531
8901 0.329672 0.0977708  0.572558
7389 0.247066 0.295382  0.457552
13556 0.184936 0.584439  0.230626
5109 0.510934 0.0734924  0.415573
8881 0.592292 0.0794831  0.328225
12174 0.246787 0.256681  0.496531
8711 0.181864 0.188033  0.630103
9940 0.168685 0.465401  0.365914
9613 0.115732 0.501025  0.383243
863 0.214544 0.270775  0.514681
11560 0.499122 0.110761  0.390116
11826 0.0733982 0.206788  0.719814
2861 0.588442 0.388529  0.0230292
9204 0.574704 0.140216  0.28508
9506 0.246544 0.406531  0.346924
2089 0.833079 0.129084  0.037837
12988 0.146794 0.408512  0.444693
3674 0.309687 0.295731  0.394581
469 0.335322 0.11775  0.546929
11169 0.186046 0.441944  0.372011
6540 0.258876 0.372856  0.368269
1186 0.133603 0.809483  0.0569146
13970 0.297088 0.368376  0.334536
881 0.373802 0.36047  0.265728
12174 0.552066 0.318587  0.129347
12227 0.140376 0.254862  0.604761
1447 0.456518 0.403835  0.139647
114 0.352418 0.242289  0.405293
12988 0.0934853 0.520811  0.385704
13065 0.655442 0.0130236  0.331534
4388 0.0676624 0.652823  0.279515
2821 0.369523 0.221497  0.408981
6487 0.270178 0.169726  0.560096
13424 0.313872 0.321909  0.364219
9494 0.168996 0.479933  0.351071
9591 0.40209 0.161359  0.436551
10966 0.617801 0.0645828  0.317616
6426 0.565876 0.383134  0.0509899
3978 0.582969 0.0772383  0.339793
6382 0.306474 0.40206  0.291466
8547 0.179783 0.395878  0.424339
8765 0.528026 0.235192  0.236782
8973 0.486668 0.249289  0.264043
3308 0.0431051 0.803781  0.153114
11498 0.326007 0.348901  0.325092
3922 0.400999 0.41762  0.181382
7230 0.111683 0.377996  0.510321
7154 0.684074 0.0510816  0.264845
3819 0.324017 0.43113  0.244853
3302 0.218338 0.266275  0.515387
2105 0.149371 0.410587  0.440042
5565 0.473278 0.503666  0.0230564
14297 0.35315 0.415218  0.231633
11399 0.237693 0.354427  0.407881
12994 0.505612 0.285603  0.208784
8948 0.401652 0.567497  0.0308516
4304 0.0173143 0.897618  0.085068
3863 0.39935 0.38228  0.218371
9888 0.328128 0.472378  0.199495
9790 0.271082 0.393447  0.33547
8194 0.475837 0.0588202  0.465343
7751 0.155338 0.746318  0.0983441
5555 0.3372 0.215892  0.446907
14083 0.128335 0.61429  0.257375
12171 0.476722 0.331576  0.191702
8814 0.435313 0.00956054  0.555126
3232 0.0293093 0.180574  0.790116
4380 0.524415 0.263388  0.212197
4980 0.214044 0.376321  0.409635
13213 0.0802748 0.644028  0.275697
522 0.312116 0.264639  0.423245
10333 0.269659 0.174271  0.556071
9019 0.476231 0.131695  0.392074
9109 0.0779359 0.364928  0.557136
9398 0.133989 0.258915  0.607095
4890 0.182317 0.0984195  0.719263
1693 0.402128 0.370818  0.227053
6301 0.622316 0.174659  0.203025
10631 0.26754 0.605444  0.127016
13860 0.158944 0.106008  0.735048
10640 0.490128 0.352315  0.157558
8348 0.251872 0.677554  0.0705739
4974 0.576859 0.210448  0.212693
319 0.390511 0.180087  0.429402
10001 0.296329 0.521807  0.181863
5905 0.0912737 0.863183  0.0455436
8052 0.317287 0.127265  0.555448
11108 0.276093 0.0814562  0.642451
11667 0.0710962 0.615118  0.313785
12058 0.680459 0.214504  0.105038
9704 0.0930082 0.09141  0.815582
3876 0.621393 0.354425  0.024182
9970 0.334398 0.324159  0.341443
13959 0.14862 0.46807  0.38331
11844 0.541303 0.0189383  0.439759
14556 0.0961788 0.328166  0.575655
11081 0.369484 0.378974  0.251541
4135 0.0497337 0.256828  0.693439
12574 0.526689 0.0859929  0.387318
3290 0.346061 0.263536  0.390403
905 0.251025 0.235828  0.513147
14297 0.608441 0.288559  0.103
12139 0.176112 0.422196  0.401692
4111 0.0459445 0.342119  0.611936
1837 0.207301 0.532854  0.259845
13459 0.379792 0.439789  0.180418
11826 0.255141 0.198856  0.546003
4144 0.613677 0.0305136  0.355809
7518 0.535583 0.162519  0.301897
1915 0.0677016 0.176196  0.756102
9687 0.425941 0.0103803  0.563679
8814 0.34619 0.207457  0.446353
10660 0.488933 0.174828  0.336239
3773 0.160154 0.7814  0.0584464
1457 0.476539 0.0876896  0.435772
2327 0.308193 0.0216172  0.67019
6343 0.256365 0.177674  0.565961
4138 0.06526 0.843628  0.0911116
166 0.370245 0.255066  0.374689
2109 0.161041 0.313126  0.525833
12823 0.422419 0.430906  0.146675
13506 0.358447 0.261737  0.379816
3298 0.259595 0.383969  0.356436
14504 0.143725 0.326341  0.529933
12175 0.347112 0.230703  0.422185
1447 0.21392 0.487498  0.298582
5216 0.203523 0.369398  0.427079
236 0.0134927 0.436699  0.549808
3721 0.328959 0.203046  0.467995
6301 0.422881 0.158373  0.418746
11697 0.360642 0.397171  0.242188
3 0.36572 0.28304  0.35124
10532 0.472617 0.105989  0.421394
2042 0.141772 0.513052  0.345176
10906 0.273238 0.405402  0.32136
10784 0.805641 0.0892229  0.105137
1483 0.0959186 0.339241  0.56484
12538 0.46924 0.315647  0.215114
13032 0.275784 0.326113  0.398102
13901 0.408482 0.118648  0.47287
9406 0.324845 0.340573  0.334581
2532 0.185163 0.349933  0.464903
8979 0.470751 0.471019  0.0582295
11605 0.404083 0.110162  0.485755
14299 0.376622 0.0976124  0.525766
8661 0.223065 0.736022  0.0409135
11480 0.379303 0.383331  0.237366
620 0.358525 0.46923  0.172245
10337 0.274846 0.369283  0.355871
12173 0.36938 0.568247  0.062373
7217 0.499914 0.115824  0.384262
3117 0.0309469 0.415079  0.553974
1499 0.323191 0.475575  0.201234
3719 0.769117 0.211226  0.019657
4244 0.0979409 0.475314  0.426745
14594 0.17015 0.358282  0.471568
4677 0.59137 0.12265  0.28598
6520 0.335037 0.627338  0.0376251
9186 0.388173 0.444144  0.167683
14296 0.209061 0.202153  0.588786
14298 0.169728 0.327182  0.50309
9507 0.282088 0.422407  0.295505
13518 0.187805 0.470593  0.341602
3795 0.251855 0.0292238  0.718921
13049 0.431149 0.323365  0.245486
10043 0.417285 0.366344  0.216371
588 0.340833 0.251989  0.407178
4960 0.378724 0.204629  0.416647
12536 0.252702 0.386249  0.361049
10859 0.405386 0.572107  0.0225063
6503 0.686158 0.210148  0.103693
3170 0.717435 0.0676421  0.214923
1596 0.816101 0.0626435  0.121256
8456 0.415026 0.486373  0.0986008
4383 0.113223 0.475952  0.410826
2891 0.207428 0.040127  0.752445
4785 0.0662533 0.490186  0.44356
9833 0.452078 0.491073  0.0568485
4866 0.360312 0.0831976  0.55649
1445 0.476451 0.261982  0.261566
14569 0.243698 0.510692  0.245611
14301 0.158651 0.429149  0.4122
4116 0.43686 0.343405  0.219735
3813 0.536151 0.203416  0.260433
11834 0.141029 0.551562  0.307409
14346 0.53198 0.104493  0.363527
6071 0.684407 0.0820949  0.233498
7269 0.248042 0.489672  0.262286
13714 0.239755 0.328835  0.43141
6486 0.268416 0.619905  0.111679
7196 0.525581 0.0675255  0.406893
5534 0.232859 0.56561  0.201532
996 0.576104 0.257642  0.166254
11878 0.220112 0.112393  0.667496
10966 0.0646344 0.141276  0.794089
9625 0.110874 0.398975  0.490151
14298 0.481801 0.402912  0.115287
401 0.422296 0.367858  0.209847
13785 0.452023 0.227751  0.320226
8783 0.0155528 0.435468  0.548979
12538 0.471835 0.203239  0.324926
14132 0.392252 0.472382  0.135366
7944 0.0694814 0.487172  0.443347
3353 0.423007 0.088309  0.488684
7150 0.401127 0.244999  0.353874
12473 0.120743 0.445401  0.433857
12090 0.372188 0.355663  0.272149
3725 0.18503 0.352342  0.462628
5142 0.0536796 0.528092  0.418229
8306 0.113029 0.440266  0.446705
3003 0.0100728 0.212493  0.777434
14293 0.347529 0.444696  0.207775
2063 0.441558 0.0550822  0.50336
7238 0.342776 0.301541  0.355683
4410 0.651629 0.0623146  0.286057
13701 0.0562749 0.309613  0.634112
11413 0.178107 0.416587  0.405305
2904 0.127583 0.44195  0.430467
7556 0.190774 0.20553  0.603696
3054 0.234912 0.358396  0.406692
10536 0.240119 0.0759089  0.683972
7260 0.58482 0.398276  0.0169042
3133 0.343178 0.230929  0.425894
9109 0.385428 0.368515  0.246057
12524 0.476076 0.113479  0.410446
6308 0.250574 0.361666  0.387761
14569 0.311311 0.346551  0.342138
7126 0.521771 0.359104  0.119125
11096 0.414129 0.323297  0.262574
1441 0.805265 0.133821  0.0609141
2886 0.370419 0.481997  0.147584
5240 0.41162 0.332569  0.255811
7052 0.420127 0.363777  0.216096
6816 0.473511 0.409518  0.116971
5431 0.545575 0.0670812  0.387344
10923 0.152552 0.82221  0.0252386
592 0.139231 0.642445  0.218324
3173 0.27353 0.309469  0.417001
4805 0.197869 0.0884941  0.713637
4962 0.225864 0.262359  0.511777
5008 0.648505 0.189126  0.162369
9357 0.04726 0.821673  0.131067
13939 0.31673 0.391879  0.291391
1157 0.295733 0.397368  0.3069
9217 0.102909 0.517005  0.380086
3384 0.180231 0.407425  0.412345
2083 0.527962 0.316298  0.155741
6097 0.430134 0.444722  0.125143
2349 0.409781 0.40767  0.182549
13834 0.114991 0.304449  0.58056
10070 0.548499 0.0980861  0.353415
5780 0.250881 0.529175  0.219944
10342 0.224818 0.730213  0.044969
6302 0.181641 0.263663  0.554696
12173 0.413088 0.158252  0.42866
2379 0.282516 0.672506  0.0449784
9888 0.206827 0.564501  0.228672
1158 0.455632 0.252848  0.29152
9098 0.0685968 0.44061  0.490793
12240 0.795341 0.144648  0.0600106
3161 0.33486 0.302075  0.363065
5221 0.317176 0.118668  0.564157
256 0.0954751 0.483833  0.420692
3229 0.342802 0.280111  0.377087
13214 0.0750315 0.181411  0.743557
14028 0.30619 0.667586  0.0262243
3727 0.153186 0.569397  0.277418
4652 0.460092 0.174862  0.365046
5209 0.584445 0.324833  0.0907217
13157 0.0820323 0.477876  0.440091
13459 0.382904 0.480492  0.136604
1611 0.304171 0.214355  0.481475
13358 0.194518 0.558434  0.247048
11594 0.303173 0.439397  0.257429
2894 0.3713 0.369046  0.259655
9842 0.428108 0.358172  0.21372
9529 0.362127 0.358792  0.279081
3647 0.239419 0.191805  0.568776
9928 0.644316 0.313769  0.0419148
11096 0.0681175 0.260919  0.670963
3814 0.383262 0.308896  0.307842
11411 0.46668 0.0675246  0.465795
12175 0.416814 0.208185  0.375001
7238 0.285712 0.321936  0.392353
11924 0.292895 0.30318  0.403926
11135 0.653607 0.16764  0.178753
4425 0.162523 0.431707  0.40577
13303 0.326735 0.385249  0.288016
10154 0.0926707 0.725564  0.181765
4877 0.269902 0.318658  0.41144
4346 0.276255 0.251092  0.472652
10910 0.154083 0.368491  0.477426
5536 0.523607 0.108264  0.368129
6276 0.275361 0.36894  0.355699
13617 0.104072 0.285846  0.610082
9507 0.0167657 0.542075  0.441159
9307 0.378819 0.133671  0.48751
126 0.220087 0.565347  0.214566
3940 0.193778 0.579458  0.226764
10675 0.301184 0.449532  0.249284
4367 0.355891 0.0221757  0.621933
6572 0.342906 0.522961  0.134133
4383 0.177994 0.498955  0.323051
11482 0.419532 0.312743  0.267725
13213 0.503061 0.244095  0.252844
10934 0.401314 0.0326317  0.566054
3727 0.455147 0.47589  0.0689633
3735 0.551334 0.212446  0.236221
11826 0.138899 0.638285  0.222816
4926 0.0962137 0.599872  0.303914
12988 0.431473 0.239369  0.329158
14413 0.577666 0.0121683  0.410166
2063 0.120406 0.587828  0.291766
11839 0.172199 0.189805  0.637996
9970 0.714802 0.065791  0.219407
2838 0.135642 0.406867  0.45749
7336 0.53704 0.392609  0.0703503
12683 0.338812 0.0309464  0.630241
2006 0.512394 0.200351  0.287255
5800 0.370877 0.197542  0.431581
8814 0.337357 0.525718  0.136925
5262 0.386014 0.446201  0.167786
6076 0.591578 0.325097  0.0833251
9146 0.586448 0.333322  0.0802301
1804 0.465237 0.383778  0.150986
1700 0.249042 0.668444  0.0825145
5109 0.44371 0.405973  0.150318
6375 0.357215 0.595742  0.0470431
8010 0.459367 0.110021  0.430612
9530 0.0795344 0.0530372  0.867428
2046 0.523604 0.435343  0.0410535
207 0.466237 0.0912894  0.442473
9959 0.347221 0.605824  0.0469554
1620 0.413512 0.371539  0.214949
9584 0.281523 0.067376  0.651101
4390 0.412169 0.525905  0.061926
1679 0.177498 0.440308  0.382193
5275 0.403498 0.459759  0.136743
14534 0.393599 0.332771  0.27363
11281 0.216961 0.756404  0.0266344
12071 0.400042 0.391281  0.208678
2968 0.104474 0.417112  0.478414
9506 0.631971 0.32891  0.039119
10542 0.100993 0.637264  0.261743
9233 0.424975 0.0300931  0.544932
2052 0.364946 0.440195  0.194859
5689 0.492419 0.0443835  0.463198
8309 0.0548057 0.59604  0.349155
11040 0.306943 0.154528  0.538529
6306 0.254361 0.0978464  0.647793
1881 0.350127 0.377818  0.272055
3113 0.18117 0.0343063  0.784524
6577 0.476777 0.155628  0.367595
1494 0.514968 0.141785  0.343248
12536 0.402306 0.282116  0.315578
8590 0.448131 0.154432  0.397437
12174 0.693467 0.180916  0.125617
11382 0.17608 0.0435321  0.780388
7472 0.132329 0.385431  0.48224
14260 0.25716 0.493753  0.249088
8702 0.426451 0.473984  0.0995643
5766 0.372828 0.279092  0.34808
14296 0.392483 0.421377  0.18614
1447 0.414173 0.409779  0.176048
1758 0.35968 0.628597  0.0117224
11826 0.357527 0.160409  0.482065
5565 0.375691 0.215494  0.408815
12510 0.542498 0.180661  0.276841
1456 0.260908 0.5184  0.220692
14296 0.349097 0.232846  0.418057
10571 0.188901 0.751744  0.0593545
13642 0.363436 0.209175  0.427388
6308 0.382042 0.318801  0.299156
9881 0.52216 0.100621  0.377218
7158 0.345338 0.311637  0.343025
378 0.211699 0.457807  0.330494
13635 0.166464 0.282205  0.551331
1805 0.403025 0.416713  0.180263
6301 0.381231 0.316413  0.302356
10900 0.3986 0.114967  0.486434
6502 0.422491 0.111447  0.466062
10506 0.296628 0.260673  0.442699
3399 0.0653033 0.170816  0.763881
592 0.142194 0.547021  0.310785
7963 0.115952 0.667534  0.216515
6512 0.471343 0.343832  0.184825
9055 0.28204 0.298831  0.419129
8309 0.460112 0.0484738  0.491414
3775 0.240611 0.425089  0.3343
7795 0.0372031 0.232785  0.730012
4164 0.475314 0.460962  0.0637239
4386 0.375732 0.235402  0.388867
6308 0.527418 0.228064  0.244518
10210 0.672943 0.0409898  0.286067
14584 0.114142 0.265717  0.620141
10580 0.285051 0.0690308  0.645919
11843 0.614176 0.246831  0.138993
9746 0.300801 0.0768513  0.622348
13554 0.310817 0.595919  0.0932644
13172 0.320649 0.0131149  0.666236
13211 0.372231 0.171291  0.456478
6582 0.657918 0.300934  0.041148
9432 0.416823 0.26637  0.316807
7731 0.517534 0.0107177  0.471748
3246 0.51511 0.436721  0.0481683
1615 0.127475 0.473523  0.399002
6895 0.231678 0.711317  0.0570049
2277 0.347336 0.0255882  0.627076
6910 0.380417 0.176024  0.44356
8320 0.122893 0.410811  0.466295
4512 0.449777 0.541965  0.00825852
11615 0.0706571 0.520607  0.408736
10895 0.325531 0.504862  0.169607
7963 0.311578 0.061703  0.626719
3794 0.674465 0.266736  0.0587995
4097 0.467299 0.376994  0.155707
13726 0.295205 0.0959437  0.608851
11649 0.389443 0.249284  0.361273
11203 0.171416 0.2741  0.554484
11081 0.404053 0.194165  0.401782
4361 0.842165 0.135313  0.0225225
11844 0.120629 0.336024  0.543346
11210 0.296341 0.24531  0.458349
9888 0.228903 0.416415  0.354681
7099 0.354015 0.528183  0.117803
654 0.558784 0.0247479  0.416468
6308 0.132742 0.0427499  0.824508
13465 0.590413 0.0798721  0.329715
2924 0.493112 0.487115  0.0197733
5013 0.392068 0.389713  0.21822
6308 0.418789 0.0729375  0.508273
9117 0.544145 0.256724  0.19913
13506 0.259461 0.62227  0.118269
12177 0.0239355 0.430143  0.545921
258 0.425251 0.304919  0.26983
10562 0.343253 0.203502  0.453245
1447 0.370881 0.316538  0.31258
8746 0.123037 0.260427  0.616536
12236 0.587361 0.324425  0.088214
6178 0.450683 0.476893  0.0724243
11682 0.432824 0.434663  0.132513
1476 0.369691 0.268987  0.361322
5032 0.616767 0.309398  0.0738348
3929 0.131062 0.0832823  0.785656
2943 0.502692 0.0983372  0.39897
863 0.317046 0.282217  0.400737
10862 0.333893 0.0803567  0.58575
14037 0.237987 0.450208  0.311805
6300 0.36528 0.319548  0.315172
12973 0.248055 0.369106  0.382839
1441 0.399491 0.0391408  0.561368
10646 0.458007 0.0338911  0.508102
11839 0.110792 0.608083  0.281125
2696 0.0284945 0.43862  0.532886
3295 0.298799 0.372806  0.328395
10462 0.413107 0.181337  0.405556
6896 0.244388 0.105168  0.650445
7052 0.721086 0.165155  0.113759
3302 0.799537 0.106803  0.0936606
4506 0.321687 0.234059  0.444254
13525 0.0715135 0.240941  0.687546
1500 0.0832553 0.563549  0.353195
11169 0.101661 0.468336  0.430003
1839 0.504436 0.221018  0.274546
8855 0.632962 0.266666  0.100372
2672 0.305356 0.328002  0.366642
11175 0.479262 0.189834  0.330904
1476 0.382095 0.231294  0.386611
5966 0.769189 0.0216565  0.209154
3507 0.360528 0.177595  0.461876
11793 0.103566 0.207346  0.689088
11423 0.572792 0.187017  0.240192
14523 0.428121 0.055699  0.51618
5240 0.375606 0.0700944  0.554299
6452 0.275483 0.194311  0.530206
5548 0.555099 0.0210744  0.423826
1441 0.202554 0.467476  0.32997
9005 0.538659 0.359294  0.102047
9148 0.119468 0.305202  0.575331
4434 0.480416 0.030493  0.489091
5472 0.309246 0.57511  0.115643
7873 0.499197 0.348481  0.152322
14414 0.178348 0.264286  0.557366
12209 0.367149 0.233679  0.399172
4090 0.145892 0.297128  0.55698
630 0.518239 0.410145  0.0716158
12538 0.457848 0.253511  0.288641
9107 0.430199 0.0814074  0.488394
5032 0.565007 0.101426  0.333567
10778 0.220421 0.0618133  0.717766
10776 0.360931 0.418551  0.220518
4474 0.194602 0.108375  0.697024
6902 0.40252 0.317491  0.279989
3863 0.336441 0.0646734  0.598886
13794 0.143497 0.489083  0.36742
11516 0.467219 0.406689  0.126091
4379 0.0789115 0.281321  0.639768
3218 0.325015 0.44478  0.230206
1822 0.174458 0.385941  0.439601
4838 0.438114 0.279726  0.28216
9143 0.168961 0.652735  0.178304
6301 0.0783414 0.842812  0.0788471
5721 0.0862025 0.316803  0.596994
12175 0.218992 0.550408  0.2306
14299 0.260489 0.385606  0.353905
5934 0.585597 0.185231  0.229172
551 0.278002 0.45708  0.264918
5039 0.386746 0.362158  0.251096
13506 0.834498 0.0185789  0.146923
3186 0.360335 0.557889  0.0817754
2571 0.392565 0.24348  0.363954
12988 0.131524 0.362349  0.506127
4482 0.419335 0.477191  0.103475
10969 0.341699 0.142755  0.515545
3174 0.457342 0.0900937  0.452564
7158 0.205571 0.403168  0.391261
10927 0.183775 0.39328  0.422946
11203 0.580457 0.258556  0.160987
7736 0.290728 0.252446  0.456826
9530 0.266439 0.654864  0.0786971
13459 0.054715 0.303832  0.641453
5240 0.341826 0.325444  0.33273
9682 0.0571439 0.588438  0.354418
5881 0.404051 0.159007  0.436942
1718 0.589142 0.233554  0.177304
5067 0.394638 0.419684  0.185678
4212 0.446316 0.200772  0.352912
5537 0.0183242 0.572393  0.409283
14298 0.261079 0.227428  0.511494
6138 0.387179 0.294361  0.31846
10862 0.112307 0.26708  0.620613
2349 0.247704 0.267737  0.484558
14379 0.197784 0.185896  0.61632
4089 0.0278414 0.789312  0.182846
4675 0.229821 0.757224  0.0129553
5985 0.394316 0.0626725  0.543011
12537 0.118086 0.688094  0.19382
13073 0.0261757 0.469182  0.504642
8824 0.390795 0.478858  0.130347
7418 0.213145 0.148591  0.638264
3879 0.307581 0.554764  0.137655
11775 0.469778 0.280345  0.249877
9061 0.0957915 0.0948422  0.809366
13065 0.271956 0.461454  0.26659
12338 0.566727 0.206214  0.227059
12161 0.466317 0.0373133  0.496369
7786 0.186713 0.628008  0.185279
6310 0.215903 0.191518  0.59258
6305 0.432167 0.329032  0.2388
12039 0.100389 0.459433  0.440178
9344 0.555174 0.297008  0.147818
3189 0.295394 0.560871  0.143735
12174 0.513907 0.0120004  0.474092
5906 0.344899 0.394287  0.260814
12301 0.398976 0.104004  0.49702
7112 0.27842 0.0973768  0.624203
6072 0.354569 0.180113  0.465318
7175 0.458712 0.149819  0.391469
14151 0.566019 0.166067  0.267914
9335 0.18999 0.665911  0.1441
1316 0.239773 0.746046  0.0141808
6249 0.338828 0.31258  0.348592
1499 0.281319 0.489916  0.228765
12139 0.179844 0.410892  0.409264
6520 0.639554 0.173384  0.187062
8625 0.154182 0.330152  0.515666
7539 0.175252 0.441674  0.383074
9751 0.254821 0.12443  0.620749
13057 0.630079 0.324132  0.0457891
5201 0.499373 0.40781  0.0928177
8761 0.0738842 0.594316  0.3318
13039 0.530333 0.389497  0.0801701
7307 0.120504 0.103002  0.776494
6462 0.570285 0.182997  0.246718
14470 0.423074 0.239307  0.337619
6617 0.450706 0.373745  0.175549
5767 0.555089 0.0471601  0.397751
13383 0.329672 0.319944  0.350383
11703 0.541544 0.167338  0.291118
14012 0.186333 0.417432  0.396234
11379 0.0891003 0.158838  0.752061
4278 0.15249 0.836497  0.0110139
10693 0.288961 0.572307  0.138733
3200 0.52352 0.0584191  0.418061
3243 0.322893 0.368968  0.308139
5103 0.409163 0.23975  0.351088
12794 0.401117 0.203828  0.395055
2193 0.123928 0.148353  0.727719
4572 0.203843 0.234325  0.561832
10627 0.181319 0.394122  0.424559
12524 0.00680171 0.510983  0.482216
3455 0.475196 0.334356  0.190447
3388 0.0526977 0.603767  0.343535
2969 0.320005 0.146055  0.533939
9451 0.312315 0.483291  0.204394
3550 0.162382 0.596196  0.241423
6447 0.39701 0.26274  0.34025
6308 0.600753 0.162497  0.23675
3016 0.405216 0.307546  0.287238
5041 0.185447 0.71968  0.0948731
4136 0.0572457 0.741437  0.201317
8598 0.512078 0.346336  0.141586
3836 0.0666253 0.391212  0.542162
2250 0.372869 0.539281  0.0878506
11754 0.435237 0.388908  0.175855
12971 0.379132 0.34563  0.275239
14296 0.64776 0.321543  0.0306976
187 0.479439 0.269576  0.250985
187 0.0717953 0.190192  0.738013
2063 0.193559 0.415538  0.390903
4838 0.461452 0.404404  0.134144
2863 0.209708 0.417561  0.372731
11839 0.234092 0.369331  0.396577
621 0.368166 0.24035  0.391484
5609 0.262664 0.319107  0.418228
5127 0.21983 0.362195  0.417975
6893 0.293767 0.283877  0.422356
7158 0.526789 0.406086  0.0671251
14435 0.636409 0.0928792  0.270712
12298 0.341602 0.438027  0.220371
10580 0.211993 0.324964  0.463043
14344 0.312267 0.159587  0.528146
4259 0.380735 0.465122  0.154144
3527 0.055477 0.395731  0.548793
337 0.0150095 0.660753  0.324238
4388 0.323389 0.28095  0.395662
4096 0.0752484 0.840862  0.0838891
5361 0.445364 0.197303  0.357333
8306 0.0246291 0.362412  0.612959
5209 0.601743 0.0316062  0.366651
5035 0.430516 0.210124  0.35936
2272 0.419763 0.404291  0.175946
13163 0.494498 0.116953  0.388549
11683 0.337329 0.158293  0.504378
4477 0.378479 0.435167  0.186354
2177 0.63132 0.071947  0.296733
6829 0.447759 0.130596  0.421645
5127 0.143379 0.403988  0.452633
7445 0.159128 0.74357  0.0973026
5109 0.612365 0.211765  0.17587
1787 0.330248 0.516653  0.153098
13777 0.357601 0.411222  0.231177
1447 0.747745 0.0526415  0.199613
6311 0.661203 0.147825  0.190972
4506 0.246871 0.00840884  0.74472
496 0.32596 0.479263  0.194778
2046 0.372625 0.425548  0.201827
6142 0.823905 0.0989805  0.077114
3156 0.768618 0.152287  0.0790949
5045 0.122226 0.470951  0.406823
13296 0.348104 0.367098  0.284798
4135 0.813637 0.159812  0.0265508
4387 0.300003 0.512341  0.187656
12339 0.400953 0.270091  0.328956
13011 0.49874 0.259067  0.242193
5056 0.33079 0.327679  0.341532
13610 0.828376 0.151025  0.0205985
4749 0.188446 0.684649  0.126905
4358 0.55515 0.0218693  0.422981
7043 0.117781 0.417311  0.464908
5523 0.160066 0.483084  0.356851
7293 0.336954 0.203116  0.45993
11185 0.584065 0.0324381  0.383497
14590 0.554838 0.130606  0.314557
1441 0.273112 0.236397  0.490491
13742 0.799787 0.176754  0.0234583
12132 0.34832 0.63945  0.0122299
860 0.455496 0.345074  0.19943
4761 0.051002 0.551541  0.397457
4663 0.201579 0.343175  0.455246
12309 0.466417 0.186849  0.346735
1499 0.366082 0.582185  0.0517329
4302 0.38789 0.192966  0.419144
4360 0.481214 0.169983  0.348803
3196 0.227973 0.459127  0.3129
7786 0.146177 0.424418  0.429405
6402 0.539142 0.132299  0.328559
8136 0.269608 0.511598  0.218794
14175 0.780052 0.161039  0.0589091
7565 0.6406 0.113575  0.245825
10498 0.448997 0.20355  0.347453
10209 0.237324 0.288819  0.473857
6300 0.212433 0.56004  0.227527
10696 0.537088 0.420213  0.0426983
5934 0.389994 0.404104  0.205902
5911 0.552646 0.0821873  0.365167
4386 0.330267 0.431502  0.238231
3220 0.152048 0.402267  0.445684
12794 0.219021 0.16762  0.613359
8 0.203484 0.194738  0.601778
2063 0.290656 0.0444757  0.664868
6304 0.381333 0.305399  0.313268
4248 0.628026 0.0802437  0.29173
2063 0.217678 0.693822  0.0884997
9764 0.276373 0.276299  0.447328
4473 0.0589505 0.0410346  0.900015
6300 0.761175 0.145459  0.0933658
961 0.258357 0.151862  0.589781
12973 0.392803 0.29868  0.308517
10929 0.0398922 0.557714  0.402393
13450 0.026026 0.588322  0.385652
6511 0.249394 0.2693  0.481306
14298 0.247289 0.600698  0.152013
14038 0.14931 0.334403  0.516287
609 0.0779002 0.517573  0.404527
662 0.0350057 0.351503  0.613491
12517 0.412453 0.545761  0.0417858
13552 0.405349 0.370948  0.223703
8268 0.293263 0.438945  0.267792
7573 0.474237 0.491202  0.0345619
4360 0.182291 0.0564042  0.761305
6120 0.124268 0.460793  0.414939
14436 0.261519 0.321393  0.417089
526 0.377355 0.439898  0.182747
6301 0.312571 0.319473  0.367957
1991 0.485302 0.0434393  0.471258
10819 0.0609606 0.520796  0.418243
12163 0.44487 0.327214  0.227916
14396 0.402718 0.111478  0.485804
9145 0.619674 0.175849  0.204477
2046 0.206172 0.546493  0.247335
9506 0.119941 0.410602  0.469457
2643 0.230863 0.174566  0.59457
13259 0.0393617 0.474228  0.486411
3637 0.340017 0.328208  0.331775
10645 0.38301 0.341396  0.275594
8996 0.595726 0.195232  0.209042
3157 0.313176 0.520588  0.166236
8832 0.400075 0.333025  0.2669
7126 0.292906 0.360366  0.346728
6871 0.145497 0.561494  0.293008
13258 0.464038 0.0388785  0.497084
9530 0.263518 0.239195  0.497287
2301 0.218262 0.567072  0.214666
11166 0.336663 0.291967  0.37137
13808 0.538405 0.421022  0.0405731
10110 0.307033 0.414904  0.278064
3399 0.463542 0.248153  0.288305
14477 0.399705 0.387507  0.212788
912 0.0194156 0.508622  0.471963
13010 0.364381 0.576017  0.0596014
12328 0.39875 0.348688  0.252563
10136 0.431087 0.171378  0.397534
11154 0.390079 0.300152  0.309769
7873 0.468079 0.476595  0.055326
13435 0.105984 0.817887  0.0761297
6871 0.225662 0.313527  0.460811
9500 0.171152 0.416877  0.411971
79 0.0946079 0.766823  0.138569
5734 0.361351 0.625946  0.0127033
392 0.383592 0.266998  0.34941
13037 0.413286 0.283567  0.303148
2784 0.226173 0.442396  0.33143
3712 0.270635 0.553837  0.175528
6300 0.765486 0.21439  0.0201238
10483 0.21898 0.474313  0.306707
7112 0.304021 0.424804  0.271175
4098 0.337057 0.403491  0.259452
2046 0.628758 0.134334  0.236908
13222 0.114909 0.106719  0.778372
14553 0.318486 0.269157  0.412357
3111 0.425744 0.287947  0.286309
4386 0.311457 0.513385  0.175158
8039 0.461552 0.158149  0.380299
6456 0.180085 0.12125  0.698665
8302 0.60833 0.308855  0.0828148
6300 0.153994 0.554679  0.291328
10347 0.093812 0.387401  0.518787
13910 0.268869 0.321596  0.409535
2988 0.279232 0.40426  0.316508
3698 0.0588849 0.0159328  0.925182
10892 0.477755 0.388162  0.134084
6098 0.313722 0.14626  0.540018
7419 0.507709 0.311974  0.180317
9504 0.315841 0.279602  0.404556
4976 0.607411 0.173872  0.218716
14518 0.360803 0.166157  0.47304
14298 0.0891616 0.520269  0.39057
