6714 0.314387 0.256117  0.429495
1959 0.465327 0.0776338  0.457039
4604 0.203634 0.488044  0.308322
1719 0.329741 0.621632  0.0486266
6298 0.174031 0.401382  0.424587
5187 0.679739 0.205369  0.114892
481 0.206044 0.475249  0.318707
2119 0.0859151 0.328584  0.585501
1794 0.278007 0.357303  0.36469
2052 0.395213 0.174855  0.429932
5750 0.144004 0.608519  0.247477
1662 0.496535 0.0768243  0.426641
1777 0.237665 0.51931  0.243025
727 0.23252 0.533364  0.234116
1243 0.326805 0.249949  0.423245
149 0.158014 0.554118  0.287868
6250 0.370094 0.37086  0.259047
4519 0.345738 0.397847  0.256415
4054 0.362893 0.430113  0.206994
5456 0.476506 0.445837  0.0776571
75 0.312271 0.620044  0.0676849
5073 0.45625 0.173759  0.369991
2725 0.424721 0.423654  0.151625
1033 0.349982 0.321005  0.329014
3413 0.0579319 0.450515  0.491553
4661 0.555207 0.102217  0.342576
2560 0.392268 0.216784  0.390948
6703 0.0468305 0.478881  0.474289
6798 0.635728 0.0281696  0.336102
2088 0.563773 0.0574129  0.378814
4649 0.228945 0.233812  0.537243
2582 0.170574 0.404774  0.424651
3969 0.366443 0.429398  0.204159
6412 0.515864 0.196666  0.28747
1346 0.28592 0.12832  0.58576
2110 0.263072 0.34425  0.392678
3352 0.351356 0.299075  0.34957
679 0.351494 0.403218  0.245288
128 0.321539 0.222428  0.456033
6116 0.249256 0.623694  0.12705
3969 0.176942 0.389152  0.433906
3056 0.32624 0.330257  0.343503
6020 0.61034 0.371849  0.0178107
5539 0.643093 0.0566288  0.300278
1598 0.679849 0.0153393  0.304811
812 0.567761 0.132283  0.299956
5364 0.124801 0.63032  0.244879
4244 0.467449 0.0753693  0.457182
6498 0.282101 0.329842  0.388056
632 0.243177 0.367419  0.389404
411 0.288394 0.321898  0.389707
4265 0.0271544 0.548401  0.424444
5185 0.0866263 0.814856  0.0985181
3738 0.197648 0.519724  0.282628
4816 0.0457907 0.536395  0.417814
7163 0.366452 0.154291  0.479257
3125 0.105979 0.427894  0.466127
1624 0.0999607 0.744128  0.155911
1815 0.374706 0.57443  0.0508636
5725 0.433233 0.27516  0.291606
4352 0.304734 0.369039  0.326227
5719 0.214256 0.450556  0.335188
2749 0.400519 0.592646  0.00683492
3098 0.389646 0.370479  0.239875
4504 0.519852 0.0125934  0.467554
2423 0.158497 0.217193  0.62431
1595 0.0458905 0.308024  0.646086
6235 0.946577 0.0216819  0.0317416
402 0.324596 0.0848008  0.590603
121 0.444717 0.238414  0.316869
4317 0.278673 0.633132  0.0881957
421 0.388001 0.215277  0.396721
2330 0.157378 0.812252  0.0303692
883 0.774146 0.128848  0.0970065
2512 0.293259 0.398529  0.308212
5986 0.427128 0.203801  0.369071
6226 0.580632 0.313272  0.106096
6177 0.235343 0.0609719  0.703685
2579 0.171056 0.503232  0.325713
3058 0.186607 0.514571  0.298823
1604 0.404061 0.167714  0.428225
4011 0.254046 0.326609  0.419345
5775 0.390163 0.0395381  0.570299
3794 0.369177 0.374625  0.256198
4206 0.374749 0.508966  0.116285
5537 0.313702 0.370766  0.315532
2604 0.214242 0.5512  0.234558
2756 0.53883 0.236109  0.22506
6101 0.329173 0.199344  0.471483
2676 0.278817 0.279964  0.441219
2372 0.359703 0.217722  0.422575
2506 0.646809 0.0812093  0.271982
2257 0.214025 0.331089  0.454886
6394 0.418248 0.177923  0.403829
1333 0.10137 0.375408  0.523222
6419 0.636498 0.174588  0.188914
2293 0.577904 0.117862  0.304234
3078 0.0177939 0.564962  0.417244
6176 0.257567 0.442438  0.299995
949 0.29223 0.308374  0.399396
4683 0.345308 0.325766  0.328926
609 0.280365 0.308525  0.41111
4791 0.33384 0.42505  0.24111
569 0.184422 0.727574  0.0880046
3744 0.554868 0.12795  0.317181
4264 0.172337 0.42346  0.404202
6111 0.174597 0.479699  0.345704
3904 0.395629 0.509083  0.0952887
1759 0.259374 0.579176  0.16145
5215 0.522478 0.105759  0.371763
673 0.367231 0.349038  0.283731
762 0.26457 0.650412  0.0850178
1419 0.41063 0.565528  0.0238422
3970 0.178378 0.200337  0.621285
3225 0.282585 0.432658  0.284757
4393 0.22614 0.397478  0.376382
3389 0.355295 0.379932  0.264773
4777 0.214145 0.469345  0.31651
4149 0.227846 0.384266  0.387888
2808 0.418544 0.167526  0.41393
2650 0.283214 0.352362  0.364424
56 0.400171 0.357473  0.242356
1604 0.39565 0.164509  0.439841
5254 0.37824 0.381993  0.239767
5260 0.00929282 0.700567  0.29014
6068 0.692554 0.155658  0.151788
2030 0.556217 0.0256579  0.418125
4644 0.0935989 0.602088  0.304313
4553 0.511524 0.0546875  0.433788
6701 0.0517362 0.590663  0.357601
6962 0.232074 0.331229  0.436697
5806 0.27524 0.304429  0.420331
6874 0.114061 0.489055  0.396884
1192 0.0949951 0.316365  0.58864
6002 0.319017 0.322179  0.358804
1469 0.398615 0.586145  0.0152401
6504 0.333918 0.584778  0.0813044
566 0.332632 0.411304  0.256064
6091 0.28748 0.33649  0.37603
6752 0.271311 0.244202  0.484486
4207 0.56897 0.0787084  0.352322
7102 0.357312 0.37919  0.263498
3551 0.072624 0.659004  0.268372
1176 0.374881 0.375362  0.249757
6750 0.221009 0.236452  0.542539
4640 0.371772 0.362977  0.265251
5376 0.381079 0.29525  0.323671
1055 0.29568 0.336258  0.368062
6146 0.483781 0.0941017  0.422118
6222 0.0429753 0.445726  0.511298
4225 0.059233 0.756356  0.184411
6138 0.462358 0.32006  0.217582
2208 0.134941 0.523717  0.341342
1720 0.35731 0.351184  0.291506
6918 0.214643 0.367522  0.417835
5070 0.460402 0.411625  0.127973
4255 0.017932 0.2549  0.727168
7298 0.229724 0.194281  0.575994
5182 0.305321 0.244933  0.449746
1326 0.212727 0.570229  0.217044
1730 0.0873733 0.300796  0.611831
5841 0.528443 0.229404  0.242153
6666 0.526376 0.361902  0.111722
4177 0.289234 0.413495  0.297271
1118 0.238909 0.429227  0.331864
5536 0.60148 0.0405993  0.35792
1580 0.680272 0.11429  0.205437
1174 0.296339 0.380146  0.323515
5936 0.122121 0.25197  0.625909
513 0.331025 0.14849  0.520484
4014 0.316744 0.270943  0.412313
1936 0.3325 0.257274  0.410226
230 0.263946 0.568274  0.16778
569 0.380633 0.298036  0.321331
2176 0.462225 0.299949  0.237826
2660 0.227163 0.513567  0.25927
721 0.431238 0.276799  0.291963
5558 0.336454 0.31627  0.347276
3223 0.24783 0.0546081  0.697562
6635 0.399046 0.287809  0.313145
4389 0.623713 0.254378  0.121909
5754 0.156929 0.206804  0.636268
4025 0.418163 0.370865  0.210972
4958 0.304462 0.381134  0.314404
3548 0.377093 0.0686891  0.554218
3944 0.0670673 0.329188  0.603745
4669 0.396147 0.240239  0.363614
6101 0.0867107 0.55974  0.35355
3098 0.377983 0.281979  0.340038
108 0.224937 0.426527  0.348536
1053 0.292679 0.184727  0.522594
6225 0.522671 0.157419  0.31991
1648 0.488231 0.40959  0.102179
3923 0.29573 0.246335  0.457935
3396 0.0682259 0.418208  0.513566
1642 0.0681476 0.588533  0.343319
5128 0.340854 0.366801  0.292345
2455 0.307631 0.360385  0.331984
1629 0.377789 0.212302  0.409909
2577 0.245076 0.582678  0.172246
62 0.272759 0.321364  0.405877
4573 0.360796 0.452603  0.186601
5036 0.36198 0.363143  0.274877
2018 0.196538 0.426143  0.377319
3518 0.142612 0.312457  0.544932
6921 0.281695 0.369049  0.349255
1775 0.270078 0.289929  0.439993
75 0.396146 0.212797  0.391057
4624 0.296734 0.347725  0.355541
3589 0.476464 0.463403  0.0601335
6799 0.310866 0.486356  0.202777
4161 0.472206 0.212646  0.315147
5380 0.459672 0.023453  0.516875
6864 0.497302 0.0260488  0.476649
2441 0.0838637 0.66008  0.256056
1066 0.292865 0.286111  0.421024
7253 0.439376 0.113723  0.446901
986 0.169094 0.38369  0.447216
2495 0.128861 0.378284  0.492855
6217 0.346897 0.325722  0.327381
2908 0.406306 0.297302  0.296391
1311 0.543766 0.155498  0.300736
3917 0.486704 0.174589  0.338707
1687 0.257445 0.363338  0.379216
6430 0.301198 0.344948  0.353854
2485 0.21826 0.52879  0.25295
3025 0.411997 0.280985  0.307018
56 0.372934 0.39657  0.230496
1320 0.0710503 0.159027  0.769922
3229 0.169157 0.590368  0.240474
2483 0.17368 0.328347  0.497973
1372 0.264271 0.21494  0.52079
2500 0.238824 0.0606091  0.700567
4882 0.222577 0.412892  0.364531
2362 0.432148 0.293424  0.274429
3386 0.180239 0.3404  0.479361
2282 0.234702 0.4543  0.310999
2190 0.158252 0.250595  0.591153
5948 0.188901 0.403304  0.407795
1456 0.544928 0.035972  0.4191
4694 0.3017 0.357252  0.341048
2014 0.18364 0.611708  0.204652
1183 0.299447 0.409219  0.291334
5788 0.0185374 0.452372  0.529091
1834 0.243546 0.456369  0.300084
725 0.489483 0.412507  0.0980092
1634 0.288012 0.586289  0.125698
498 0.346156 0.312783  0.341061
6837 0.248965 0.087989  0.663046
1232 0.0101373 0.489326  0.500537
5368 0.114708 0.104613  0.780679
6239 0.179539 0.737063  0.0833978
475 0.0949703 0.453711  0.451319
4608 0.349966 0.325609  0.324425
850 0.34041 0.306863  0.352727
1852 0.1552 0.457287  0.387513
3762 0.47621 0.0192122  0.504578
3551 0.488252 0.143005  0.368743
3395 0.305851 0.107656  0.586493
6562 0.387806 0.317823  0.294371
6510 0.188555 0.175298  0.636147
1187 0.0399846 0.32135  0.638665
6427 0.403003 0.255235  0.341762
2338 0.739308 0.199387  0.0613045
4474 0.267615 0.323359  0.409025
1643 0.0530823 0.0193811  0.927537
3795 0.414807 0.150436  0.434758
2722 0.279684 0.198334  0.521982
1350 0.321118 0.403551  0.275331
6013 0.357645 0.41019  0.232165
679 0.685525 0.0958871  0.218588
716 0.456773 0.0413726  0.501854
528 0.14851 0.533861  0.317629
5683 0.253763 0.168855  0.577382
2010 0.334837 0.068573  0.59659
4951 0.223217 0.346461  0.430322
5911 0.410737 0.165679  0.423584
4576 0.339717 0.191595  0.468688
5701 0.363355 0.478227  0.158419
1770 0.328628 0.409735  0.261637
2043 0.401983 0.46  0.138017
844 0.134811 0.390171  0.475018
482 0.710556 0.194962  0.0944825
4735 0.0565973 0.3664  0.577003
1068 0.333843 0.181669  0.484488
5377 0.0860176 0.468666  0.445316
6928 0.164094 0.654389  0.181517
4562 0.340588 0.34669  0.312722
1236 0.342962 0.318918  0.33812
4420 0.508599 0.208199  0.283202
7211 0.382788 0.361654  0.255558
6516 0.239851 0.246206  0.513943
6245 0.457011 0.189121  0.353868
2022 0.119905 0.372416  0.507678
6177 0.414246 0.137921  0.447833
6896 0.100774 0.503894  0.395333
2772 0.527069 0.162448  0.310482
5119 0.256271 0.614547  0.129182
1937 0.0150529 0.504369  0.480578
6306 0.408839 0.3765  0.214661
5908 0.0112679 0.557151  0.431581
4277 0.399376 0.286728  0.313895
2958 0.230938 0.722751  0.046311
1659 0.411497 0.136546  0.451958
3670 0.056995 0.281858  0.661147
1280 0.166832 0.135043  0.698125
3977 0.813961 0.172793  0.0132451
6782 0.326979 0.318601  0.354421
4748 0.278772 0.205712  0.515516
6156 0.477215 0.393828  0.128957
4476 0.296233 0.334537  0.36923
4537 0.410527 0.554298  0.035175
4114 0.738027 0.0540015  0.207972
6824 0.0793476 0.470743  0.449909
5210 0.409213 0.0887478  0.502039
0 0.773589 0.040891  0.18552
2175 0.299975 0.341793  0.358233
2200 0.178815 0.394831  0.426354
6632 0.26322 0.368611  0.368169
442 0.195915 0.212273  0.591812
3211 0.546488 0.421728  0.0317841
6794 0.307139 0.170511  0.52235
5681 0.659013 0.292052  0.0489352
1932 0.415903 0.405064  0.179033
3322 0.139312 0.262047  0.598642
4633 0.309405 0.320804  0.369791
4530 0.605757 0.0299003  0.364343
850 0.290708 0.21965  0.489642
4645 0.173813 0.390383  0.435803
1823 0.579877 0.042634  0.377489
1248 0.229831 0.235854  0.534314
3347 0.469141 0.509816  0.0210429
5746 0.361304 0.34163  0.297066
1436 0.459088 0.0957575  0.445155
1964 0.478546 0.0310664  0.490388
5701 0.381225 0.243695  0.37508
73 0.487515 0.408483  0.104001
2313 0.277225 0.368525  0.35425
246 0.471736 0.478465  0.0497996
1485 0.381367 0.297751  0.320883
1918 0.0846733 0.622455  0.292872
1478 0.566928 0.0893277  0.343744
730 0.478145 0.172701  0.349155
4572 0.442137 0.136421  0.421442
5290 0.384907 0.239192  0.375901
3535 0.22966 0.179911  0.590429
1446 0.28522 0.605237  0.109543
6733 0.0179762 0.437985  0.544039
6985 0.848875 0.0569502  0.0941745
5987 0.0408905 0.383616  0.575494
2466 0.672793 0.0819705  0.245236
3774 0.277459 0.5069  0.215641
2052 0.362315 0.506748  0.130938
4319 0.298845 0.355132  0.346023
6563 0.0244407 0.0488433  0.926716
6118 0.0800692 0.451532  0.468399
1646 0.0537406 0.657763  0.288496
2776 0.326204 0.281828  0.391968
5652 0.343779 0.306588  0.349633
6652 0.67278 0.134857  0.192364
5162 0.282106 0.31102  0.406875
6759 0.572764 0.11629  0.310946
1743 0.0586495 0.681119  0.260232
3622 0.0183169 0.823618  0.158065
2334 0.543847 0.179711  0.276442
1194 0.383064 0.251464  0.365471
552 0.155196 0.31839  0.526415
6452 0.315471 0.31471  0.369819
6258 0.591851 0.141771  0.266377
1184 0.386572 0.326506  0.286922
3190 0.468027 0.322199  0.209775
2562 0.146195 0.802253  0.0515517
1548 0.32503 0.139172  0.535798
4132 0.239232 0.145198  0.61557
1415 0.395948 0.127801  0.476251
3109 0.114658 0.518518  0.366824
6508 0.470634 0.488716  0.0406506
4770 0.417569 0.0374839  0.544947
5481 0.27904 0.483764  0.237195
7165 0.091312 0.791419  0.117269
375 0.694647 0.204407  0.100947
6403 0.484135 0.100212  0.415653
5980 0.377554 0.497312  0.125134
4120 0.328758 0.369575  0.301667
5418 0.579915 0.370391  0.0496939
6461 0.197997 0.621016  0.180986
2800 0.240922 0.220981  0.538097
2543 0.356836 0.390791  0.252373
5079 0.231667 0.716742  0.0515913
1570 0.0963009 0.228309  0.67539
6514 0.0218189 0.675472  0.302709
6544 0.347587 0.304529  0.347884
6998 0.260609 0.0370425  0.702348
672 0.256015 0.546886  0.197099
5201 0.462211 0.105406  0.432384
3938 0.0172957 0.644366  0.338338
7130 0.484809 0.260647  0.254544
1088 0.685375 0.250417  0.0642085
6209 0.466653 0.291869  0.241479
6076 0.418798 0.170257  0.410945
2594 0.36858 0.418903  0.212516
6839 0.434766 0.363871  0.201363
6030 0.500404 0.0324803  0.467116
5211 0.295752 0.372069  0.332179
6665 0.549278 0.383885  0.0668369
4207 0.436454 0.28533  0.278216
1935 0.350357 0.42154  0.228103
1438 0.316551 0.336994  0.346455
985 0.518546 0.00930299  0.472151
5631 0.126521 0.275788  0.597692
2133 0.553165 0.127836  0.318999
3838 0.3277 0.376452  0.295847
5722 0.11459 0.437017  0.448393
2351 0.430053 0.333659  0.236288
748 0.298702 0.458975  0.242323
4345 0.410204 0.126538  0.463258
5770 0.535732 0.434856  0.0294124
4338 0.0128513 0.346873  0.640275
343 0.411408 0.438734  0.149858
4220 0.176923 0.0634483  0.759629
1220 0.407829 0.359432  0.232739
5339 0.428915 0.388736  0.182349
2196 0.0173597 0.367257  0.615384
1819 0.0311344 0.365632  0.603233
4227 0.175968 0.418754  0.405278
4161 0.431903 0.543914  0.0241831
5916 0.373799 0.284294  0.341907
4262 0.200471 0.445059  0.35447
4182 0.171035 0.537209  0.291756
1800 0.400109 0.500132  0.0997582
1203 0.0321715 0.225403  0.742425
3268 0.344667 0.312776  0.342557
3881 0.407237 0.42358  0.169183
3857 0.267255 0.0519603  0.680785
3677 0.399018 0.12017  0.480811
3334 0.418369 0.404348  0.177283
3277 0.631732 0.212369  0.155898
6251 0.189241 0.176683  0.634076
5912 0.448416 0.19739  0.354193
3251 0.145679 0.69006  0.164261
1437 0.267599 0.498802  0.233598
5989 0.270532 0.363659  0.365809
262 0.40103 0.280657  0.318313
123 0.396595 0.419994  0.183411
3658 0.448031 0.220283  0.331686
4056 0.318788 0.0510863  0.630126
4770 0.127019 0.112588  0.760393
1127 0.451837 0.346922  0.201241
444 0.24966 0.317071  0.433269
1566 0.157481 0.746726  0.0957929
2162 0.667534 0.0271788  0.305288
5782 0.369544 0.135927  0.494529
2796 0.245938 0.496391  0.257671
5072 0.27467 0.52044  0.20489
6155 0.315139 0.323036  0.361825
744 0.49694 0.235049  0.268011
2955 0.218164 0.381672  0.400165
515 0.146438 0.708287  0.145275
3751 0.427941 0.26959  0.302469
2727 0.428945 0.256753  0.314302
6303 0.0406114 0.334826  0.624563
2264 0.156869 0.467326  0.375806
5134 0.326678 0.225327  0.447995
1998 0.29404 0.281561  0.424399
328 0.514538 0.293738  0.191725
4662 0.485381 0.255362  0.259256
4831 0.315748 0.188127  0.496125
5239 0.15612 0.405285  0.438595
1921 0.445589 0.0427127  0.511698
2619 0.608984 0.133901  0.257115
2070 0.267587 0.516059  0.216353
1897 0.132264 0.40991  0.457826
3086 0.440778 0.146618  0.412605
5322 0.311588 0.345603  0.342809
2879 0.0792836 0.800951  0.119765
2139 0.267977 0.655393  0.0766305
2485 0.283675 0.392128  0.324197
6438 0.206893 0.461543  0.331564
5021 0.19196 0.369981  0.438059
1115 0.182402 0.353483  0.464115
4386 0.550679 0.373133  0.0761882
1953 0.0739116 0.521554  0.404535
6397 0.187581 0.616212  0.196207
6912 0.56393 0.272982  0.163088
3405 0.0281334 0.475945  0.495921
2012 0.132382 0.304741  0.562877
5423 0.25718 0.341891  0.400929
5722 0.22214 0.388851  0.389009
4736 0.438601 0.142221  0.419178
2463 0.188187 0.0345757  0.777237
2425 0.18041 0.403023  0.416567
4650 0.619439 0.345994  0.0345674
2826 0.26613 0.612662  0.121208
1132 0.739831 0.187272  0.0728966
2169 0.353648 0.54955  0.0968013
6941 0.453102 0.0139789  0.532919
6267 0.255974 0.346273  0.397753
1384 0.0477955 0.169576  0.782629
2182 0.305957 0.579863  0.11418
404 0.542833 0.11121  0.345957
317 0.0666536 0.122985  0.810361
3954 0.518584 0.270783  0.210633
5817 0.592085 0.211018  0.196897
4427 0.443028 0.377928  0.179043
2927 0.11273 0.392365  0.494905
4865 0.527594 0.0656251  0.406781
5068 0.0361249 0.286933  0.676942
6039 0.31585 0.365371  0.318779
844 0.415942 0.334878  0.249181
5436 0.598745 0.042389  0.358866
5566 0.323667 0.11082  0.565513
1625 0.0182203 0.0856852  0.896094
5556 0.380273 0.566101  0.0536261
4315 0.422562 0.0308554  0.546583
5017 0.144882 0.546325  0.308792
6809 0.264745 0.473224  0.26203
4346 0.160444 0.540039  0.299517
2576 0.854248 0.111921  0.033831
2182 0.39568 0.395489  0.208831
1725 0.283642 0.36532  0.351038
5415 0.524631 0.0693427  0.406026
3697 0.289758 0.336102  0.374141
858 0.338025 0.252995  0.40898
3311 0.582291 0.15968  0.258029
1214 0.279543 0.341161  0.379296
6302 0.0271038 0.520377  0.452519
3516 0.166804 0.593015  0.24018
3221 0.495465 0.433067  0.0714677
984 0.234304 0.35858  0.407115
3563 0.434635 0.197219  0.368146
6378 0.0822547 0.40479  0.512955
4139 0.076632 0.136135  0.787233
3095 0.0525649 0.531703  0.415733
5597 0.377329 0.371316  0.251355
236 0.0470065 0.621248  0.331746
4388 0.471695 0.399262  0.129043
5808 0.313638 0.369167  0.317195
2325 0.154584 0.416856  0.42856
167 0.52268 0.439197  0.0381227
612 0.0881875 0.410581  0.501232
302 0.0812195 0.677994  0.240786
40 0.460972 0.299344  0.239684
4723 0.0284706 0.404444  0.567086
7191 0.543249 0.311105  0.145645
6535 0.268872 0.397102  0.334026
4385 0.434544 0.278947  0.286508
3805 0.264954 0.306176  0.42887
6815 0.692761 0.163641  0.143598
5998 0.17659 0.376437  0.446973
5761 0.383162 0.448171  0.168668
4840 0.44885 0.322315  0.228835
705 0.273436 0.310591  0.415973
592 0.545848 0.310939  0.143213
2828 0.33664 0.384884  0.278476
5848 0.0711609 0.639097  0.289742
3093 0.281634 0.378952  0.339415
4046 0.0196542 0.522969  0.457377
1232 0.230592 0.457955  0.311452
3071 0.329148 0.402965  0.267887
2176 0.416551 0.29766  0.285789
5976 0.330258 0.357529  0.312214
4458 0.335668 0.302225  0.362106
1593 0.214732 0.427113  0.358155
2246 0.29079 0.353705  0.355505
5837 0.365977 0.243239  0.390783
3971 0.557635 0.275189  0.167176
6343 0.247099 0.158993  0.593908
5697 0.496917 0.461027  0.0420557
1295 0.36387 0.490889  0.145242
1080 0.476095 0.35861  0.165295
6575 0.519085 0.034596  0.446319
4756 0.1304 0.227895  0.641706
4188 0.0401736 0.399964  0.559863
1546 0.372518 0.440113  0.187369
592 0.149566 0.399376  0.451058
2085 0.295827 0.52673  0.177443
1148 0.305838 0.325486  0.368676
4212 0.0972231 0.104835  0.797942
6162 0.38517 0.410556  0.204274
4802 0.264963 0.113789  0.621248
6252 0.434149 0.318935  0.246916
5698 0.459863 0.407012  0.133125
5203 0.460942 0.020096  0.518962
753 0.348201 0.470069  0.18173
5383 0.227218 0.374276  0.398505
4994 0.420619 0.203739  0.375642
2125 0.755991 0.214119  0.0298899
273 0.0941887 0.488487  0.417324
205 0.271926 0.520776  0.207298
3908 0.358883 0.605026  0.0360904
4496 0.327296 0.390806  0.281899
7276 0.69817 0.186297  0.115532
5077 0.136877 0.526553  0.33657
4584 0.273866 0.368976  0.357159
1369 0.254316 0.299371  0.446313
3490 0.229636 0.280281  0.490083
1174 0.40845 0.38904  0.20251
5366 0.678717 0.218358  0.102925
2375 0.131188 0.5585  0.310312
3180 0.297741 0.317035  0.385224
4800 0.137634 0.687922  0.174444
4991 0.421604 0.42079  0.157605
1437 0.519054 0.0657734  0.415172
5237 0.461606 0.0452025  0.493191
1054 0.250542 0.302323  0.447135
6610 0.803378 0.129007  0.0676149
3823 0.0717481 0.838713  0.0895389
3785 0.415695 0.319464  0.264841
1734 0.087162 0.593548  0.31929
6864 0.32305 0.343105  0.333845
4759 0.216904 0.218992  0.564104
4701 0.0945431 0.236373  0.669084
6026 0.279934 0.171548  0.548518
267 0.375781 0.267525  0.356694
5385 0.280672 0.583207  0.136122
2610 0.089971 0.377648  0.532381
3145 0.258545 0.334372  0.407083
2739 0.214045 0.364222  0.421733
498 0.285241 0.225891  0.488868
6700 0.544042 0.123068  0.33289
6568 0.538444 0.228126  0.23343
4631 0.538473 0.0966949  0.364832
5377 0.110863 0.147098  0.742039
1282 0.43966 0.531546  0.0287944
6842 0.359204 0.326955  0.313841
6508 0.0756201 0.0581898  0.86619
3843 0.598081 0.330092  0.0718273
5461 0.387058 0.344842  0.2681
5141 0.385496 0.0315359  0.582968
7150 0.430755 0.48576  0.0834856
1330 0.583973 0.154276  0.261751
5679 0.515901 0.41207  0.0720289
6299 0.0230341 0.471326  0.50564
6402 0.189489 0.682346  0.128166
5607 0.384152 0.264293  0.351555
1519 0.387351 0.541567  0.0710825
6503 0.426365 0.33164  0.241995
6749 0.419411 0.378561  0.202028
177 0.484229 0.211451  0.304321
6440 0.412767 0.389574  0.197658
1951 0.289066 0.138661  0.572273
4052 0.152571 0.281528  0.5659
1206 0.157627 0.232001  0.610373
3861 0.227095 0.19768  0.575225
667 0.739083 0.23187  0.0290471
690 0.091292 0.276035  0.632673
2045 0.0750332 0.810089  0.114878
4395 0.457694 0.377664  0.164643
650 0.334945 0.203894  0.461161
6276 0.0398591 0.692902  0.267239
817 0.106695 0.317788  0.575517
1039 0.407214 0.239742  0.353044
1370 0.590913 0.378607  0.0304801
3895 0.432085 0.368439  0.199476
2796 0.43075 0.524757  0.0444929
6668 0.409002 0.42129  0.169708
7200 0.408366 0.484259  0.107375
2487 0.617677 0.192638  0.189685
4626 0.442597 0.0349559  0.522447
4101 0.466327 0.193685  0.339988
6218 0.417487 0.265677  0.316836
5927 0.0513101 0.413081  0.535609
6386 0.451259 0.374221  0.17452
2887 0.337562 0.540741  0.121697
4231 0.19249 0.38382  0.42369
1943 0.193278 0.291679  0.515043
2939 0.159454 0.365244  0.475302
706 0.537202 0.272887  0.189912
4410 0.375996 0.229624  0.39438
4554 0.437659 0.315763  0.246578
6622 0.373578 0.419031  0.207392
5094 0.365774 0.373788  0.260437
3512 0.226138 0.454894  0.318969
7114 0.477456 0.360237  0.162307
4431 0.413124 0.32127  0.265606
2342 0.139301 0.798726  0.0619731
6898 0.898568 0.0581673  0.0432643
4448 0.233201 0.46325  0.303549
6190 0.219606 0.420241  0.360153
3682 0.516213 0.100802  0.382985
5495 0.266337 0.459966  0.273697
2965 0.325957 0.32721  0.346833
4406 0.297201 0.370486  0.332313
2985 0.123259 0.538213  0.338529
2059 0.409103 0.453924  0.136973
6981 0.622503 0.305244  0.0722532
5840 0.436611 0.545041  0.0183479
624 0.0832168 0.303455  0.613328
2348 0.338208 0.347597  0.314195
5164 0.179307 0.642391  0.178302
2572 0.384221 0.586598  0.0291812
2448 0.441629 0.406719  0.151653
6131 0.193029 0.466528  0.340443
896 0.615908 0.363453  0.0206392
2011 0.484529 0.411116  0.104355
2552 0.491652 0.498199  0.0101493
4106 0.36316 0.298369  0.338472
2229 0.693847 0.0854984  0.220655
3132 0.362783 0.0516422  0.585575
5075 0.612683 0.199541  0.187776
2414 0.261199 0.304495  0.434306
1516 0.453248 0.0552073  0.491545
4541 0.0619813 0.61093  0.327089
4717 0.376607 0.419083  0.20431
329 0.464189 0.269937  0.265874
5446 0.46327 0.162936  0.373793
806 0.35094 0.249215  0.399845
5031 0.0586306 0.220255  0.721114
3963 0.226098 0.391054  0.382848
4988 0.0512578 0.482989  0.465753
5837 0.64806 0.165821  0.186119
6569 0.676505 0.08384  0.239655
2932 0.0736563 0.6542  0.272143
1892 0.623157 0.316214  0.0606297
5778 0.607076 0.304581  0.0883426
3565 0.317047 0.377875  0.305078
6146 0.148978 0.360842  0.49018
4580 0.307387 0.417144  0.275469
5850 0.456158 0.402622  0.14122
3661 0.389742 0.0957879  0.51447
1731 0.0846299 0.430249  0.485121
6863 0.479865 0.422741  0.0973943
4925 0.368537 0.363726  0.267737
5789 0.0703906 0.451637  0.477973
4325 0.377755 0.384814  0.237431
1631 0.428755 0.403694  0.167552
2768 0.473603 0.477789  0.0486079
4178 0.572796 0.150421  0.276783
2578 0.227944 0.258045  0.514011
4786 0.412083 0.409257  0.178661
4534 0.377311 0.242547  0.380143
82 0.128334 0.688395  0.183271
1641 0.737429 0.0572342  0.205337
7045 0.13743 0.743086  0.119484
3488 0.238773 0.549297  0.21193
574 0.309094 0.511174  0.179733
5988 0.458159 0.224451  0.31739
5233 0.2229 0.561123  0.215977
2233 0.204599 0.507707  0.287694
2170 0.492845 0.147286  0.359868
3903 0.169706 0.593194  0.237101
570 0.471823 0.477022  0.0511549
327 0.118414 0.240197  0.641389
1132 0.331023 0.333931  0.335046
4183 0.499594 0.202972  0.297434
487 0.4803 0.335678  0.184022
5057 0.245197 0.657974  0.0968289
2768 0.304465 0.318627  0.376907
3930 0.482425 0.427042  0.0905334
3836 0.375951 0.597878  0.0261708
3154 0.351326 0.59398  0.0546939
2553 0.106407 0.748847  0.144746
4655 0.361466 0.38739  0.251144
2499 0.285705 0.221386  0.492909
4808 0.390305 0.415669  0.194026
2326 0.329756 0.116243  0.554001
3385 0.385909 0.386395  0.227696
2647 0.153473 0.549957  0.29657
1271 0.791587 0.147198  0.0612149
1086 0.23777 0.459076  0.303154
87 0.530324 0.387852  0.081824
3615 0.395883 0.0979181  0.506199
6948 0.035003 0.847652  0.117345
6348 0.22516 0.650153  0.124687
2736 0.414478 0.0718917  0.51363
4426 0.153632 0.804489  0.0418786
3213 0.191773 0.215648  0.592579
1830 0.515051 0.14615  0.338799
1534 0.460201 0.14438  0.395419
1881 0.38497 0.24532  0.36971
2090 0.302691 0.404234  0.293075
7060 0.6922 0.227333  0.080467
6732 0.22491 0.405617  0.369473
3452 0.194667 0.380637  0.424696
5858 0.488094 0.220025  0.291882
2353 0.140145 0.503032  0.356823
2224 0.159797 0.575479  0.264724
450 0.233481 0.404886  0.361633
6491 0.363601 0.233854  0.402545
4482 0.370536 0.131697  0.497767
5569 0.324001 0.410925  0.265074
1073 0.0671557 0.375711  0.557134
5469 0.134458 0.221593  0.643948
2550 0.302698 0.0506529  0.646649
5864 0.0888362 0.446539  0.464625
6548 0.458738 0.496498  0.0447635
782 0.0556468 0.386882  0.557471
475 0.350536 0.267464  0.382001
326 0.468411 0.417676  0.113914
5936 0.359573 0.520661  0.119767
2788 0.141091 0.419085  0.439825
3616 0.359057 0.286504  0.354439
6997 0.187407 0.242174  0.570419
5174 0.363207 0.286499  0.350294
2495 0.551428 0.178479  0.270093
2600 0.437292 0.139218  0.423489
3691 0.259471 0.333244  0.407285
3734 0.462672 0.338774  0.198555
6660 0.359891 0.386436  0.253673
5056 0.253267 0.338273  0.408461
5869 0.383393 0.329183  0.287424
4154 0.461636 0.335965  0.202398
1985 0.230004 0.327641  0.442354
580 0.708149 0.0802652  0.211585
6109 0.576023 0.254827  0.16915
6166 0.319979 0.416711  0.263309
3772 0.0794088 0.441569  0.479022
4114 0.441921 0.341724  0.216355
5893 0.28557 0.611211  0.103219
2908 0.383944 0.589422  0.0266345
2523 0.270998 0.258698  0.470304
4287 0.198626 0.423869  0.377505
4002 0.325331 0.55632  0.118349
5630 0.288548 0.259691  0.45176
5239 0.0272142 0.697438  0.275347
818 0.216545 0.545036  0.238419
1392 0.808196 0.144829  0.0469751
4563 0.729117 0.0562921  0.214591
2415 0.116524 0.582701  0.300775
2835 0.138311 0.84807  0.0136197
6781 0.239892 0.686041  0.0740671
2225 0.623033 0.316791  0.0601764
1944 0.403038 0.384319  0.212643
5682 0.395792 0.584549  0.019659
5025 0.143495 0.417537  0.438969
2089 0.286734 0.339895  0.373371
3269 0.372747 0.349993  0.27726
6944 0.266772 0.630931  0.102296
5935 0.256847 0.265379  0.477774
7319 0.411242 0.573271  0.0154874
4054 0.392366 0.32164  0.285994
3178 0.0761208 0.524079  0.3998
2483 0.388447 0.276392  0.335161
7201 0.430846 0.222984  0.34617
3183 0.340591 0.386477  0.272932
5485 0.228741 0.122377  0.648883
2312 0.42484 0.431934  0.143227
5077 0.519748 0.012439  0.467813
3413 0.0687524 0.231174  0.700074
2579 0.309286 0.488069  0.202644
2561 0.459229 0.0993084  0.441463
3082 0.276449 0.0593336  0.664217
987 0.51731 0.376404  0.106286
5600 0.651288 0.127668  0.221044
1496 0.265663 0.67706  0.057277
6313 0.308329 0.272629  0.419041
6270 0.418987 0.278171  0.302842
2664 0.0285172 0.378679  0.592803
1128 0.380987 0.243738  0.375275
5441 0.294644 0.532721  0.172635
267 0.336744 0.165195  0.49806
527 0.419884 0.389606  0.19051
3870 0.374249 0.116251  0.5095
1188 0.15382 0.499747  0.346434
2892 0.279987 0.425837  0.294176
1000 0.516325 0.026289  0.457387
4473 0.36364 0.201621  0.434739
3570 0.120846 0.495116  0.384039
3541 0.0888868 0.410402  0.500711
6958 0.598664 0.216068  0.185269
5384 0.389081 0.34284  0.268079
4623 0.08747 0.452034  0.460496
7206 0.254487 0.0575793  0.687934
1782 0.5885 0.0124896  0.399011
2130 0.098486 0.377101  0.524413
1675 0.123041 0.283161  0.593799
4794 0.374265 0.431606  0.194129
1850 0.173574 0.40647  0.419956
232 0.303769 0.552022  0.144209
2328 0.212532 0.19332  0.594148
4856 0.352051 0.227692  0.420257
5334 0.0885592 0.642279  0.269162
6490 0.181027 0.758884  0.0600891
6734 0.237591 0.359983  0.402425
1846 0.392786 0.399002  0.208211
432 0.0901561 0.495287  0.414557
1486 0.335655 0.239165  0.425181
1485 0.0172865 0.24196  0.740753
956 0.192882 0.41704  0.390079
2172 0.222195 0.375679  0.402125
5713 0.193038 0.505924  0.301038
455 0.516701 0.0198515  0.463448
226 0.419018 0.374545  0.206437
4285 0.343596 0.427888  0.228516
5687 0.521958 0.147295  0.330747
4900 0.38615 0.232319  0.381531
3040 0.141098 0.337394  0.521508
6163 0.218149 0.425489  0.356362
5671 0.533187 0.293709  0.173104
1609 0.150438 0.403968  0.445594
7075 0.486203 0.173481  0.340316
4761 0.125775 0.161797  0.712428
5255 0.0736249 0.52545  0.400925
3735 0.0278442 0.58812  0.384036
4568 0.819418 0.0676355  0.112947
7338 0.491551 0.441394  0.0670554
5910 0.431756 0.385814  0.182431
5065 0.117936 0.39516  0.486904
2699 0.520362 0.0877559  0.391882
1008 0.361416 0.21612  0.422464
1258 0.472029 0.0823938  0.445577
538 0.189794 0.478451  0.331755
4515 0.0243322 0.834881  0.140786
5024 0.586671 0.339544  0.0737848
281 0.460026 0.180034  0.35994
3479 0.522174 0.163447  0.314379
3304 0.340934 0.407498  0.251568
7100 0.332829 0.405193  0.261979
6634 0.372996 0.207826  0.419179
1551 0.390725 0.0349121  0.574363
4226 0.257164 0.343901  0.398934
5653 0.228861 0.449472  0.321667
5350 0.547795 0.282362  0.169843
1051 0.389104 0.367074  0.243822
44 0.0723466 0.464493  0.46316
3179 0.249993 0.46097  0.289038
220 0.441011 0.337181  0.221808
2973 0.423402 0.459024  0.117574
6108 0.646215 0.076193  0.277592
6204 0.233547 0.320533  0.445919
5211 0.210431 0.0455548  0.744014
1880 0.490087 0.177429  0.332484
3701 0.442299 0.421868  0.135833
4898 0.340224 0.33857  0.321205
37 0.617689 0.123279  0.259032
3656 0.214669 0.560547  0.224784
3496 0.3 0.29054  0.40946
6653 0.0686534 0.493334  0.438012
3293 0.128003 0.478179  0.393818
5525 0.11378 0.404615  0.481605
1697 0.0199787 0.601485  0.378536
4210 0.0199746 0.471442  0.508583
1011 0.628061 0.30718  0.0647587
5141 0.384941 0.2253  0.389759
553 0.29599 0.336803  0.367207
2525 0.138052 0.50103  0.360918
4874 0.250768 0.713276  0.0359556
4675 0.202458 0.2407  0.556842
6579 0.629808 0.0293468  0.340845
232 0.353532 0.420618  0.225849
2969 0.492953 0.38215  0.124897
2114 0.571062 0.15617  0.272768
2376 0.333759 0.597873  0.0683687
4998 0.378763 0.140555  0.480682
6431 0.401348 0.474264  0.124388
4876 0.299373 0.387168  0.313459
2564 0.561794 0.265284  0.172922
2584 0.493307 0.0716954  0.434997
5024 0.361118 0.13759  0.501292
2765 0.0825604 0.155915  0.761524
6265 0.243404 0.25821  0.498386
5984 0.214869 0.202668  0.582463
1266 0.109255 0.495789  0.394956
4078 0.218779 0.395132  0.386089
4236 0.391316 0.265817  0.342867
1618 0.217571 0.435992  0.346437
2981 0.0805685 0.540888  0.378543
4135 0.0692019 0.37165  0.559148
6218 0.508079 0.170692  0.321228
6002 0.303346 0.544182  0.152472
6420 0.107493 0.515213  0.377295
154 0.301638 0.233451  0.464912
155 0.315721 0.5259  0.158378
5288 0.0201321 0.225978  0.75389
2551 0.369216 0.36947  0.261314
4707 0.439999 0.278317  0.281684
5794 0.321695 0.249522  0.428783
1800 0.43488 0.201601  0.363519
6058 0.580583 0.1688  0.250618
2449 0.393115 0.482514  0.124371
724 0.466034 0.489383  0.0445829
7044 0.477155 0.245203  0.277642
1479 0.249821 0.311765  0.438414
342 0.282235 0.38408  0.333685
1082 0.0836987 0.894782  0.0215194
1196 0.153642 0.28668  0.559678
1460 0.237085 0.603181  0.159734
5495 0.409764 0.108251  0.481984
6388 0.470743 0.0178901  0.511367
4670 0.428144 0.349442  0.222414
1185 0.131909 0.635592  0.232499
3102 0.414704 0.359174  0.226121
664 0.113758 0.638017  0.248225
3957 0.105331 0.503892  0.390777
6377 0.629114 0.172111  0.198775
3822 0.443399 0.130134  0.426467
2450 0.413243 0.184337  0.40242
2734 0.460098 0.263806  0.276096
884 0.685066 0.304997  0.00993754
249 0.272544 0.333588  0.393868
1761 0.681846 0.248587  0.0695671
3618 0.273852 0.346163  0.379985
5776 0.39369 0.247654  0.358657
4293 0.303472 0.275666  0.420862
2559 0.448338 0.106123  0.445539
6554 0.411442 0.201553  0.387005
467 0.312435 0.310931  0.376634
1574 0.339736 0.335949  0.324315
3255 0.288591 0.307644  0.403765
5207 0.364157 0.285505  0.350338
3402 0.255669 0.188722  0.555609
70 0.281252 0.609835  0.108913
3668 0.49193 0.0887705  0.4193
215 0.0789325 0.464225  0.456843
656 0.218174 0.568479  0.213347
4256 0.496733 0.431313  0.0719537
2587 0.366983 0.609569  0.0234479
6223 0.453783 0.269168  0.277049
3495 0.0893662 0.436008  0.474626
1061 0.391511 0.370722  0.237767
5040 0.455 0.208107  0.336894
3397 0.332663 0.457804  0.209533
3380 0.0805746 0.415778  0.503647
3284 0.317021 0.27494  0.408039
2314 0.238812 0.398523  0.362665
1149 0.307014 0.207391  0.485595
3091 0.302963 0.396243  0.300794
2102 0.309043 0.100354  0.590603
2409 0.104486 0.467277  0.428237
2718 0.252054 0.152935  0.595011
3230 0.161758 0.116023  0.722219
6262 0.122671 0.581406  0.295924
7246 0.61188 0.154618  0.233501
6164 0.439881 0.340225  0.219893
4330 0.236567 0.548805  0.214628
2927 0.201389 0.661721  0.13689
3276 0.505743 0.290594  0.203664
6399 0.313971 0.542764  0.143265
786 0.152456 0.666115  0.181429
6899 0.158438 0.567257  0.274305
1527 0.11145 0.284732  0.603818
619 0.418316 0.23362  0.348064
1284 0.292131 0.413312  0.294557
363 0.109099 0.390047  0.500854
3533 0.37548 0.401835  0.222685
1939 0.137886 0.595813  0.266301
6239 0.385827 0.385378  0.228794
5789 0.387435 0.287235  0.325331
4194 0.440738 0.186754  0.372508
2457 0.35555 0.612753  0.0316969
1325 0.174681 0.77209  0.0532296
3440 0.347241 0.357983  0.294776
6461 0.413161 0.0815637  0.505276
524 0.374938 0.209153  0.415908
1202 0.321173 0.348996  0.329831
5112 0.290044 0.605692  0.104264
2754 0.197256 0.445325  0.357419
3301 0.198148 0.366712  0.43514
6591 0.483374 0.25659  0.260035
7335 0.418597 0.12229  0.459114
2640 0.435763 0.278574  0.285663
6444 0.513808 0.136216  0.349975
4671 0.207945 0.223952  0.568103
6963 0.288364 0.363487  0.348149
1284 0.140011 0.624418  0.235571
2387 0.641744 0.19399  0.164267
1453 0.442897 0.260284  0.296819
3341 0.875848 0.102371  0.0217808
7159 0.507109 0.194601  0.29829
1630 0.280502 0.255137  0.464361
4715 0.065423 0.411437  0.52314
6464 0.389778 0.404466  0.205756
5059 0.516655 0.0119395  0.471406
6722 0.522992 0.31907  0.157938
288 0.433667 0.555202  0.0111311
6926 0.0860051 0.898473  0.0155217
7116 0.0394432 0.80169  0.158867
5819 0.313981 0.382569  0.30345
1304 0.326826 0.494634  0.178541
4753 0.290592 0.381945  0.327462
3767 0.0619823 0.396841  0.541176
1444 0.280389 0.0560011  0.663609
1123 0.257529 0.536519  0.205952
4918 0.14805 0.547782  0.304168
2743 0.128239 0.520076  0.351685
895 0.586839 0.350511  0.0626505
265 0.465093 0.494573  0.0403335
801 0.0609558 0.239385  0.699659
6197 0.45135 0.52773  0.0209202
1373 0.139144 0.555559  0.305297
6032 0.293848 0.310771  0.395381
892 0.41688 0.338329  0.244791
1625 0.465709 0.113144  0.421147
2472 0.39952 0.345402  0.255078
4906 0.318814 0.363504  0.317682
2905 0.0685057 0.851132  0.0803618
2305 0.745961 0.0152061  0.238833
543 0.334843 0.15674  0.508417
5980 0.482785 0.372846  0.144369
1073 0.296248 0.141316  0.562436
5736 0.426232 0.198615  0.375153
3686 0.647804 0.24342  0.108777
532 0.0404118 0.39662  0.562968
6237 0.717602 0.13853  0.143868
5051 0.104017 0.784007  0.111976
3305 0.302532 0.357295  0.340172
2932 0.505891 0.260166  0.233943
4842 0.245963 0.380966  0.37307
2288 0.20817 0.579698  0.212132
1079 0.288541 0.695674  0.0157852
1686 0.261468 0.61287  0.125663
3300 0.206246 0.238857  0.554898
5285 0.241075 0.49386  0.265065
3512 0.280644 0.227395  0.491961
3147 0.654634 0.144401  0.200965
1318 0.340154 0.175141  0.484705
4544 0.089191 0.657023  0.253786
6783 0.0169786 0.454089  0.528932
6781 0.153455 0.557707  0.288838
3124 0.324353 0.409699  0.265948
6634 0.591632 0.0177569  0.390611
2200 0.148304 0.324437  0.527258
5919 0.468059 0.16355  0.368391
4575 0.43651 0.245201  0.318289
3553 0.0257341 0.417679  0.556587
745 0.545425 0.42709  0.0274848
7125 0.931597 0.0461922  0.0222112
5540 0.41028 0.109525  0.480195
1509 0.072878 0.609841  0.317281
2193 0.229265 0.405278  0.365457
5795 0.268523 0.465169  0.266309
3370 0.574331 0.318802  0.106867
5220 0.0964006 0.432504  0.471095
4660 0.38315 0.0911966  0.525653
4471 0.295116 0.246098  0.458786
5276 0.168325 0.30502  0.526655
6708 0.181304 0.127692  0.691004
4977 0.373016 0.393146  0.233838
4459 0.391434 0.37315  0.235416
6270 0.475707 0.219267  0.305026
7277 0.222733 0.432986  0.344281
2797 0.142292 0.0752153  0.782493
4590 0.88853 0.0470754  0.0643948
893 0.0594144 0.234033  0.706553
3164 0.54896 0.333636  0.117404
6447 0.423496 0.132306  0.444197
379 0.475587 0.0569104  0.467502
1195 0.199489 0.745948  0.0545625
3753 0.199443 0.395356  0.405201
6047 0.171096 0.450752  0.378152
3714 0.355229 0.44571  0.199061
5017 0.505131 0.427874  0.0669943
240 0.633057 0.305926  0.061017
1794 0.513306 0.438431  0.0482626
2981 0.679631 0.275898  0.0444714
3283 0.465078 0.22675  0.308172
2087 0.288692 0.548493  0.162815
6098 0.109784 0.446936  0.44328
1754 0.370418 0.239057  0.390526
3099 0.0947318 0.514296  0.390972
4815 0.396258 0.443708  0.160035
3909 0.0590064 0.354268  0.586725
2189 0.11764 0.460926  0.421435
2774 0.328638 0.312222  0.35914
2530 0.329518 0.441149  0.229333
1145 0.389721 0.589221  0.021058
2094 0.181735 0.480565  0.3377
5090 0.287183 0.243319  0.469498
5960 0.192844 0.301111  0.506045
5894 0.489868 0.422582  0.0875507
6158 0.637067 0.264231  0.0987014
1526 0.155905 0.566341  0.277754
3539 0.701301 0.144687  0.154012
4280 0.542817 0.176579  0.280604
1094 0.463108 0.42147  0.115423
3477 0.37739 0.470483  0.152126
1757 0.242469 0.293056  0.464475
703 0.381378 0.233716  0.384906
5634 0.292301 0.198349  0.50935
6429 0.347107 0.232262  0.42063
292 0.172627 0.47474  0.352633
2670 0.422514 0.447565  0.129921
163 0.456627 0.45059  0.0927823
2866 0.0667096 0.656773  0.276517
5919 0.247539 0.453755  0.298706
1802 0.324181 0.133214  0.542605
6021 0.548164 0.305988  0.145848
4169 0.739513 0.246572  0.0139154
770 0.392532 0.423627  0.183842
6003 0.171604 0.578392  0.250003
1648 0.366807 0.392841  0.240353
5425 0.536747 0.130467  0.332786
2483 0.294917 0.227427  0.477657
6483 0.382471 0.134843  0.482686
1047 0.605291 0.107316  0.287393
353 0.555872 0.139519  0.304609
5568 0.551878 0.306914  0.141208
3005 0.495463 0.466151  0.0383854
4067 0.574101 0.407571  0.0183283
4472 0.646104 0.160886  0.19301
2691 0.244376 0.0945524  0.661072
3152 0.11338 0.511683  0.374937
6321 0.337709 0.310186  0.352104
4551 0.488292 0.472002  0.0397052
7074 0.229289 0.233214  0.537496
75 0.421525 0.267447  0.311028
3226 0.515521 0.0417693  0.44271
4195 0.0172026 0.577635  0.405162
7326 0.138824 0.681528  0.179649
7055 0.171952 0.0791768  0.748871
6801 0.572363 0.390702  0.0369348
7273 0.594453 0.0495842  0.355962
1045 0.404884 0.388577  0.206538
4184 0.481619 0.140192  0.378189
952 0.388526 0.28087  0.330604
5450 0.505674 0.223671  0.270655
5681 0.394459 0.513547  0.0919944
4268 0.562074 0.110849  0.327077
5981 0.267117 0.285761  0.447122
3255 0.377602 0.126443  0.495955
3749 0.533876 0.356055  0.11007
1074 0.132241 0.40892  0.458839
3713 0.125705 0.136478  0.737818
3587 0.582592 0.280309  0.137099
3246 0.340458 0.401147  0.258396
2785 0.376707 0.354392  0.268901
4012 0.31607 0.48977  0.19416
931 0.30428 0.056118  0.639602
