969 0.0864742 0.761474  0.152052
7171 0.319269 0.343926  0.336805
909 0.0744494 0.455849  0.469702
4675 0.297422 0.536871  0.165707
1726 0.473894 0.16629  0.359816
7130 0.330492 0.331911  0.337597
1208 0.416969 0.233939  0.349092
3353 0.485514 0.290539  0.223947
3258 0.260922 0.399041  0.340037
5457 0.348774 0.56145  0.0897762
1475 0.0756653 0.204752  0.719583
6947 0.287131 0.331748  0.381121
1628 0.281725 0.464668  0.253607
771 0.200538 0.224095  0.575367
6589 0.536383 0.37269  0.0909269
1546 0.221133 0.666859  0.112009
7197 0.325027 0.339858  0.335115
2410 0.247897 0.352785  0.399318
7281 0.411566 0.487936  0.100497
5241 0.467696 0.108055  0.424249
7028 0.300301 0.452698  0.247002
7568 0.452481 0.0356888  0.51183
2221 0.419264 0.327391  0.253345
2948 0.166607 0.117868  0.715525
3144 0.708445 0.0788972  0.212658
2151 0.239138 0.463756  0.297106
1090 0.318596 0.417747  0.263657
3757 0.400583 0.220553  0.378864
5115 0.166836 0.239532  0.593632
7624 0.287731 0.295074  0.417195
1748 0.451508 0.180569  0.367923
5133 0.446968 0.540123  0.0129093
3168 0.351897 0.262318  0.385785
2682 0.488657 0.0709994  0.440343
804 0.0893195 0.38951  0.52117
2550 0.140658 0.126875  0.732467
3685 0.129998 0.797796  0.072206
524 0.311189 0.400413  0.288398
4058 0.404148 0.15489  0.440961
1305 0.368173 0.277397  0.354429
3549 0.355814 0.352332  0.291854
6012 0.243264 0.279363  0.477374
7203 0.0546425 0.416738  0.52862
4370 0.202186 0.767466  0.0303485
4336 0.226993 0.438909  0.334099
6996 0.276488 0.414693  0.308819
2036 0.38536 0.278728  0.335912
6016 0.332413 0.422931  0.244656
494 0.358101 0.0166172  0.625281
4785 0.223697 0.358095  0.418208
5366 0.208449 0.405797  0.385754
6718 0.542299 0.385881  0.0718201
35 0.307541 0.28643  0.406029
3040 0.249229 0.354387  0.396383
745 0.0857012 0.229614  0.684685
6807 0.202611 0.471964  0.325425
733 0.174809 0.38763  0.437561
3165 0.182115 0.325127  0.492758
1000 0.219996 0.245711  0.534293
5710 0.360966 0.133343  0.505691
7566 0.09294 0.467251  0.439809
5318 0.374715 0.38127  0.244015
3356 0.17363 0.557699  0.268671
6168 0.493974 0.365277  0.14075
1026 0.306152 0.145485  0.548363
6329 0.121928 0.49786  0.380212
2575 0.423415 0.41152  0.165066
708 0.398637 0.252185  0.349177
2143 0.0878516 0.261343  0.650806
4347 0.501533 0.152285  0.346182
6391 0.351537 0.27907  0.369394
4809 0.290572 0.63129  0.0781385
572 0.0391814 0.61249  0.348328
5950 0.316442 0.667745  0.0158131
247 0.557181 0.420897  0.021922
3062 0.169412 0.375597  0.454991
1936 0.243745 0.367881  0.388374
2975 0.393215 0.331458  0.275327
1001 0.0483824 0.641205  0.310412
6462 0.221323 0.147402  0.631275
5329 0.163329 0.583542  0.253129
3354 0.379092 0.450422  0.170486
5413 0.350312 0.59475  0.054938
7244 0.0353571 0.337721  0.626922
145 0.0726567 0.163839  0.763504
2369 0.0413089 0.870422  0.0882688
6563 0.0605962 0.464314  0.47509
2022 0.260825 0.369202  0.369973
4484 0.276415 0.690008  0.0335768
5525 0.319822 0.16625  0.513928
3138 0.342574 0.57004  0.087386
4316 0.393669 0.412077  0.194254
1869 0.534578 0.426073  0.0393483
1203 0.43257 0.191175  0.376254
3132 0.430586 0.319375  0.25004
6029 0.430863 0.112643  0.456493
7175 0.486355 0.462631  0.0510139
5291 0.133147 0.674816  0.192037
3219 0.293381 0.376583  0.330036
4185 0.169411 0.366222  0.464368
851 0.413883 0.436399  0.149717
3787 0.198738 0.559555  0.241708
3424 0.319778 0.222592  0.45763
3668 0.170361 0.380116  0.449523
5376 0.249265 0.368892  0.381843
3158 0.55269 0.426429  0.0208803
3796 0.147109 0.830473  0.0224181
158 0.255517 0.254774  0.489709
6332 0.25348 0.368817  0.377703
3060 0.0232618 0.123687  0.853051
517 0.457181 0.337568  0.20525
3464 0.0687113 0.252126  0.679162
5369 0.530413 0.037064  0.432523
5812 0.149211 0.292332  0.558456
780 0.236778 0.537227  0.225995
3249 0.369695 0.580467  0.049838
2576 0.0962417 0.23545  0.668309
3107 0.390137 0.25144  0.358422
1630 0.334095 0.328258  0.337646
623 0.204305 0.289494  0.506201
175 0.735227 0.0467338  0.218039
4919 0.307092 0.423368  0.26954
1132 0.289319 0.570042  0.140639
4755 0.310841 0.576236  0.112922
4802 0.151731 0.111939  0.73633
1208 0.272431 0.61157  0.115999
6647 0.40691 0.444336  0.148754
135 0.182897 0.39175  0.425353
2536 0.394629 0.17782  0.427551
1568 0.500178 0.350186  0.149636
5492 0.286274 0.325693  0.388033
7362 0.44873 0.385709  0.165562
1359 0.459896 0.0542999  0.485804
1836 0.199748 0.298163  0.502089
3619 0.283908 0.465891  0.250202
3962 0.296009 0.456013  0.247978
4679 0.436761 0.20821  0.355029
3190 0.289989 0.113512  0.596499
2532 0.373062 0.352799  0.274138
7410 0.440237 0.0690932  0.490669
180 0.0972505 0.58507  0.317679
5502 0.297121 0.0887615  0.614118
812 0.326768 0.256588  0.416644
4933 0.113397 0.195622  0.690982
5299 0.399876 0.296518  0.303606
5123 0.458454 0.0926462  0.4489
1303 0.667846 0.309641  0.0225131
897 0.642489 0.092823  0.264688
7293 0.137908 0.795805  0.0662871
6580 0.64416 0.342421  0.0134189
7103 0.582575 0.0338467  0.383578
5261 0.335224 0.262691  0.402085
1686 0.389721 0.29942  0.310859
5798 0.239303 0.402251  0.358446
6438 0.136379 0.187635  0.675986
1206 0.16241 0.38057  0.45702
2709 0.23437 0.417852  0.347778
4055 0.423558 0.241524  0.334918
2690 0.597433 0.132117  0.27045
3598 0.534841 0.343599  0.12156
3745 0.194928 0.0456701  0.759402
6372 0.142899 0.406843  0.450258
990 0.0294504 0.9469  0.0236496
3496 0.41548 0.0824822  0.502038
1343 0.582379 0.093921  0.3237
6245 0.0365323 0.831497  0.131971
4027 0.512943 0.0433997  0.443657
7427 0.444126 0.308434  0.24744
5012 0.574783 0.175873  0.249344
6052 0.00988101 0.636726  0.353393
1921 0.160266 0.331023  0.508711
7634 0.425483 0.545508  0.0290094
3688 0.125003 0.394088  0.480908
2364 0.372004 0.345487  0.282509
3773 0.220285 0.371745  0.407969
5311 0.29128 0.176004  0.532716
6306 0.598665 0.344644  0.0566908
4555 0.517679 0.0654846  0.416837
938 0.266052 0.11009  0.623858
2522 0.563662 0.0102223  0.426116
1571 0.551221 0.272538  0.176242
4550 0.409573 0.173685  0.416743
5030 0.337366 0.0888992  0.573735
3753 0.264153 0.548861  0.186986
3892 0.513337 0.412227  0.0744365
481 0.418993 0.122715  0.458292
961 0.191599 0.0525  0.755901
1911 0.731063 0.158258  0.110679
3580 0.0493038 0.865232  0.085464
3363 0.194816 0.359675  0.445509
55 0.669972 0.108587  0.221441
295 0.0163618 0.294792  0.688846
34 0.119221 0.799641  0.0811386
4119 0.17568 0.021017  0.803303
6672 0.353635 0.0924889  0.553876
2747 0.258975 0.53219  0.208835
586 0.330776 0.364676  0.304548
1083 0.320513 0.347753  0.331734
3956 0.208111 0.680973  0.110916
5574 0.462733 0.129379  0.407888
480 0.191271 0.400545  0.408184
741 0.432199 0.239874  0.327927
3728 0.311096 0.34852  0.340384
2552 0.0467931 0.0203553  0.932852
4589 0.388055 0.492475  0.119471
4606 0.415004 0.377462  0.207534
3478 0.477335 0.303811  0.218854
2961 0.0360629 0.688907  0.27503
4322 0.180145 0.119163  0.700693
4597 0.310134 0.200928  0.488938
6746 0.353912 0.259954  0.386134
1401 0.320937 0.357871  0.321193
4836 0.3988 0.573269  0.0279312
4497 0.453251 0.269827  0.276922
5851 0.411623 0.335868  0.252509
1813 0.612524 0.0957262  0.29175
3560 0.415814 0.22253  0.361656
1912 0.382632 0.231237  0.386131
4058 0.695188 0.222248  0.0825639
816 0.150151 0.42545  0.4244
4798 0.198076 0.347811  0.454112
5034 0.244359 0.437212  0.318429
2497 0.244874 0.105879  0.649247
5630 0.202351 0.38604  0.411609
4965 0.264164 0.481404  0.254432
406 0.682044 0.300081  0.0178748
2061 0.348273 0.414357  0.23737
3158 0.360391 0.495118  0.144491
6931 0.235523 0.378231  0.386247
2353 0.377312 0.399348  0.223339
3268 0.330422 0.307891  0.361687
5456 0.464528 0.190183  0.345289
1511 0.150894 0.564856  0.284249
5672 0.204085 0.581747  0.214167
4376 0.17806 0.252496  0.569444
20 0.376105 0.251021  0.372874
1963 0.122698 0.368108  0.509194
6024 0.0608042 0.559403  0.379792
7633 0.219572 0.0743648  0.706063
2441 0.655998 0.02854  0.315462
3726 0.193026 0.336462  0.470512
4992 0.64496 0.114572  0.240469
6587 0.23169 0.223912  0.544398
6730 0.285933 0.443495  0.270572
5407 0.257448 0.31482  0.427731
1005 0.597888 0.0411458  0.360966
415 0.592795 0.19572  0.211485
2228 0.379804 0.255191  0.365005
5432 0.395095 0.427327  0.177578
101 0.0340151 0.42626  0.539725
2144 0.252999 0.422529  0.324472
2615 0.17011 0.787442  0.0424488
6770 0.337817 0.36879  0.293394
6572 0.192837 0.459116  0.348047
91 0.484846 0.373006  0.142148
379 0.106497 0.512781  0.380722
1813 0.441416 0.487535  0.0710483
1154 0.213169 0.514024  0.272806
3988 0.59315 0.0792335  0.327616
716 0.583029 0.215194  0.201777
4008 0.234935 0.11859  0.646475
6729 0.56098 0.42951  0.00950924
697 0.357367 0.304736  0.337897
582 0.421482 0.411197  0.167321
2907 0.187533 0.0178172  0.79465
1928 0.419531 0.036164  0.544305
894 0.297612 0.262178  0.44021
184 0.128649 0.459335  0.412016
4650 0.308997 0.396021  0.294982
625 0.277424 0.277743  0.444833
4902 0.503677 0.2661  0.230224
1248 0.50751 0.287302  0.205188
313 0.351055 0.420424  0.228521
7073 0.540385 0.134432  0.325183
5710 0.0244848 0.897397  0.0781184
7644 0.412022 0.404659  0.18332
4761 0.327511 0.375669  0.29682
896 0.471592 0.511845  0.0165625
4378 0.37177 0.398869  0.229362
7116 0.350588 0.60401  0.045402
5271 0.511722 0.482766  0.0055113
2120 0.323933 0.298448  0.377619
499 0.129688 0.526884  0.343428
1991 0.533883 0.0563115  0.409805
3494 0.4595 0.168265  0.372235
6708 0.186583 0.149342  0.664075
4967 0.274967 0.326346  0.398687
1245 0.607504 0.318788  0.0737079
2385 0.219943 0.648409  0.131648
7366 0.386954 0.388024  0.225022
3788 0.0415627 0.428657  0.529781
6820 0.551142 0.345783  0.103074
3201 0.340028 0.429865  0.230107
1214 0.201449 0.360614  0.437937
7588 0.334425 0.353405  0.312169
3920 0.024811 0.473152  0.502037
4892 0.0234611 0.722741  0.253797
4257 0.371014 0.316513  0.312473
4422 0.453491 0.196263  0.350247
5974 0.715999 0.160813  0.123188
6797 0.313575 0.378389  0.308037
183 0.551413 0.130746  0.317841
2225 0.603565 0.225684  0.17075
7360 0.529379 0.421034  0.0495877
2485 0.26769 0.33183  0.40048
337 0.028593 0.654318  0.317089
2137 0.400771 0.297732  0.301497
5640 0.470666 0.297285  0.232049
709 0.419106 0.276953  0.303941
2513 0.508147 0.0171982  0.474655
3196 0.204848 0.400493  0.394659
4527 0.407269 0.528986  0.0637445
3489 0.249471 0.702041  0.0484879
4209 0.409973 0.387252  0.202775
6244 0.413603 0.330698  0.2557
956 0.258761 0.368473  0.372766
4020 0.098485 0.337315  0.5642
132 0.161574 0.387616  0.450809
4591 0.325296 0.0443377  0.630366
2162 0.109421 0.34744  0.543139
7601 0.386596 0.457084  0.15632
1548 0.13996 0.481586  0.378454
3823 0.162358 0.325098  0.512545
4374 0.298024 0.317649  0.384327
3573 0.175175 0.513194  0.311631
3619 0.283603 0.293264  0.423134
7641 0.0118795 0.724951  0.263169
4248 0.171056 0.121052  0.707892
3821 0.404855 0.483973  0.111172
2138 0.618021 0.0246213  0.357358
557 0.0942644 0.422272  0.483463
2029 0.0536725 0.522056  0.424271
1261 0.365509 0.198527  0.435964
5572 0.377458 0.23427  0.388272
7121 0.293363 0.500845  0.205791
2893 0.567675 0.286266  0.146059
6929 0.293609 0.496499  0.209891
3118 0.0742035 0.463657  0.46214
290 0.343761 0.322156  0.334084
2051 0.186669 0.401262  0.412069
889 0.310018 0.305718  0.384264
5461 0.194559 0.360794  0.444647
3618 0.0984822 0.0977482  0.80377
1632 0.903057 0.0813304  0.0156124
3476 0.62575 0.229805  0.144445
1119 0.495416 0.320637  0.183947
3878 0.14231 0.404502  0.453189
3493 0.39146 0.340419  0.268121
64 0.515998 0.0617852  0.422216
2252 0.439384 0.446958  0.113658
5317 0.492613 0.272872  0.234515
6839 0.618341 0.158597  0.223063
5345 0.23598 0.559347  0.204673
3937 0.0360387 0.533732  0.430229
559 0.254476 0.109211  0.636314
3746 0.417515 0.237097  0.345388
5608 0.325413 0.464237  0.210351
3522 0.012464 0.589661  0.397875
1540 0.0891312 0.43874  0.472129
6380 0.647262 0.198281  0.154457
5830 0.414334 0.160328  0.425337
67 0.479301 0.0341402  0.486559
886 0.873915 0.0587238  0.0673607
2635 0.532274 0.434549  0.0331774
1051 0.53335 0.0838596  0.382791
1678 0.104929 0.405154  0.489917
3316 0.0153716 0.729779  0.254849
356 0.303389 0.657557  0.0390542
4194 0.316118 0.282991  0.400891
3503 0.381079 0.383819  0.235102
1542 0.209222 0.348327  0.44245
7248 0.0241417 0.385837  0.590022
5805 0.237655 0.26718  0.495165
5110 0.350319 0.469297  0.180384
1675 0.276738 0.354078  0.369184
3413 0.14378 0.71327  0.142949
2249 0.230649 0.374657  0.394694
3672 0.329207 0.431927  0.238867
7051 0.0751964 0.623865  0.300939
2374 0.694894 0.154977  0.150129
2388 0.031247 0.253145  0.715608
5956 0.288522 0.309484  0.401994
447 0.360558 0.366996  0.272446
356 0.280713 0.257001  0.462286
103 0.132873 0.0154881  0.851639
5391 0.204028 0.0355129  0.760459
5738 0.336066 0.331361  0.332573
6392 0.55136 0.0486086  0.400032
1831 0.376844 0.149028  0.474128
2630 0.245267 0.245947  0.508786
5206 0.357973 0.463016  0.179011
2788 0.299189 0.335875  0.364936
2222 0.47107 0.313234  0.215697
4247 0.0637757 0.407715  0.528509
3374 0.37795 0.53258  0.0894699
570 0.26494 0.244147  0.490913
6977 0.30992 0.129829  0.560251
4981 0.370751 0.242471  0.386778
2823 0.0498572 0.274662  0.675481
5818 0.188318 0.575817  0.235865
360 0.416813 0.515333  0.0678547
7240 0.199311 0.568093  0.232596
2814 0.238176 0.202513  0.559311
4701 0.280961 0.456284  0.262755
7282 0.250056 0.358458  0.391486
2402 0.440913 0.476317  0.0827699
3841 0.174895 0.46834  0.356765
7625 0.299254 0.323218  0.377528
4096 0.578226 0.184453  0.237321
2827 0.592149 0.316313  0.0915376
3209 0.368919 0.11509  0.515991
4171 0.344899 0.349286  0.305814
1423 0.471032 0.412835  0.116133
6199 0.381104 0.35277  0.266126
6670 0.0601762 0.675123  0.264701
4836 0.715845 0.134754  0.149401
2770 0.455745 0.102606  0.441649
288 0.138729 0.0600178  0.801253
6650 0.167329 0.323408  0.509262
7231 0.284437 0.436328  0.279235
5747 0.173706 0.485136  0.341157
1680 0.125203 0.398882  0.475915
1986 0.40195 0.194941  0.403109
6388 0.214447 0.443616  0.341937
6039 0.566142 0.0635382  0.37032
2340 0.27272 0.693508  0.0337726
5828 0.453835 0.240158  0.306008
7253 0.447992 0.457832  0.094176
5940 0.198458 0.364651  0.436891
4856 0.504576 0.451746  0.0436781
5750 0.452553 0.201772  0.345675
6388 0.376498 0.405351  0.21815
7350 0.302181 0.379908  0.31791
1602 0.291703 0.381439  0.326858
2345 0.495102 0.150523  0.354375
7002 0.410577 0.379788  0.209635
1806 0.462138 0.460055  0.0778074
6006 0.211009 0.293611  0.49538
2513 0.215078 0.59048  0.194441
6409 0.291926 0.438339  0.269734
3596 0.0282892 0.402873  0.568838
2290 0.387021 0.0713442  0.541635
5813 0.564193 0.230145  0.205662
944 0.101816 0.706836  0.191348
3267 0.1822 0.449133  0.368667
2453 0.424116 0.0713811  0.504503
1388 0.150946 0.363844  0.485209
5287 0.260029 0.340448  0.399523
6862 0.377177 0.272125  0.350698
3893 0.416425 0.239818  0.343757
2493 0.435879 0.138731  0.42539
4183 0.435557 0.291784  0.272659
4299 0.351069 0.331905  0.317026
2491 0.122851 0.490721  0.386429
2320 0.507553 0.230973  0.261473
6735 0.567089 0.281649  0.151261
4458 0.584674 0.108431  0.306894
3229 0.383197 0.35146  0.265343
4221 0.43625 0.0542868  0.509463
1490 0.392351 0.398674  0.208975
51 0.399908 0.308683  0.291409
3764 0.27383 0.442757  0.283413
6351 0.696818 0.162081  0.141102
2592 0.503418 0.0767145  0.419867
3169 0.446823 0.290867  0.262311
3755 0.39673 0.247793  0.355477
5663 0.316775 0.498002  0.185223
3917 0.140075 0.264739  0.595186
4554 0.0366438 0.480135  0.483221
3848 0.459912 0.487708  0.0523799
4800 0.120428 0.398663  0.480909
4474 0.43324 0.289117  0.277643
6935 0.30344 0.352828  0.343732
5351 0.309626 0.461525  0.228849
6428 0.299464 0.413537  0.286999
2832 0.126976 0.449791  0.423233
5388 0.347745 0.479951  0.172305
765 0.0881047 0.347794  0.564102
4930 0.308898 0.178146  0.512956
4991 0.391371 0.46145  0.147179
1463 0.372634 0.286473  0.340893
1241 0.360341 0.430672  0.208987
2835 0.419099 0.421908  0.158994
725 0.0846948 0.449747  0.465559
2070 0.18432 0.784226  0.0314542
2592 0.21176 0.490846  0.297394
3883 0.369699 0.165085  0.465216
2781 0.286462 0.248074  0.465464
3082 0.0230951 0.79354  0.183365
1322 0.0743913 0.358717  0.566891
6413 0.313707 0.410066  0.276227
586 0.509718 0.0839451  0.406337
4542 0.499385 0.252255  0.24836
4198 0.313399 0.204582  0.482019
6700 0.0933448 0.591198  0.315457
3047 0.420744 0.340745  0.238511
6990 0.476859 0.14701  0.376131
1406 0.344562 0.436836  0.218601
1079 0.345923 0.420417  0.23366
3332 0.0575782 0.600626  0.341796
1530 0.46725 0.467948  0.0648012
3585 0.712343 0.257102  0.0305547
418 0.398522 0.184004  0.417475
5315 0.3727 0.389316  0.237984
7197 0.570635 0.310214  0.119151
1796 0.453688 0.178694  0.367618
3814 0.376534 0.386476  0.23699
2160 0.215488 0.195251  0.589261
2465 0.488637 0.369724  0.14164
643 0.677566 0.134417  0.188018
2595 0.610159 0.188383  0.201458
4978 0.223857 0.461303  0.31484
582 0.435145 0.382616  0.182239
2437 0.206446 0.468105  0.325449
2986 0.16288 0.17958  0.65754
60 0.058483 0.234966  0.706551
4255 0.257326 0.454454  0.288219
4969 0.380396 0.251178  0.368426
5135 0.142972 0.222243  0.634785
5100 0.323155 0.130414  0.54643
1258 0.206487 0.417573  0.375941
1468 0.155061 0.350238  0.494702
7455 0.122036 0.461652  0.416313
1022 0.278765 0.238967  0.482268
848 0.330591 0.398614  0.270796
3199 0.490275 0.437551  0.0721739
7402 0.210332 0.497033  0.292636
3569 0.315569 0.286384  0.398047
433 0.167534 0.0397515  0.792714
945 0.216512 0.746866  0.0366223
3783 0.143153 0.808212  0.0486353
2408 0.414066 0.314932  0.271002
1441 0.39909 0.416535  0.184375
4053 0.440371 0.138578  0.421051
5650 0.335972 0.58102  0.083008
5948 0.374317 0.186685  0.438998
5666 0.712866 0.0961608  0.190973
663 0.381623 0.116422  0.501955
2242 0.283777 0.575989  0.140234
5977 0.171728 0.689994  0.138278
151 0.102101 0.459175  0.438724
4790 0.644755 0.0114578  0.343787
4040 0.0685431 0.353625  0.577832
6030 0.385859 0.325168  0.288973
3002 0.234874 0.536958  0.228168
6858 0.271613 0.47687  0.251517
5172 0.407228 0.225865  0.366907
7191 0.502482 0.463659  0.0338594
7535 0.509249 0.056349  0.434401
4897 0.246791 0.378507  0.374702
3638 0.312967 0.486595  0.200438
7381 0.4324 0.119918  0.447682
5681 0.190641 0.357721  0.451638
5919 0.376806 0.201499  0.421695
3037 0.354742 0.258137  0.387121
3777 0.0299133 0.479435  0.490652
3081 0.498511 0.150556  0.350933
2092 0.497722 0.139835  0.362443
5628 0.238564 0.230778  0.530658
4692 0.429192 0.0434403  0.527368
2811 0.501493 0.0291978  0.469309
6669 0.221507 0.639156  0.139337
777 0.335742 0.300022  0.364236
5219 0.280784 0.430177  0.289039
3568 0.281604 0.203578  0.514818
5137 0.394143 0.393109  0.212748
845 0.445272 0.478098  0.0766295
6739 0.143732 0.376379  0.479889
2656 0.353826 0.48081  0.165364
1764 0.208173 0.391664  0.400164
2129 0.133278 0.0858075  0.780915
132 0.563649 0.424618  0.0117325
5460 0.32118 0.414195  0.264625
6080 0.329142 0.21665  0.454207
3397 0.0722426 0.449338  0.478419
3190 0.614486 0.311516  0.073998
6080 0.316763 0.320018  0.363219
5140 0.415726 0.0829023  0.501372
1681 0.573157 0.284168  0.142675
866 0.320618 0.352625  0.326757
5586 0.375926 0.330137  0.293938
7461 0.13079 0.749737  0.119473
2080 0.402833 0.442668  0.154499
3690 0.277235 0.404825  0.31794
5886 0.334451 0.517358  0.148191
1110 0.429761 0.379558  0.190681
3656 0.316004 0.465691  0.218306
1103 0.35446 0.326263  0.319277
3298 0.0795098 0.147388  0.773102
1040 0.387408 0.240963  0.371629
1653 0.25957 0.698494  0.0419356
6151 0.336397 0.250388  0.413216
580 0.183258 0.350457  0.466286
36 0.207993 0.170278  0.621729
2596 0.477011 0.433779  0.0892105
1930 0.219111 0.596704  0.184184
3684 0.112662 0.273092  0.614247
2253 0.165092 0.466456  0.368453
4909 0.281781 0.113721  0.604498
5883 0.626599 0.285398  0.088003
3270 0.478657 0.0902494  0.431094
5477 0.189927 0.466489  0.343583
6051 0.322098 0.279861  0.398041
4738 0.200553 0.350278  0.449169
2612 0.0926937 0.883749  0.0235577
4835 0.150278 0.423932  0.42579
602 0.20767 0.0386467  0.753684
3298 0.618735 0.160979  0.220287
3896 0.338873 0.594356  0.0667711
4384 0.457245 0.0448358  0.497919
3704 0.580933 0.305817  0.11325
4313 0.0945404 0.111906  0.793553
3442 0.154819 0.342545  0.502637
6469 0.554675 0.135956  0.30937
6569 0.408826 0.112258  0.478915
6438 0.350545 0.230675  0.41878
3023 0.378056 0.342132  0.279811
5722 0.296588 0.417533  0.28588
1747 0.23407 0.202074  0.563856
1569 0.291103 0.0175635  0.691334
226 0.4229 0.429408  0.147693
1165 0.451754 0.0746964  0.473549
4256 0.606213 0.30521  0.0885772
1344 0.311654 0.154672  0.533674
6581 0.341268 0.525987  0.132745
2717 0.483678 0.213291  0.303031
3496 0.363929 0.287142  0.348929
1491 0.0520108 0.488365  0.459624
37 0.26675 0.239516  0.493734
3808 0.399731 0.411916  0.188354
4980 0.0657951 0.538681  0.395524
1526 0.454623 0.487613  0.0577642
527 0.462103 0.38142  0.156477
7340 0.454943 0.27348  0.271577
1744 0.0713627 0.500505  0.428133
286 0.498914 0.142422  0.358664
4479 0.231095 0.115432  0.653474
3521 0.312272 0.54901  0.138718
7312 0.337 0.3555  0.3075
4124 0.353411 0.309327  0.337262
1055 0.565767 0.251709  0.182523
7387 0.219149 0.370824  0.410026
1499 0.397939 0.364048  0.238013
3265 0.569653 0.0312363  0.399111
7582 0.199472 0.550313  0.250214
2500 0.283816 0.256066  0.460118
2018 0.561356 0.0859669  0.352677
2076 0.315154 0.335468  0.349378
684 0.222202 0.257468  0.52033
4052 0.136221 0.828267  0.0355126
907 0.333255 0.431918  0.234827
1740 0.16153 0.321441  0.517029
5124 0.457103 0.194307  0.348589
6714 0.429454 0.338289  0.232257
6464 0.448064 0.0312395  0.520696
2488 0.45756 0.455743  0.0866961
5135 0.249701 0.505463  0.244836
2819 0.260221 0.567407  0.172372
2644 0.50897 0.436408  0.0546221
3273 0.229805 0.758192  0.012003
6763 0.868721 0.018718  0.112561
2736 0.333444 0.114967  0.551589
588 0.418711 0.366609  0.21468
1604 0.358591 0.38769  0.25372
4215 0.120592 0.390265  0.489143
7617 0.589297 0.0313683  0.379335
6342 0.311168 0.334931  0.353901
5657 0.481034 0.166081  0.352885
5219 0.236549 0.472781  0.290671
1106 0.336871 0.33452  0.328609
6903 0.157353 0.292026  0.550621
4162 0.140295 0.445735  0.41397
3164 0.195285 0.464469  0.340246
6789 0.420608 0.168248  0.411144
862 0.037602 0.589619  0.372779
1661 0.171454 0.556908  0.271638
1254 0.532218 0.0799961  0.387786
4453 0.223809 0.335916  0.440275
4017 0.295525 0.0415822  0.662893
7121 0.249753 0.224673  0.525574
3109 0.367144 0.0213183  0.611538
1618 0.040208 0.435748  0.524044
6529 0.493058 0.0488824  0.458059
3523 0.362789 0.423744  0.213467
2263 0.16852 0.57085  0.26063
4272 0.230918 0.113209  0.655874
6632 0.670212 0.0543027  0.275486
4489 0.433235 0.297616  0.269149
3757 0.373871 0.415894  0.210234
2402 0.162855 0.64902  0.188125
2527 0.631182 0.0373405  0.331477
6832 0.256302 0.379214  0.364483
6825 0.323103 0.289097  0.3878
1635 0.791129 0.188072  0.0207989
1907 0.444812 0.174753  0.380435
2999 0.173906 0.0629133  0.763181
1194 0.0136953 0.429863  0.556442
6018 0.431684 0.385479  0.182836
3510 0.0621971 0.840988  0.0968144
4364 0.378548 0.299978  0.321474
1473 0.283731 0.206333  0.509936
2855 0.127976 0.439646  0.432378
6604 0.447908 0.0534429  0.498649
4847 0.40055 0.0633745  0.536075
132 0.395096 0.228744  0.37616
3145 0.0312026 0.258695  0.710103
6237 0.346437 0.329613  0.32395
874 0.685017 0.107742  0.207241
4630 0.468634 0.267498  0.263868
1438 0.150282 0.335533  0.514185
3650 0.0929886 0.581704  0.325307
1261 0.375392 0.44613  0.178478
5938 0.363812 0.342103  0.294086
4365 0.351251 0.474072  0.174677
1182 0.857202 0.101072  0.041726
1103 0.186139 0.166431  0.647429
408 0.268303 0.119444  0.612253
3159 0.0832012 0.115941  0.800858
6890 0.180948 0.440592  0.37846
2449 0.294605 0.148535  0.55686
915 0.397554 0.216059  0.386387
4508 0.19471 0.264291  0.540999
7238 0.283101 0.379795  0.337104
6339 0.260391 0.467129  0.27248
3352 0.465492 0.116953  0.417556
7212 0.416234 0.0257821  0.557984
5296 0.477813 0.253752  0.268435
1412 0.389272 0.466939  0.143788
6952 0.309854 0.332127  0.358018
3962 0.494597 0.433263  0.0721406
2974 0.271768 0.542022  0.18621
7624 0.0169632 0.654983  0.328054
6056 0.212894 0.468805  0.318301
7433 0.453034 0.270353  0.276613
4966 0.0899 0.280976  0.629125
4976 0.0244694 0.544249  0.431282
2326 0.351994 0.385768  0.262239
6578 0.449332 0.129129  0.421538
3702 0.0380995 0.382253  0.579648
1894 0.374846 0.322163  0.302991
3650 0.124474 0.854482  0.0210432
3003 0.0564935 0.612794  0.330713
3990 0.292752 0.41454  0.292708
6256 0.366855 0.328067  0.305078
2107 0.369073 0.337475  0.293452
5659 0.382507 0.3843  0.233193
4077 0.290882 0.658657  0.0504606
5908 0.109482 0.773513  0.117005
602 0.442989 0.332695  0.224316
6968 0.203705 0.201028  0.595267
3718 0.272265 0.361163  0.366572
1344 0.4913 0.0568347  0.451865
7337 0.0210706 0.264317  0.714612
181 0.251938 0.449957  0.298104
5390 0.177555 0.591071  0.231373
548 0.195021 0.323844  0.481135
2970 0.386319 0.346219  0.267462
1808 0.196393 0.273428  0.530179
6824 0.408401 0.320173  0.271426
1090 0.202994 0.697345  0.0996615
2911 0.14394 0.556425  0.299635
6386 0.376767 0.386904  0.236329
580 0.0361721 0.518921  0.444907
2691 0.403594 0.531099  0.0653064
381 0.690607 0.118921  0.190472
838 0.623173 0.0111564  0.36567
5637 0.424413 0.0797558  0.495831
2933 0.540953 0.395583  0.0634636
1209 0.262466 0.524627  0.212906
822 0.356558 0.15611  0.487332
5223 0.448414 0.112486  0.4391
7463 0.151945 0.365854  0.482201
2166 0.703311 0.0650948  0.231595
3184 0.252684 0.500597  0.246719
3202 0.196256 0.439761  0.363983
3697 0.341507 0.332509  0.325984
3241 0.181063 0.551759  0.267178
3520 0.192844 0.123349  0.683808
654 0.0753857 0.642519  0.282095
3020 0.0941589 0.328191  0.577651
2373 0.0772254 0.514867  0.407908
361 0.121891 0.476861  0.401248
1711 0.0928997 0.586127  0.320973
2990 0.198088 0.662932  0.13898
5896 0.310638 0.407386  0.281975
800 0.547373 0.436045  0.016582
7017 0.24476 0.264505  0.490735
2378 0.706844 0.142876  0.15028
6377 0.192307 0.473839  0.333853
6976 0.293695 0.503811  0.202494
574 0.493061 0.346623  0.160316
1682 0.463226 0.160335  0.376439
3698 0.218421 0.437523  0.344056
1161 0.444297 0.285955  0.269748
7211 0.0276111 0.539687  0.432702
1667 0.419093 0.223224  0.357684
1505 0.453269 0.119817  0.426914
5243 0.594719 0.287067  0.118214
281 0.29431 0.259577  0.446113
6423 0.514362 0.438495  0.0471425
5415 0.393913 0.146797  0.45929
6646 0.447381 0.323792  0.228827
1049 0.111007 0.520239  0.368754
1083 0.669836 0.219782  0.110382
4933 0.440467 0.0702976  0.489236
5499 0.187649 0.614802  0.197549
502 0.376437 0.187413  0.43615
6144 0.580473 0.317772  0.101755
7345 0.739264 0.217914  0.0428221
2958 0.710485 0.094532  0.194983
2008 0.398858 0.465047  0.136095
6828 0.191521 0.022013  0.786466
1849 0.349879 0.395067  0.255054
4868 0.2158 0.408708  0.375492
4104 0.344026 0.364021  0.291953
547 0.539544 0.100215  0.360241
3891 0.145938 0.553272  0.30079
2560 0.472482 0.134932  0.392586
3224 0.0993329 0.551628  0.349039
3046 0.405752 0.412573  0.181675
6691 0.0542963 0.539255  0.406449
1128 0.519862 0.111991  0.368147
19 0.181163 0.607491  0.211346
495 0.598912 0.196873  0.204216
1685 0.353537 0.308203  0.33826
7100 0.0645473 0.511192  0.424261
1198 0.0757508 0.842333  0.081916
4597 0.129949 0.376032  0.494019
7180 0.499572 0.397025  0.103403
3974 0.405449 0.0323251  0.562226
5143 0.147922 0.479134  0.372943
4066 0.324581 0.255313  0.420106
1103 0.330504 0.552425  0.117071
7466 0.0625279 0.744761  0.192711
3931 0.866092 0.0913935  0.0425148
3147 0.100618 0.156255  0.743127
683 0.112291 0.513302  0.374407
2199 0.226318 0.116378  0.657304
2042 0.26541 0.441589  0.293001
5651 0.338512 0.464406  0.197082
4514 0.523321 0.0617022  0.414976
2720 0.363334 0.0794343  0.557231
4977 0.397819 0.215096  0.387085
1870 0.135828 0.434868  0.429304
5425 0.377964 0.247119  0.374917
4583 0.384632 0.399994  0.215375
3538 0.123842 0.380122  0.496036
3472 0.0247184 0.559258  0.416024
443 0.149648 0.266009  0.584343
3442 0.304358 0.324586  0.371056
3159 0.721063 0.11184  0.167097
4655 0.61319 0.0671018  0.319708
3056 0.330728 0.169266  0.500006
6136 0.275606 0.146082  0.578311
5501 0.360987 0.57662  0.0623933
2112 0.143704 0.207841  0.648455
3707 0.333721 0.381383  0.284895
7239 0.044306 0.295829  0.659865
3279 0.34199 0.351245  0.306764
2120 0.268916 0.529649  0.201436
1447 0.211947 0.656041  0.132011
5193 0.456406 0.0557307  0.487864
6079 0.75389 0.203621  0.042489
5799 0.690973 0.11443  0.194597
3692 0.504411 0.267394  0.228195
4830 0.130999 0.437135  0.431866
1645 0.412684 0.162863  0.424453
3859 0.641825 0.0593444  0.298831
6252 0.268993 0.38259  0.348417
7020 0.472089 0.19998  0.327931
4119 0.0657179 0.494066  0.440216
6593 0.324632 0.516488  0.158881
6488 0.532293 0.233013  0.234693
5145 0.457926 0.420388  0.121687
5893 0.243657 0.318167  0.438176
6346 0.02331 0.442347  0.534343
5182 0.268253 0.278183  0.453564
1698 0.413778 0.0142771  0.571945
3332 0.116444 0.506705  0.376852
1678 0.0995632 0.262207  0.63823
120 0.050417 0.454772  0.494811
5567 0.118214 0.334575  0.547211
1459 0.434714 0.24257  0.322716
7127 0.568041 0.0465303  0.385429
6681 0.18847 0.585454  0.226076
5185 0.141223 0.178218  0.680559
3049 0.210497 0.134442  0.655061
5462 0.181063 0.548694  0.270244
6459 0.272286 0.632638  0.0950763
4549 0.116807 0.357764  0.52543
5931 0.144187 0.613643  0.24217
378 0.501621 0.384942  0.113437
6943 0.457406 0.37731  0.165284
5694 0.10135 0.267508  0.631142
2444 0.201395 0.548996  0.249609
6772 0.0993565 0.43148  0.469164
2779 0.179292 0.202372  0.618336
5826 0.194283 0.222004  0.583713
1051 0.408934 0.280074  0.310992
3766 0.293623 0.277915  0.428461
3767 0.345551 0.231985  0.422464
3676 0.381379 0.270843  0.347778
6654 0.45063 0.366299  0.183071
4791 0.586736 0.204102  0.209162
6023 0.417741 0.267055  0.315204
2970 0.391326 0.238766  0.369908
6320 0.320153 0.322212  0.357635
5329 0.423843 0.440091  0.136066
185 0.308282 0.336649  0.355069
3423 0.0898041 0.144012  0.766184
486 0.284514 0.167196  0.548291
5658 0.473369 0.162897  0.363733
3704 0.343409 0.0332946  0.623296
2021 0.316941 0.0900716  0.592987
7318 0.0376123 0.468833  0.493554
2549 0.43263 0.385506  0.181865
822 0.273954 0.362056  0.36399
6168 0.495334 0.11085  0.393817
457 0.193981 0.100302  0.705717
5789 0.278324 0.461622  0.260054
2395 0.422158 0.16918  0.408662
1314 0.278426 0.363235  0.358339
2286 0.365441 0.193884  0.440675
212 0.130615 0.269012  0.600373
6329 0.314947 0.307354  0.377699
751 0.0647047 0.594459  0.340836
5624 0.0856154 0.521675  0.39271
4750 0.409475 0.0437175  0.546808
6255 0.331454 0.229874  0.438672
1663 0.0442931 0.572388  0.383319
3620 0.546081 0.111795  0.342123
613 0.0354579 0.135429  0.829113
239 0.430745 0.303096  0.266159
1822 0.22081 0.513758  0.265432
3890 0.573109 0.255213  0.171677
5046 0.374764 0.0140582  0.611177
6264 0.503226 0.433401  0.0633733
4474 0.317705 0.424995  0.2573
3981 0.435789 0.0942931  0.469918
6466 0.309001 0.51034  0.180659
2241 0.485602 0.414089  0.100308
1277 0.408856 0.219301  0.371843
6909 0.357282 0.143251  0.499468
2933 0.64361 0.0198701  0.33652
6707 0.294433 0.265185  0.440382
1940 0.0547241 0.376823  0.568453
4371 0.0123473 0.478872  0.508781
614 0.378313 0.330447  0.29124
421 0.420931 0.38209  0.196979
5542 0.321611 0.348303  0.330085
2789 0.519846 0.458948  0.021206
4520 0.347271 0.154622  0.498106
1056 0.323987 0.337335  0.338678
899 0.352237 0.272761  0.375002
7605 0.433712 0.296616  0.269672
7020 0.260313 0.364497  0.37519
2119 0.207735 0.780573  0.0116918
1563 0.326798 0.248975  0.424227
6694 0.362674 0.208435  0.428891
2390 0.547705 0.0703766  0.381919
406 0.325327 0.332584  0.34209
745 0.223697 0.601517  0.174786
3703 0.540487 0.272598  0.186915
6769 0.548772 0.163583  0.287645
2667 0.453419 0.187489  0.359093
653 0.312142 0.257413  0.430445
5746 0.395827 0.193552  0.410622
311 0.272843 0.532357  0.1948
3607 0.0198823 0.282133  0.697984
5019 0.0585854 0.859583  0.081832
6238 0.27768 0.239818  0.482501
3909 0.02925 0.464773  0.505977
4058 0.257046 0.291659  0.451295
3696 0.436895 0.254762  0.308342
1970 0.114719 0.405141  0.48014
6037 0.583665 0.397433  0.0189024
4958 0.106332 0.0943619  0.799307
2080 0.459676 0.200966  0.339358
3017 0.403172 0.3706  0.226228
7483 0.0472241 0.604819  0.347956
4340 0.524632 0.367221  0.108147
5875 0.732501 0.113293  0.154205
3303 0.132117 0.437759  0.430124
3830 0.361063 0.189659  0.449278
4387 0.34579 0.436645  0.217565
2573 0.346548 0.377345  0.276106
3602 0.26806 0.351493  0.380447
2336 0.361804 0.262176  0.376021
7208 0.497201 0.267666  0.235134
6749 0.3427 0.31509  0.342209
5368 0.342368 0.211965  0.445667
1597 0.486856 0.161948  0.351195
1736 0.273709 0.557942  0.168349
260 0.491824 0.390296  0.11788
2150 0.476744 0.443741  0.0795157
5522 0.501162 0.274061  0.224777
1560 0.145243 0.438709  0.416048
6551 0.138897 0.369082  0.492021
5441 0.19418 0.449838  0.355982
4259 0.299727 0.181383  0.518891
1389 0.24691 0.407439  0.345651
4487 0.40063 0.114007  0.485363
5484 0.15422 0.477492  0.368288
3424 0.479988 0.507202  0.0128104
134 0.30323 0.26609  0.43068
118 0.294366 0.110489  0.595145
7273 0.583701 0.0201385  0.396161
1091 0.0359083 0.512315  0.451777
896 0.443242 0.130408  0.426351
4273 0.549894 0.317249  0.132857
27 0.432618 0.115822  0.45156
4975 0.301505 0.103453  0.595042
1673 0.207653 0.287524  0.504822
2565 0.0552552 0.769871  0.174874
4403 0.603836 0.113172  0.282992
1012 0.265633 0.186184  0.548182
5215 0.0484171 0.332913  0.61867
3577 0.360237 0.581334  0.0584286
6350 0.173704 0.593314  0.232982
7186 0.387808 0.268483  0.343709
4842 0.306392 0.286685  0.406923
4566 0.119951 0.392956  0.487092
642 0.462825 0.402122  0.135053
5742 0.361076 0.320234  0.31869
1944 0.313768 0.0699409  0.616292
3319 0.319373 0.493274  0.187354
4630 0.445214 0.164307  0.390479
6779 0.346543 0.317436  0.336021
6997 0.454999 0.437934  0.107067
4544 0.479489 0.48943  0.0310813
834 0.188272 0.45367  0.358058
342 0.493728 0.300638  0.205634
506 0.183103 0.553478  0.26342
1792 0.542916 0.440738  0.0163465
496 0.330643 0.28391  0.385447
1550 0.18271 0.50355  0.31374
411 0.327811 0.347544  0.324646
1045 0.164879 0.241489  0.593632
668 0.387789 0.577541  0.0346696
3505 0.0894164 0.423288  0.487296
1683 0.433652 0.387446  0.178902
2286 0.065547 0.620428  0.314025
7539 0.442364 0.371216  0.18642
6761 0.380771 0.211114  0.408114
312 0.775959 0.0945868  0.129454
1455 0.424156 0.204815  0.371029
900 0.451612 0.463043  0.085345
6025 0.322292 0.35047  0.327238
647 0.173983 0.367881  0.458135
1223 0.35625 0.0175203  0.62623
2700 0.229721 0.656222  0.114057
7566 0.243463 0.564947  0.191589
863 0.294235 0.48805  0.217716
5693 0.390604 0.21421  0.395186
4465 0.0576817 0.894801  0.0475174
6562 0.481743 0.0945514  0.423706
4234 0.429033 0.0697241  0.501243
6302 0.0812306 0.275888  0.642882
4690 0.294013 0.331256  0.374731
3226 0.318914 0.536657  0.144429
1295 0.493387 0.181917  0.324696
6458 0.304398 0.455873  0.239729
417 0.299147 0.52826  0.172592
4537 0.628297 0.119853  0.25185
5395 0.247471 0.218253  0.534276
4642 0.359392 0.218684  0.421924
2248 0.320244 0.329055  0.350701
3051 0.288799 0.381195  0.330006
5919 0.227263 0.523675  0.249063
2453 0.463964 0.0769167  0.459119
6755 0.322676 0.377858  0.299466
6703 0.418962 0.146105  0.434933
2385 0.402218 0.374382  0.2234
6866 0.556336 0.397291  0.0463733
5692 0.123191 0.346781  0.530028
6293 0.424588 0.444752  0.13066
2460 0.471556 0.234224  0.29422
5500 0.349387 0.402606  0.248007
1106 0.252868 0.299554  0.447578
5388 0.0867535 0.518785  0.394461
5881 0.174213 0.142008  0.683779
2701 0.160281 0.587137  0.252583
2549 0.430573 0.536732  0.0326948
2579 0.571374 0.276945  0.151681
6312 0.119522 0.495551  0.384927
7021 0.12661 0.399909  0.473482
1826 0.353343 0.487768  0.158889
1513 0.110995 0.405828  0.483176
6580 0.469373 0.0797194  0.450908
562 0.0288407 0.405564  0.565596
5009 0.169838 0.317158  0.513004
3223 0.0848257 0.326359  0.588816
6264 0.267558 0.267449  0.464993
7028 0.323931 0.534144  0.141925
6204 0.401084 0.507902  0.0910142
6932 0.430176 0.0545717  0.515252
7179 0.388195 0.276678  0.335127
1200 0.0835638 0.129132  0.787304
1891 0.258474 0.508882  0.232644
249 0.187882 0.252779  0.559339
6910 0.352033 0.509642  0.138325
2794 0.505891 0.330591  0.163518
2988 0.290496 0.431874  0.27763
7065 0.0852981 0.398812  0.51589
7232 0.472433 0.182894  0.344674
2028 0.258409 0.269817  0.471774
2205 0.128885 0.412611  0.458504
2359 0.126053 0.330909  0.543038
3116 0.64152 0.0400683  0.318412
1789 0.27384 0.252282  0.473878
2332 0.0656322 0.271485  0.662883
2537 0.0348926 0.354312  0.610795
6542 0.315325 0.332952  0.351723
4376 0.326412 0.35127  0.322318
6435 0.273235 0.419541  0.307224
6933 0.292091 0.549109  0.1588
5429 0.0508869 0.682963  0.266151
1452 0.472529 0.0611126  0.466359
2522 0.283448 0.13781  0.578742
3633 0.405239 0.132004  0.462756
7540 0.216459 0.581074  0.202467
5351 0.383105 0.383113  0.233782
480 0.433962 0.418291  0.147747
2239 0.272061 0.198984  0.528955
4848 0.530579 0.418908  0.0505128
1399 0.428196 0.200518  0.371286
4655 0.145734 0.196666  0.6576
3865 0.438996 0.209764  0.351239
4672 0.367474 0.101337  0.53119
358 0.0920632 0.589786  0.318151
7094 0.297195 0.51299  0.189816
5445 0.532299 0.222002  0.245699
4076 0.539252 0.199437  0.261311
5385 0.161262 0.431249  0.407488
2449 0.421598 0.185071  0.39333
6064 0.0273102 0.209787  0.762903
4776 0.543787 0.0968352  0.359378
781 0.169396 0.794638  0.0359657
7440 0.571997 0.131528  0.296474
1090 0.0205679 0.30379  0.675642
3469 0.311175 0.281081  0.407744
1826 0.622802 0.0441789  0.333019
4509 0.504226 0.270906  0.224867
4730 0.618773 0.357235  0.0239922
2965 0.208926 0.378003  0.413072
1509 0.0548195 0.695843  0.249338
3883 0.658519 0.0601621  0.281319
6541 0.189868 0.753517  0.0566148
7465 0.486385 0.285497  0.228119
3194 0.580378 0.185504  0.234118
1377 0.123384 0.378088  0.498527
5452 0.358276 0.215024  0.4267
4449 0.126292 0.565338  0.308371
1189 0.28986 0.324814  0.385325
6946 0.277651 0.286015  0.436334
374 0.321605 0.440645  0.23775
794 0.426039 0.313273  0.260688
2700 0.0403304 0.491552  0.468117
3042 0.136239 0.715988  0.147773
601 0.378522 0.485445  0.136033
3105 0.130662 0.432375  0.436963
3307 0.0252571 0.729988  0.244754
2152 0.235782 0.337628  0.42659
63 0.115051 0.659622  0.225327
7092 0.371265 0.105845  0.52289
5113 0.195205 0.367357  0.437439
6123 0.397099 0.338268  0.264632
4992 0.109359 0.492943  0.397698
4900 0.193527 0.382754  0.42372
1379 0.168886 0.330565  0.500549
2133 0.507061 0.0905814  0.402357
2752 0.0968397 0.400474  0.502686
1687 0.095076 0.571501  0.333423
5483 0.432216 0.248788  0.318996
854 0.0477514 0.587573  0.364676
2220 0.0621519 0.156676  0.781172
825 0.199812 0.534746  0.265441
5658 0.259629 0.399926  0.340446
2382 0.362275 0.115138  0.522587
7162 0.244676 0.516179  0.239145
6534 0.756204 0.135847  0.107949
3806 0.212187 0.396925  0.390888
7100 0.397522 0.158627  0.443851
4043 0.100492 0.592274  0.307235
31 0.704242 0.22467  0.0710878
734 0.285811 0.467766  0.246423
6241 0.137468 0.420734  0.441798
4374 0.202484 0.599957  0.197558
1579 0.246093 0.591214  0.162694
5807 0.368792 0.382196  0.249012
4886 0.777766 0.0877261  0.134508
5445 0.13612 0.554618  0.309262
4421 0.411586 0.442333  0.146081
5857 0.422931 0.0372891  0.53978
130 0.348078 0.199251  0.452671
4940 0.0212386 0.724455  0.254306
2035 0.274079 0.530602  0.195319
6052 0.326927 0.321824  0.351249
1288 0.217207 0.372035  0.410758
6933 0.175464 0.267193  0.557343
6121 0.22495 0.237615  0.537435
4689 0.588034 0.0372753  0.374691
5068 0.485047 0.245529  0.269424
4086 0.346655 0.149742  0.503603
6502 0.660569 0.231981  0.10745
3164 0.419204 0.0802512  0.500545
6695 0.270221 0.367689  0.36209
990 0.250372 0.50462  0.245007
1831 0.172936 0.768228  0.0588359
1078 0.464207 0.500808  0.0349842
2669 0.177275 0.436976  0.385748
5490 0.431805 0.275084  0.293111
3415 0.0992734 0.410571  0.490156
5017 0.509922 0.303229  0.186849
2258 0.166291 0.452136  0.381572
3220 0.439345 0.222842  0.337813
7446 0.351333 0.100785  0.547882
5159 0.218401 0.403044  0.378556
