16477 0.598824 0.0205852  0.380591
13064 0.0661273 0.700134  0.233739
619 0.204339 0.453283  0.342378
17311 0.320777 0.0271025  0.65212
7718 0.103329 0.412275  0.484396
1165 0.37364 0.273858  0.352502
17320 0.206585 0.310043  0.483372
12541 0.0501413 0.0954528  0.854406
19780 0.209714 0.493322  0.296965
7680 0.503239 0.156208  0.340553
4789 0.0139805 0.461553  0.524467
15936 0.135349 0.542976  0.321675
9137 0.379538 0.243854  0.376608
18365 0.448693 0.284433  0.266874
6329 0.178359 0.721162  0.10048
3325 0.14463 0.395012  0.460358
11280 0.287684 0.35636  0.355956
7594 0.131018 0.591383  0.2776
103 0.359743 0.0597088  0.580549
2651 0.208026 0.723327  0.0686471
10801 0.305901 0.106211  0.587888
20343 0.274386 0.381308  0.344306
15308 0.65403 0.326732  0.0192373
17235 0.307433 0.125649  0.566918
15169 0.339625 0.365785  0.29459
8260 0.13347 0.745053  0.121477
15408 0.30598 0.36219  0.331831
4242 0.536868 0.382178  0.0809538
17135 0.278947 0.518907  0.202147
15760 0.809432 0.133354  0.0572137
294 0.540893 0.203836  0.255271
16608 0.155035 0.50045  0.344515
2903 0.250126 0.594636  0.155238
3424 0.668916 0.230878  0.100206
1567 0.423701 0.155403  0.420896
20196 0.292668 0.414394  0.292938
18104 0.49751 0.256118  0.246373
19764 0.437246 0.240907  0.321847
17908 0.0611671 0.366297  0.572536
14288 0.267962 0.607947  0.124091
12770 0.0656122 0.475691  0.458697
14179 0.424958 0.0728727  0.502169
3727 0.297544 0.684298  0.0181588
14057 0.487185 0.14426  0.368555
2977 0.394068 0.254039  0.351893
12651 0.249904 0.636208  0.113887
16099 0.617011 0.272195  0.110794
7474 0.3163 0.219145  0.464555
17110 0.506882 0.420137  0.0729813
17675 0.392385 0.0798632  0.527751
335 0.28202 0.483308  0.234672
19882 0.0586548 0.382093  0.559252
14272 0.610002 0.279566  0.110432
17297 0.561189 0.282661  0.15615
17936 0.420896 0.511437  0.0676667
20031 0.460683 0.286981  0.252335
17310 0.0512307 0.437118  0.511651
3705 0.428233 0.264229  0.307538
6280 0.334967 0.0789179  0.586115
16106 0.0482085 0.122278  0.829514
17206 0.408053 0.278923  0.313023
19470 0.327202 0.394756  0.278043
17035 0.398147 0.238863  0.36299
3039 0.454233 0.36851  0.177257
19444 0.157539 0.539743  0.302718
19562 0.328653 0.0717968  0.59955
7233 0.137402 0.675397  0.187201
3663 0.367958 0.23706  0.394982
11026 0.398527 0.444089  0.157384
14575 0.27688 0.264273  0.458848
16290 0.205587 0.395104  0.399309
18954 0.28488 0.33859  0.37653
11705 0.0580694 0.276341  0.66559
20026 0.263263 0.444021  0.292716
18871 0.586571 0.23692  0.176508
5356 0.455998 0.384168  0.159834
17656 0.369543 0.415626  0.214831
11474 0.274299 0.290917  0.434784
18384 0.413908 0.387241  0.198851
3426 0.524282 0.0281898  0.447528
5684 0.411655 0.0625737  0.525772
3985 0.470998 0.50481  0.0241915
3436 0.447813 0.332132  0.220055
20205 0.523462 0.327859  0.148679
2571 0.373028 0.226556  0.400415
17752 0.387514 0.307985  0.304501
17397 0.123259 0.466678  0.410064
20419 0.529698 0.0492209  0.421081
10344 0.386055 0.43021  0.183734
18481 0.38478 0.388582  0.226637
12521 0.359349 0.41907  0.221582
17020 0.542303 0.131016  0.326681
2755 0.132865 0.332111  0.535024
19990 0.285731 0.219082  0.495188
8123 0.537415 0.285921  0.176663
1238 0.362292 0.418835  0.218874
10430 0.346323 0.320902  0.332775
19687 0.155712 0.333656  0.510631
159 0.498331 0.325345  0.176324
18086 0.354853 0.307724  0.337423
12525 0.28735 0.27275  0.439901
18380 0.397968 0.0435723  0.55846
14109 0.128767 0.28825  0.582983
19551 0.359924 0.606026  0.0340495
1152 0.445485 0.404088  0.150427
1192 0.0901632 0.274937  0.634899
1846 0.332763 0.22561  0.441626
3418 0.387726 0.325363  0.286912
15925 0.44404 0.275155  0.280805
9146 0.114845 0.108603  0.776552
6269 0.083938 0.233017  0.683045
15616 0.414244 0.158837  0.426918
17361 0.416225 0.308957  0.274818
9930 0.409339 0.465067  0.125594
7305 0.304001 0.158479  0.53752
14530 0.439039 0.44821  0.112751
7560 0.228906 0.257039  0.514055
15873 0.302312 0.493304  0.204384
19490 0.148487 0.631067  0.220446
5358 0.637373 0.0821478  0.28048
15135 0.0716468 0.448299  0.480055
15598 0.216383 0.31863  0.464988
7092 0.572239 0.31487  0.112891
18429 0.227261 0.146927  0.625812
19585 0.0704634 0.393298  0.536238
9151 0.183584 0.301202  0.515213
14280 0.415163 0.37625  0.208587
17334 0.0691909 0.440555  0.490255
20720 0.235654 0.380125  0.384221
7223 0.181597 0.41196  0.406444
14933 0.648694 0.0305765  0.320729
19976 0.223576 0.68746  0.0889643
20516 0.29584 0.236378  0.467782
20213 0.168689 0.319017  0.512294
8336 0.0579456 0.401439  0.540615
7384 0.507752 0.125732  0.366516
10879 0.426858 0.533077  0.0400651
12048 0.414153 0.0752077  0.510639
17120 0.483541 0.365125  0.151334
16438 0.302964 0.405119  0.291917
7451 0.225883 0.708766  0.0653514
18748 0.251846 0.432873  0.315282
17577 0.619185 0.0751291  0.305686
12543 0.208362 0.657764  0.133873
15639 0.284541 0.544171  0.171288
7496 0.186568 0.423132  0.3903
13001 0.60195 0.17679  0.22126
7624 0.223389 0.54651  0.230101
19479 0.351199 0.502961  0.14584
7496 0.309825 0.177233  0.512941
18677 0.303685 0.0141742  0.682141
18173 0.224409 0.375316  0.400275
18796 0.292263 0.359764  0.347972
18831 0.30858 0.499037  0.192383
19572 0.0981932 0.589314  0.312493
2307 0.403141 0.3065  0.290359
2848 0.336276 0.314431  0.349293
18355 0.308324 0.250271  0.441405
16352 0.306908 0.535785  0.157307
19047 0.500485 0.0182366  0.481279
16993 0.352334 0.239857  0.407809
6194 0.22272 0.0125321  0.764748
14310 0.207875 0.254756  0.537369
14266 0.279417 0.436856  0.283727
11969 0.287556 0.43589  0.276554
17967 0.475631 0.329653  0.194716
14053 0.929332 0.0474737  0.0231943
159 0.548186 0.421751  0.0300634
3418 0.0336887 0.456501  0.50981
19975 0.741079 0.233053  0.0258676
4517 0.044045 0.857373  0.0985818
7701 0.122429 0.467966  0.409605
4818 0.021969 0.586632  0.391399
16131 0.29966 0.381333  0.319007
9158 0.765761 0.0852935  0.148945
19572 0.196574 0.459247  0.344179
18545 0.0495752 0.797436  0.152989
2825 0.366552 0.328803  0.304645
19567 0.290927 0.254249  0.454824
8320 0.581134 0.20123  0.217636
878 0.724611 0.0775453  0.197843
12802 0.464075 0.198605  0.33732
216 0.473272 0.323108  0.20362
20224 0.440789 0.163712  0.395499
9605 0.313795 0.409886  0.276319
10063 0.0391863 0.656536  0.304278
18777 0.211294 0.529375  0.259331
10859 0.439484 0.386211  0.174305
15732 0.444871 0.447757  0.107372
7288 0.186844 0.110701  0.702455
15738 0.266146 0.416604  0.31725
4314 0.401883 0.421664  0.176453
18359 0.353861 0.430186  0.215953
15614 0.282823 0.362717  0.35446
148 0.547097 0.362288  0.0906145
17314 0.323277 0.596796  0.0799271
17100 0.442378 0.172149  0.385472
20626 0.338265 0.180308  0.481427
18053 0.307699 0.273125  0.419175
19478 0.46269 0.22707  0.31024
7624 0.139695 0.225218  0.635086
18958 0.406941 0.374116  0.218943
15785 0.390548 0.113289  0.496163
3705 0.754051 0.162225  0.0837232
15406 0.385965 0.525331  0.0887045
20609 0.431471 0.449857  0.118672
3739 0.271316 0.606647  0.122037
11418 0.534875 0.078735  0.38639
17099 0.256139 0.633249  0.110612
17472 0.820936 0.0474389  0.131625
3722 0.0557365 0.477159  0.467104
15810 0.373552 0.0963582  0.53009
3715 0.499352 0.477902  0.0227465
197 0.0790672 0.464827  0.456106
16619 0.468525 0.220646  0.310829
6068 0.474588 0.422285  0.103127
14908 0.171496 0.600162  0.228342
17746 0.325452 0.344067  0.330481
11239 0.304909 0.249523  0.445569
17953 0.23701 0.726402  0.036588
18817 0.352239 0.242973  0.404788
7623 0.393443 0.122011  0.484546
17650 0.491223 0.275719  0.233058
13620 0.236801 0.588951  0.174249
158 0.468361 0.495779  0.03586
19474 0.0938539 0.0488973  0.857249
3474 0.128389 0.362837  0.508774
158 0.535862 0.300648  0.16349
12665 0.187771 0.341389  0.470841
15091 0.4739 0.262  0.264099
19776 0.355375 0.508973  0.135652
14701 0.180428 0.254411  0.565161
1176 0.0430823 0.133911  0.823007
11389 0.341789 0.247544  0.410667
7927 0.293743 0.413881  0.292375
41 0.0485062 0.628472  0.323022
1838 0.14241 0.464574  0.393016
20012 0.518357 0.366183  0.11546
20115 0.200057 0.651479  0.148464
13059 0.291378 0.0444727  0.664149
15242 0.0685072 0.245232  0.68626
19921 0.176598 0.289064  0.534338
14265 0.829878 0.0181924  0.151929
3066 0.325555 0.337589  0.336856
11879 0.406116 0.578634  0.0152507
20618 0.674557 0.110963  0.21448
7938 0.174739 0.665594  0.159667
18344 0.0556266 0.373537  0.570836
18152 0.169589 0.345943  0.484468
11024 0.459017 0.451888  0.0890941
17229 0.547072 0.219419  0.233509
15756 0.36175 0.399372  0.238878
17120 0.23893 0.43311  0.32796
10429 0.0547121 0.679923  0.265365
15093 0.162843 0.457772  0.379385
4029 0.283327 0.409774  0.306899
19747 0.201968 0.542547  0.255485
17230 0.302876 0.281992  0.415131
19758 0.402181 0.198249  0.39957
18006 0.45552 0.377978  0.166501
14963 0.111048 0.515968  0.372984
18120 0.304167 0.140551  0.555282
15415 0.41159 0.263179  0.325231
20488 0.247805 0.242152  0.510042
15594 0.31943 0.34579  0.334779
41 0.141278 0.511965  0.346757
17615 0.427009 0.0385385  0.534452
17690 0.255772 0.103926  0.640302
17339 0.57289 0.0758743  0.351236
12530 0.126853 0.458705  0.414442
1021 0.122937 0.759334  0.11773
15679 0.0371419 0.618318  0.34454
17300 0.379789 0.201372  0.418839
17109 0.260531 0.338691  0.400778
13218 0.197307 0.626733  0.17596
7100 0.413091 0.185086  0.401823
20438 0.568727 0.17777  0.253503
2821 0.461065 0.434777  0.104159
19664 0.12985 0.134848  0.735302
18066 0.420142 0.277922  0.301936
9925 0.469648 0.229669  0.300683
3432 0.659269 0.32801  0.0127213
3695 0.0224776 0.912289  0.0652337
206 0.180654 0.227564  0.591782
4512 0.0745519 0.894105  0.0313429
5044 0.199511 0.557361  0.243128
11714 0.3714 0.328803  0.299797
3424 0.251314 0.260797  0.487889
18855 0.353728 0.56129  0.0849816
20340 0.306246 0.349387  0.344366
20835 0.46127 0.425315  0.113415
6629 0.401825 0.183211  0.414965
3764 0.070433 0.495341  0.434226
18971 0.344077 0.222858  0.433066
226 0.522299 0.247497  0.230204
17418 0.270852 0.35835  0.370798
17041 0.170487 0.298829  0.530684
9031 0.40959 0.356313  0.234098
3303 0.384798 0.0334169  0.581785
14242 0.264212 0.108087  0.627701
13050 0.587991 0.402039  0.00996951
20316 0.0412425 0.442416  0.516342
5057 0.48427 0.108451  0.407279
15189 0.494923 0.239531  0.265546
764 0.406281 0.36633  0.227389
11705 0.144832 0.409501  0.445667
16415 0.412731 0.16336  0.42391
283 0.0666303 0.303399  0.629971
6613 0.164975 0.724351  0.110674
20213 0.155295 0.450228  0.394477
7606 0.305773 0.365432  0.328795
11000 0.101262 0.347932  0.550806
4251 0.114535 0.384575  0.50089
6083 0.443788 0.46495  0.0912616
14695 0.411226 0.503028  0.0857453
3327 0.542009 0.0130867  0.444904
7731 0.0432652 0.626204  0.330531
19124 0.47618 0.408835  0.114985
15742 0.241246 0.492397  0.266356
11448 0.474638 0.0586868  0.466675
17519 0.127652 0.422581  0.449766
6852 0.446239 0.101664  0.452097
14928 0.393293 0.255031  0.351676
226 0.329155 0.325745  0.3451
159 0.392783 0.321303  0.285914
19077 0.319803 0.423534  0.256663
1 0.385146 0.598211  0.0166431
1968 0.211622 0.439977  0.348401
17220 0.267853 0.624422  0.107725
19466 0.466629 0.218529  0.314842
11087 0.0975989 0.502308  0.400093
3771 0.50029 0.230524  0.269186
8286 0.201363 0.328665  0.469972
8767 0.0567496 0.313677  0.629573
4789 0.305957 0.545983  0.14806
19458 0.429703 0.0928063  0.477491
20294 0.413139 0.458002  0.128859
11437 0.157873 0.414236  0.427891
7893 0.246954 0.196525  0.556521
11602 0.149111 0.13019  0.720699
833 0.0976403 0.616143  0.286216
7588 0.105516 0.687511  0.206973
4597 0.547739 0.290619  0.161642
11224 0.511748 0.380786  0.107466
11021 0.350198 0.0994698  0.550332
18315 0.576449 0.0367784  0.386773
16502 0.146021 0.144217  0.709762
6258 0.51967 0.429087  0.0512433
18089 0.395871 0.482998  0.121131
4392 0.416663 0.37523  0.208107
16427 0.311963 0.329589  0.358448
9180 0.276352 0.362741  0.360907
18876 0.323784 0.555547  0.120668
20329 0.365363 0.49896  0.135677
19491 0.181399 0.379675  0.438926
7626 0.136344 0.52576  0.337896
10 0.122206 0.667142  0.210651
7180 0.392445 0.104403  0.503152
10080 0.155479 0.525606  0.318914
14284 0.406252 0.508014  0.0857338
6606 0.209859 0.511756  0.278385
20385 0.258492 0.617883  0.123625
20159 0.410648 0.171113  0.418239
8275 0.256731 0.312143  0.431126
17499 0.344996 0.305587  0.349417
11455 0.484284 0.288235  0.227481
17308 0.292424 0.394334  0.313242
20399 0.0663443 0.460393  0.473262
149 0.387769 0.250445  0.361787
19545 0.223072 0.144616  0.632312
14986 0.258729 0.521471  0.2198
16333 0.412507 0.233441  0.354052
7683 0.347879 0.533892  0.118229
8033 0.420305 0.368918  0.210777
19543 0.303898 0.446247  0.249856
7637 0.418756 0.0217112  0.559533
14365 0.385696 0.411879  0.202425
3007 0.463288 0.250535  0.286177
979 0.386921 0.277454  0.335625
4866 0.342311 0.49193  0.165759
19454 0.0460505 0.320027  0.633922
168 0.309493 0.132094  0.558413
13774 0.321367 0.513134  0.1655
18058 0.469143 0.436737  0.0941199
14497 0.322231 0.178684  0.499085
17780 0.352497 0.507607  0.139897
9474 0.210847 0.45707  0.332083
236 0.227951 0.521316  0.250734
20240 0.189511 0.130883  0.679606
2699 0.183116 0.348698  0.468185
913 0.503456 0.102951  0.393592
19507 0.0830758 0.335112  0.581812
20796 0.116343 0.546117  0.33754
7687 0.239288 0.425011  0.335702
6639 0.380264 0.20998  0.409756
19762 0.408424 0.419127  0.172449
15606 0.625366 0.189081  0.185552
5474 0.0522875 0.620896  0.326816
3040 0.120306 0.317126  0.562568
12804 0.408757 0.265156  0.326087
18753 0.399868 0.524545  0.0755872
9167 0.59956 0.347117  0.0533224
17428 0.452881 0.260078  0.287041
7592 0.459275 0.298765  0.24196
17333 0.212875 0.171995  0.61513
20749 0.148859 0.194704  0.656437
376 0.53362 0.265318  0.201062
14585 0.221778 0.441568  0.336654
19746 0.299513 0.330394  0.370093
18030 0.0386662 0.717674  0.24366
20307 0.881997 0.0457753  0.0722273
17420 0.220625 0.18739  0.591986
2652 0.282155 0.230429  0.487416
15506 0.233097 0.609517  0.157386
6125 0.883242 0.0793781  0.0373795
10820 0.106908 0.316614  0.576479
1909 0.179947 0.526526  0.293527
17030 0.344266 0.278954  0.37678
3560 0.456562 0.0512013  0.492237
10818 0.437289 0.152518  0.410193
11401 0.392576 0.456888  0.150536
7498 0.347761 0.202279  0.44996
16618 0.11658 0.392079  0.491341
16318 0.373873 0.272049  0.354078
12796 0.252462 0.412186  0.335352
148 0.395223 0.292922  0.311855
18987 0.430344 0.483969  0.0856876
4814 0.490622 0.150337  0.359041
139 0.359365 0.464832  0.175803
2619 0.464373 0.489583  0.0460447
7308 0.210488 0.312675  0.476837
14275 0.496579 0.495258  0.00816327
17945 0.110854 0.182247  0.706898
206 0.248319 0.687  0.0646804
11394 0.226128 0.327535  0.446337
18726 0.172705 0.494106  0.333189
16712 0.285559 0.360853  0.353588
7311 0.309732 0.291999  0.398268
12793 0.401024 0.263404  0.335573
20285 0.864484 0.0279274  0.107588
16397 0.457271 0.174705  0.368024
1898 0.286703 0.657621  0.0556762
19870 0.233477 0.628142  0.13838
15133 0.199293 0.428919  0.371788
1760 0.234345 0.350598  0.415057
15414 0.21023 0.393118  0.396652
15980 0.0604637 0.411618  0.527918
1110 0.541535 0.142968  0.315497
11280 0.0111468 0.549074  0.439779
15338 0.287993 0.0425691  0.669438
20001 0.0203814 0.511675  0.467944
20155 0.181748 0.807071  0.0111803
15112 0.19256 0.297897  0.509543
19308 0.402642 0.213543  0.383816
9182 0.332332 0.264375  0.403293
6586 0.430608 0.095818  0.473574
18890 0.0580952 0.620069  0.321836
3296 0.312997 0.662268  0.0247351
338 0.366291 0.245291  0.388417
6597 0.13601 0.624505  0.239486
2890 0.218312 0.100633  0.681055
5728 0.214421 0.619665  0.165914
4814 0.332293 0.127905  0.539801
20434 0.598044 0.381409  0.0205474
17998 0.240835 0.340143  0.419022
20004 0.21303 0.278306  0.508663
4832 0.311964 0.288677  0.399359
17894 0.444803 0.0404021  0.514795
20004 0.549094 0.197426  0.25348
8386 0.390758 0.443013  0.166228
20259 0.225118 0.290572  0.48431
20305 0.171385 0.423399  0.405216
8584 0.365432 0.171982  0.462586
7561 0.39687 0.192048  0.411082
16421 0.472134 0.499746  0.0281197
18870 0.281511 0.567156  0.151333
7673 0.389972 0.417755  0.192274
15769 0.262205 0.459606  0.278189
4306 0.558473 0.375867  0.0656603
46 0.184486 0.0806665  0.734847
20261 0.534914 0.155102  0.309984
6916 0.412395 0.573002  0.0146037
18079 0.654536 0.0400813  0.305383
19825 0.390585 0.282427  0.326987
17408 0.183911 0.379877  0.436212
8109 0.170658 0.609335  0.220007
17197 0.332287 0.495661  0.172052
9910 0.360304 0.147648  0.492048
15745 0.34197 0.0925022  0.565527
17229 0.38934 0.399003  0.211657
16718 0.163479 0.428155  0.408366
2889 0.289179 0.466975  0.243847
17078 0.38011 0.43987  0.180021
17498 0.342498 0.477253  0.180249
15 0.0480671 0.529362  0.422571
18055 0.585393 0.0821105  0.332497
3483 0.413938 0.310596  0.275465
7431 0.281022 0.189669  0.529309
8099 0.407418 0.463018  0.129564
19685 0.0188084 0.425131  0.556061
13072 0.422687 0.130451  0.446862
807 0.250703 0.338465  0.410832
19670 0.437861 0.0853015  0.476838
18648 0.234769 0.297929  0.467302
20030 0.584138 0.256243  0.159618
19210 0.573692 0.268813  0.157495
18060 0.250766 0.321365  0.427868
10010 0.333423 0.468478  0.198099
19455 0.187327 0.146606  0.666067
11408 0.355782 0.0762379  0.56798
17959 0.190822 0.517973  0.291204
4857 0.335362 0.432459  0.232179
7788 0.340521 0.150022  0.509457
19475 0.150644 0.54496  0.304397
19664 0.370139 0.498526  0.131335
15024 0.114263 0.645156  0.240581
11454 0.393567 0.10191  0.504523
19482 0.243147 0.127146  0.629707
6348 0.0730856 0.412387  0.514528
6289 0.202307 0.444818  0.352876
12804 0.400951 0.375156  0.223893
4503 0.789987 0.0556367  0.154376
19442 0.0548964 0.688696  0.256407
3733 0.38761 0.182323  0.430067
1932 0.343497 0.338828  0.317675
236 0.397561 0.497811  0.104628
15594 0.548684 0.419697  0.0316195
4797 0.490167 0.0808115  0.429022
7781 0.366263 0.406061  0.227675
17336 0.604451 0.0630511  0.332498
15775 0.178357 0.037513  0.78413
17374 0.404352 0.558457  0.0371908
8280 0.287153 0.308176  0.404671
819 0.0609104 0.890632  0.048458
7617 0.481312 0.446998  0.0716896
20322 0.372991 0.0396999  0.587309
10812 0.393205 0.344117  0.262677
18128 0.297789 0.443582  0.258629
17315 0.135254 0.699367  0.165379
20005 0.188357 0.469024  0.342619
8810 0.538128 0.215285  0.246587
5431 0.212094 0.224903  0.563003
12575 0.109806 0.620857  0.269338
14894 0.165171 0.209776  0.625053
3774 0.312411 0.255932  0.431658
4524 0.305475 0.396623  0.297902
10349 0.376874 0.156531  0.466595
7918 0.335565 0.373829  0.290606
1180 0.47111 0.356191  0.1727
17337 0.51345 0.292924  0.193626
13440 0.450231 0.32768  0.222089
18185 0.364225 0.254681  0.381094
5061 0.29715 0.284137  0.418712
16802 0.588457 0.0772423  0.334301
20075 0.242714 0.0693243  0.687962
8108 0.480192 0.249141  0.270667
3 0.48291 0.0385479  0.478542
3417 0.136545 0.548498  0.314957
9900 0.278698 0.317432  0.40387
2828 0.351112 0.399519  0.249369
15881 0.407957 0.361091  0.230952
15841 0.0598171 0.910437  0.0297458
3596 0.251474 0.0547023  0.693824
14363 0.264482 0.0816372  0.65388
3592 0.269457 0.40313  0.327413
3489 0.700449 0.113833  0.185718
8841 0.0522759 0.499074  0.44865
7108 0.684962 0.0362091  0.278829
15525 0.444614 0.0632188  0.492167
19490 0.302253 0.316864  0.380883
7602 0.239296 0.317871  0.442833
11430 0.597359 0.328185  0.0744555
12514 0.3694 0.199671  0.430929
18797 0.093983 0.45616  0.449857
9190 0.30414 0.518651  0.177208
4828 0.530327 0.311439  0.158234
20288 0.310414 0.413927  0.275659
17671 0.413061 0.54619  0.0407492
803 0.0529211 0.356029  0.59105
7324 0.455615 0.342197  0.202188
16119 0.359176 0.427946  0.212878
7637 0.512578 0.232279  0.255143
16813 0.515216 0.423625  0.0611591
3090 0.400503 0.217854  0.381643
4791 0.164471 0.425096  0.410433
5603 0.418101 0.0267795  0.55512
167 0.58202 0.0985124  0.319468
11028 0.328574 0.358376  0.31305
4878 0.0527295 0.692879  0.254392
19268 0.252655 0.46564  0.281704
6064 0.573092 0.196893  0.230015
7610 0.320227 0.427208  0.252565
1685 0.144315 0.286251  0.569433
9171 0.031581 0.657642  0.310777
3488 0.288245 0.0635969  0.648158
19557 0.306173 0.481637  0.21219
4772 0.12467 0.540884  0.334446
14528 0.395521 0.394225  0.210254
9657 0.324726 0.356237  0.319037
7265 0.45042 0.234524  0.315056
20262 0.0340627 0.523452  0.442486
20473 0.850678 0.0645044  0.0848181
16911 0.546521 0.285213  0.168266
8827 0.233249 0.0256652  0.741086
20373 0.395316 0.336343  0.268341
3690 0.41649 0.440426  0.143083
5640 0.341192 0.432269  0.226539
19489 0.144448 0.472216  0.383336
17756 0.363621 0.602928  0.0334514
7754 0.174086 0.302053  0.523861
4013 0.384378 0.342729  0.272894
5793 0.407317 0.346887  0.245796
15175 0.167501 0.519374  0.313125
16690 0.024419 0.0831585  0.892423
7920 0.0231309 0.377378  0.599491
16008 0.115152 0.727791  0.157057
10998 0.247251 0.701184  0.0515652
1770 0.582744 0.404017  0.0132385
20308 0.301223 0.321965  0.376813
9038 0.306287 0.322415  0.371298
8120 0.11212 0.296162  0.591718
4292 0.0867256 0.301447  0.611828
2348 0.265137 0.176094  0.558769
17282 0.211858 0.504671  0.283471
4879 0.574346 0.351373  0.074281
16127 0.0630983 0.441351  0.495551
16601 0.0254664 0.70628  0.268253
17922 0.340188 0.24605  0.413762
365 0.418205 0.335773  0.246023
3480 0.593873 0.227195  0.178931
12576 0.574126 0.161066  0.264808
15242 0.636756 0.226169  0.137075
11397 0.41836 0.187644  0.393996
7926 0.359673 0.234926  0.405401
1179 0.292763 0.360873  0.346365
19859 0.0194611 0.449698  0.530841
9117 0.107395 0.167882  0.724722
7617 0.36262 0.250091  0.387289
9844 0.41193 0.572502  0.0155685
2817 0.737646 0.115874  0.14648
20136 0.410781 0.358893  0.230325
291 0.0247046 0.153436  0.821859
7338 0.383296 0.396429  0.220275
3456 0.370512 0.341641  0.287847
13355 0.499828 0.34839  0.151782
16736 0.783775 0.197852  0.0183734
7775 0.557296 0.393694  0.0490097
8331 0.358867 0.411901  0.229232
3424 0.30082 0.35159  0.34759
20 0.386433 0.441065  0.172502
245 0.376831 0.313142  0.310027
13527 0.296806 0.501564  0.20163
17009 0.229113 0.444227  0.32666
11418 0.574044 0.286522  0.139434
19485 0.486877 0.132768  0.380355
17703 0.282903 0.190303  0.526795
17892 0.288259 0.367656  0.344085
16358 0.470434 0.1415  0.388066
9937 0.63529 0.313996  0.0507145
19499 0.110154 0.67341  0.216435
10794 0.420609 0.0702355  0.509155
19085 0.298191 0.513605  0.188203
11394 0.216294 0.391807  0.391898
20531 0.405568 0.534452  0.0599796
2702 0.152151 0.543151  0.304698
17838 0.240215 0.555547  0.204238
14264 0.206147 0.327248  0.466605
11509 0.360739 0.268111  0.37115
16809 0.216589 0.280248  0.503162
20034 0.142921 0.335985  0.521094
12797 0.657259 0.27611  0.0666313
12770 0.646078 0.158908  0.195014
1926 0.425088 0.141729  0.433183
18475 0.636013 0.103556  0.26043
19963 0.301796 0.286188  0.412017
8840 0.26759 0.405419  0.32699
3538 0.331613 0.391825  0.276562
7664 0.263044 0.41598  0.320976
12798 0.308182 0.281247  0.410572
7141 0.272477 0.433217  0.294306
17694 0.0264994 0.460417  0.513083
14902 0.294748 0.399793  0.305458
17948 0.306215 0.378176  0.315609
20210 0.159435 0.424768  0.415797
20492 0.498294 0.419605  0.0821002
17310 0.0114114 0.95139  0.0371989
4560 0.447906 0.29893  0.253164
15425 0.421232 0.271187  0.307581
14249 0.239847 0.377492  0.382661
12779 0.325097 0.212945  0.461958
12492 0.225547 0.421274  0.353179
20751 0.337537 0.386089  0.276374
18274 0.273005 0.0758333  0.651162
18382 0.645567 0.14985  0.204584
9162 0.253724 0.407402  0.338874
20318 0.298445 0.198611  0.502944
558 0.158548 0.399576  0.441876
1150 0.436216 0.0221301  0.541654
17597 0.605701 0.216683  0.177616
15335 0.0301366 0.343467  0.626396
7517 0.321478 0.354797  0.323725
15633 0.52616 0.289094  0.184746
7752 0.376465 0.217361  0.406174
203 0.420511 0.340192  0.239297
16790 0.536501 0.384158  0.0793406
13249 0.2635 0.114546  0.621954
14682 0.637191 0.153043  0.209766
18964 0.143375 0.41854  0.438085
19550 0.198989 0.0362016  0.764809
20162 0.0143995 0.079688  0.905913
12872 0.396636 0.364414  0.23895
14256 0.376609 0.471764  0.151627
12508 0.266285 0.462699  0.271016
7421 0.209118 0.682875  0.108006
16996 0.47014 0.0749627  0.454897
17321 0.367251 0.570724  0.0620253
5595 0.373832 0.410538  0.215631
101 0.161257 0.460477  0.378266
2228 0.649833 0.115559  0.234607
8796 0.491366 0.496608  0.0120261
3221 0.18516 0.573108  0.241732
10288 0.664029 0.0376581  0.298312
7094 0.256427 0.404211  0.339362
4528 0.218188 0.247856  0.533956
12855 0.20123 0.292495  0.506275
17395 0.334459 0.260787  0.404754
15895 0.348414 0.603553  0.0480328
17629 0.105881 0.623203  0.270916
3090 0.170529 0.25296  0.576511
6158 0.0990972 0.485216  0.415686
17951 0.365395 0.445444  0.189161
15194 0.0175442 0.429823  0.552633
17198 0.485533 0.45239  0.0620774
19476 0.191481 0.249799  0.55872
11707 0.371322 0.273223  0.355455
10001 0.197012 0.680665  0.122322
19448 0.41801 0.406037  0.175954
6628 0.451419 0.453383  0.0951982
2795 0.509215 0.0331863  0.457599
15351 0.235768 0.470321  0.293911
17327 0.0417937 0.354031  0.604175
16792 0.579781 0.06715  0.353069
15324 0.162808 0.326616  0.510576
18324 0.4863 0.163335  0.350366
5128 0.190126 0.0267439  0.78313
3439 0.326169 0.473241  0.20059
2527 0.529689 0.261251  0.209061
2904 0.407125 0.423581  0.169294
8173 0.186803 0.133933  0.679264
16600 0.56595 0.367103  0.0669473
20327 0.464489 0.317586  0.217926
14638 0.348387 0.406904  0.244709
17973 0.207201 0.372351  0.420448
20365 0.00607882 0.560854  0.433067
1610 0.451444 0.116835  0.431721
832 0.277856 0.385192  0.336953
3742 0.401765 0.506457  0.0917778
1673 0.383572 0.567576  0.0488521
12750 0.233474 0.457654  0.308872
16834 0.457547 0.152917  0.389536
17320 0.0599711 0.857451  0.082578
17331 0.0609777 0.272914  0.666108
19556 0.492327 0.145794  0.361878
15632 0.538413 0.0559909  0.405596
7320 0.419093 0.352169  0.228738
18332 0.868159 0.0995355  0.0323053
4878 0.0838091 0.654033  0.262157
3725 0.164359 0.570564  0.265078
9900 0.0380048 0.483781  0.478214
17410 0.292532 0.502291  0.205177
20420 0.508515 0.277714  0.213771
16990 0.0505342 0.922642  0.0268238
20040 0.0236614 0.50251  0.473829
12839 0.0581503 0.370446  0.571404
6425 0.457464 0.12343  0.419107
12891 0.5783 0.369808  0.0518922
7625 0.0591885 0.551992  0.38882
17284 0.4364 0.524134  0.0394658
20049 0.535858 0.239461  0.224681
23 0.078092 0.678442  0.243466
1575 0.355907 0.351065  0.293028
11222 0.339734 0.291256  0.36901
5321 0.294136 0.620282  0.0855818
4828 0.131798 0.218546  0.649656
242 0.204042 0.457975  0.337982
15331 0.286617 0.344883  0.3685
309 0.364582 0.306699  0.328719
3434 0.236575 0.18345  0.579974
17200 0.383769 0.547863  0.0683686
13295 0.698336 0.110535  0.191129
41 0.0230533 0.291385  0.685562
14288 0.283216 0.37973  0.337055
14065 0.73262 0.192218  0.0751615
17667 0.267273 0.400315  0.332411
8324 0.043977 0.48354  0.472483
282 0.478008 0.424172  0.0978201
1118 0.427685 0.394441  0.177874
1183 0.360903 0.392402  0.246694
7698 0.245791 0.540165  0.214044
3953 0.597899 0.0561147  0.345986
3415 0.583851 0.181039  0.23511
11784 0.513047 0.478044  0.00890908
17408 0.107931 0.304015  0.588054
18967 0.15084 0.124574  0.724586
20679 0.131739 0.593686  0.274575
17333 0.109044 0.423329  0.467627
6889 0.491337 0.261353  0.247309
1171 0.134299 0.265232  0.600469
7313 0.251594 0.510158  0.238247
11123 0.461617 0.216175  0.322207
11776 0.0682663 0.560241  0.371493
2802 0.330096 0.320561  0.349343
17701 0.354085 0.323145  0.32277
20256 0.262292 0.622287  0.115421
1184 0.0882771 0.637645  0.274078
6554 0.28264 0.679845  0.0375155
17203 0.145324 0.827414  0.027262
11710 0.178094 0.731885  0.0900219
18424 0.235758 0.218471  0.545771
1988 0.440761 0.485911  0.0733288
20661 0.421101 0.312111  0.266788
20 0.414089 0.396058  0.189853
18006 0.0322507 0.542268  0.425481
18067 0.144443 0.312036  0.54352
9919 0.518814 0.3329  0.148286
15620 0.366343 0.302312  0.331345
2940 0.563831 0.123528  0.312641
17547 0.383826 0.25361  0.362564
15610 0.380208 0.274666  0.345126
7663 0.320352 0.479181  0.200466
17084 0.532334 0.422023  0.0456432
17591 0.123471 0.157144  0.719385
3471 0.161851 0.464479  0.37367
2788 0.375143 0.350997  0.273861
18204 0.214205 0.633428  0.152367
14967 0.59681 0.0837889  0.319401
6271 0.475526 0.260801  0.263673
2827 0.393997 0.31339  0.292613
5003 0.0897379 0.654211  0.256051
7422 0.393936 0.388523  0.217541
16708 0.461591 0.116539  0.421869
20208 0.496189 0.339562  0.16425
1140 0.0275444 0.804775  0.167681
4521 0.433215 0.400824  0.165962
20647 0.473802 0.0897239  0.436474
20346 0.355322 0.17328  0.471398
9939 0.356988 0.467271  0.175741
17418 0.261449 0.340075  0.398475
11127 0.38077 0.247333  0.371897
4793 0.257021 0.622514  0.120465
10809 0.305805 0.328143  0.366052
20621 0.0123527 0.497147  0.4905
18128 0.303496 0.34733  0.349174
7103 0.286151 0.391442  0.322407
16159 0.0428224 0.0942083  0.862969
18863 0.414066 0.146774  0.43916
20612 0.477034 0.159186  0.36378
19123 0.424112 0.170905  0.404984
17363 0.262228 0.340806  0.396967
6990 0.740904 0.0203394  0.238756
15557 0.83343 0.0632001  0.10337
9799 0.323433 0.350133  0.326433
7620 0.348526 0.455699  0.195775
20373 0.4049 0.318212  0.276888
6259 0.103361 0.0787326  0.817907
17103 0.33996 0.288194  0.371846
11410 0.538833 0.44848  0.0126863
7751 0.508737 0.308664  0.182599
16697 0.385716 0.285624  0.32866
7570 0.496008 0.163908  0.340084
11550 0.406019 0.22606  0.367921
13386 0.3755 0.145536  0.478963
18320 0.430727 0.0854878  0.483785
10828 0.259022 0.0707829  0.670195
1669 0.211276 0.541427  0.247297
11401 0.487029 0.387185  0.125786
15800 0.13731 0.292038  0.570652
15536 0.087684 0.477602  0.434714
10843 0.280574 0.419405  0.300021
3085 0.0692843 0.763625  0.167091
16438 0.351056 0.353292  0.295652
19483 0.135845 0.753114  0.111041
19642 0.0572928 0.511105  0.431603
16613 0.746985 0.125454  0.127562
8688 0.0958247 0.476479  0.427696
19035 0.253914 0.375548  0.370537
15175 0.313193 0.302235  0.384572
9181 0.402006 0.14361  0.454384
17662 0.0822488 0.112288  0.805463
17657 0.297537 0.210072  0.492392
20398 0.0250375 0.589948  0.385015
5143 0.101398 0.252182  0.64642
18184 0.635794 0.25193  0.112276
17239 0.4687 0.0628888  0.468411
19455 0.0299262 0.413442  0.556632
1153 0.433513 0.283831  0.282655
19231 0.352169 0.486901  0.16093
19811 0.437904 0.0550099  0.507086
8094 0.364165 0.225909  0.409926
21 0.380656 0.310413  0.308931
17764 0.249388 0.323874  0.426739
20153 0.31058 0.287198  0.402221
17794 0.325924 0.273625  0.400451
336 0.234771 0.393321  0.371909
15593 0.181801 0.486497  0.331702
16496 0.302871 0.497978  0.199151
14228 0.584454 0.128338  0.287208
17377 0.08032 0.813588  0.106092
7338 0.301748 0.653451  0.0448008
14320 0.430302 0.532333  0.0373652
14989 0.112569 0.42495  0.46248
16328 0.220783 0.35156  0.427658
7590 0.143411 0.512485  0.344104
11117 0.312717 0.50986  0.177423
8244 0.350201 0.576703  0.0730961
19257 0.462157 0.339349  0.198494
7521 0.472874 0.229224  0.297902
16454 0.599792 0.138896  0.261312
9912 0.438499 0.510638  0.0508632
15185 0.313332 0.295059  0.391609
11670 0.299938 0.668161  0.0319012
8400 0.388878 0.460744  0.150378
18563 0.659871 0.139809  0.20032
14608 0.265918 0.399512  0.33457
18214 0.37455 0.201538  0.423912
11757 0.526228 0.363716  0.110056
17436 0.29793 0.254798  0.447272
14253 0.219444 0.47682  0.303735
19160 0.200613 0.175524  0.623862
12532 0.600723 0.0806949  0.318583
12799 0.431818 0.455369  0.112813
4527 0.89946 0.0764445  0.0240953
6161 0.27905 0.141178  0.579772
3478 0.435269 0.50114  0.0635912
4861 0.267295 0.402689  0.330016
7757 0.454287 0.256691  0.289022
4854 0.164918 0.707506  0.127576
15485 0.177094 0.421246  0.401659
19863 0.358763 0.263469  0.377768
19070 0.231911 0.321948  0.44614
8291 0.206982 0.315847  0.477171
14463 0.138048 0.523919  0.338034
4672 0.0510172 0.494655  0.454328
11595 0.0977408 0.416657  0.485602
15208 0.0930163 0.421519  0.485464
18470 0.200031 0.373636  0.426334
10356 0.518539 0.0690161  0.412445
16962 0.338865 0.234323  0.426812
9367 0.267355 0.0501795  0.682465
20549 0.251196 0.633307  0.115496
15675 0.0581635 0.495509  0.446327
10967 0.533958 0.0289506  0.437091
4231 0.41945 0.226888  0.353662
19968 0.0984088 0.401739  0.499852
281 0.634359 0.0812962  0.284345
17854 0.0172524 0.434153  0.548595
17408 0.341593 0.541171  0.117236
19955 0.345387 0.366733  0.28788
12760 0.197641 0.0951673  0.707192
13957 0.458035 0.200538  0.341427
6789 0.673034 0.275433  0.0515335
7426 0.239673 0.336412  0.423915
20620 0.573455 0.150007  0.276538
6565 0.170812 0.42931  0.399878
18874 0.309552 0.317505  0.372943
15745 0.287991 0.254796  0.457213
19659 0.219315 0.489924  0.290761
4783 0.216042 0.316006  0.467951
85 0.165753 0.31058  0.523667
10799 0.338127 0.348941  0.312932
216 0.0928383 0.632977  0.274184
19547 0.642769 0.0693918  0.287839
16880 0.555306 0.385074  0.0596204
13066 0.155016 0.0910147  0.75397
11564 0.291481 0.250205  0.458314
20579 0.38151 0.17628  0.44221
17492 0.366381 0.205478  0.428141
12486 0.323814 0.45235  0.223835
5658 0.250199 0.195189  0.554612
17375 0.372209 0.495166  0.132626
7397 0.436806 0.163193  0.400001
169 0.034376 0.557873  0.407751
3027 0.531774 0.183792  0.284434
87 0.258103 0.32681  0.415088
20436 0.48966 0.337981  0.172359
5146 0.0998236 0.299616  0.60056
1905 0.219721 0.331547  0.448732
7223 0.449189 0.102915  0.447896
784 0.122454 0.298548  0.578998
17714 0.574062 0.0726246  0.353313
20097 0.262661 0.633166  0.104173
2818 0.214868 0.256287  0.528844
31 0.472798 0.504895  0.0223068
17768 0.463869 0.344711  0.191419
17959 0.258773 0.138748  0.602479
18688 0.571692 0.158637  0.269671
3411 0.344046 0.123628  0.532326
20270 0.0684384 0.408005  0.523556
18013 0.507107 0.211289  0.281604
7779 0.505798 0.416942  0.0772594
7375 0.363787 0.497137  0.139077
19682 0.3474 0.341744  0.310856
17134 0.146544 0.71194  0.141516
9918 0.312282 0.23234  0.455378
8871 0.218643 0.319148  0.462209
19336 0.103477 0.443595  0.452928
20107 0.350781 0.506613  0.142606
7458 0.33683 0.0405222  0.622648
19929 0.455027 0.152267  0.392706
11078 0.317349 0.263441  0.41921
5299 0.24637 0.450235  0.303394
11587 0.525416 0.125548  0.349036
9613 0.442557 0.144012  0.413431
20373 0.193168 0.471831  0.335001
1829 0.363794 0.184288  0.451918
19002 0.204458 0.0564258  0.739117
17767 0.367734 0.165816  0.46645
16341 0.460609 0.41753  0.121861
18872 0.872998 0.0694662  0.057536
15730 0.0345976 0.267207  0.698196
11416 0.3546 0.331301  0.314099
4713 0.318385 0.193578  0.488038
17945 0.255885 0.403638  0.340478
14368 0.123065 0.499551  0.377384
19412 0.71265 0.0268517  0.260498
3432 0.32317 0.316883  0.359947
8963 0.291669 0.482259  0.226071
275 0.0696159 0.0983761  0.832008
7079 0.110144 0.686106  0.20375
1427 0.261285 0.0819133  0.656802
8799 0.392126 0.37316  0.234715
7671 0.131582 0.444264  0.424153
19558 0.557409 0.364989  0.0776023
18000 0.0206876 0.511184  0.468129
14227 0.398441 0.346535  0.255023
17238 0.40798 0.26716  0.324861
13575 0.102779 0.616231  0.280991
18384 0.265195 0.369671  0.365134
15788 0.244602 0.386627  0.368771
3447 0.446882 0.326378  0.22674
19729 0.694695 0.0150597  0.290246
16721 0.475129 0.0488413  0.476029
18071 0.39293 0.334968  0.272102
11396 0.536141 0.355663  0.108196
13430 0.205455 0.375815  0.41873
10840 0.317189 0.285993  0.396818
15816 0.462844 0.291811  0.245345
31 0.0804133 0.731315  0.188272
19827 0.88952 0.0787926  0.0316878
16983 0.305883 0.301195  0.392922
11007 0.573477 0.176855  0.249667
17946 0.228021 0.403314  0.368666
11233 0.563398 0.362645  0.0739569
11984 0.270347 0.255016  0.474637
8201 0.323781 0.348531  0.327688
14701 0.553066 0.288764  0.15817
832 0.264728 0.378869  0.356403
17922 0.158301 0.513988  0.327711
17535 0.181293 0.311565  0.507142
17640 0.191651 0.623936  0.184413
17250 0.446016 0.460797  0.0931875
7640 0.0810833 0.477048  0.441869
15111 0.333673 0.596154  0.0701731
1383 0.420341 0.112457  0.467201
7397 0.549327 0.426611  0.0240617
18393 0.200222 0.234543  0.565235
18346 0.654622 0.128729  0.216649
7425 0.254247 0.43033  0.315423
1988 0.265835 0.520385  0.21378
16216 0.0369459 0.281492  0.681562
12390 0.0372645 0.5705  0.392236
13916 0.0759087 0.477075  0.447016
18880 0.124204 0.49031  0.385486
11236 0.544103 0.228164  0.227732
3694 0.373116 0.574284  0.0526004
16412 0.170026 0.449026  0.380949
18285 0.44694 0.485329  0.0677318
13677 0.299841 0.167224  0.532935
15923 0.385389 0.20415  0.410461
15324 0.155086 0.613503  0.231411
7419 0.601485 0.36882  0.0296953
1488 0.466556 0.260543  0.272901
19657 0.024037 0.427607  0.548356
12179 0.393025 0.406916  0.200059
7595 0.259012 0.402067  0.338922
20332 0.228584 0.476977  0.29444
12822 0.437719 0.516514  0.0457673
15777 0.4047 0.297379  0.297921
2866 0.451248 0.100564  0.448188
7747 0.480432 0.410885  0.108684
1020 0.194421 0.383429  0.42215
18679 0.406606 0.402802  0.190592
3332 0.344274 0.283198  0.372528
17924 0.277304 0.0358911  0.686804
11953 0.29788 0.278604  0.423517
3189 0.130585 0.406778  0.462637
1115 0.37136 0.152672  0.475968
7731 0.281779 0.304837  0.413384
4580 0.0947207 0.274428  0.630852
19774 0.509052 0.0430975  0.44785
15940 0.332155 0.181304  0.486541
19910 0.819082 0.0819351  0.098983
9969 0.484533 0.504136  0.0113317
17834 0.0720451 0.315389  0.612566
1813 0.483138 0.445145  0.0717173
11237 0.142007 0.118897  0.739096
3032 0.32165 0.304233  0.374117
17588 0.321977 0.265703  0.41232
10812 0.493373 0.496199  0.010428
11430 0.295832 0.355759  0.348409
15307 0.698995 0.236832  0.0641733
17787 0.382974 0.469875  0.14715
17936 0.171322 0.395868  0.432809
4180 0.214277 0.328171  0.457552
4806 0.149303 0.322379  0.528319
10998 0.595633 0.142947  0.26142
18022 0.356619 0.332018  0.311363
15771 0.751963 0.0317758  0.216261
8810 0.228117 0.269338  0.502545
6832 0.38028 0.0455199  0.5742
16603 0.492855 0.322609  0.184536
2817 0.110978 0.539591  0.349431
12536 0.456604 0.402044  0.141352
14222 0.0250223 0.746141  0.228837
3401 0.363637 0.283119  0.353244
16506 0.575738 0.0446164  0.379646
3028 0.0173287 0.55529  0.427382
18382 0.623158 0.0850052  0.291836
20001 0.157727 0.646041  0.196232
4993 0.351246 0.294097  0.354657
12389 0.195975 0.487197  0.316828
588 0.0471467 0.382766  0.570087
11 0.326806 0.310181  0.363013
20073 0.266099 0.46945  0.264451
19491 0.461655 0.119326  0.419018
19354 0.839831 0.0781886  0.0819803
20299 0.23431 0.401097  0.364594
4510 0.47778 0.276776  0.245445
19144 0.280748 0.382241  0.337011
7831 0.42994 0.305227  0.264833
7317 0.0844415 0.274738  0.640821
12538 0.340017 0.357416  0.302567
6264 0.287695 0.384011  0.328294
8863 0.322504 0.31342  0.364076
6254 0.456502 0.204231  0.339266
3702 0.0900217 0.136926  0.773052
17647 0.295582 0.356741  0.347678
15617 0.412409 0.364378  0.223214
19632 0.324605 0.367573  0.307822
217 0.401509 0.407468  0.191023
168 0.631582 0.124734  0.243684
7644 0.48485 0.504692  0.0104577
4520 0.224341 0.220067  0.555592
11124 0.019557 0.503834  0.476609
19475 0.360214 0.536105  0.103681
16632 0.312905 0.492546  0.194549
21154 0.551581 0.361149  0.0872698
12543 0.19005 0.670412  0.139539
7520 0.321323 0.218075  0.460602
16122 0.174946 0.477218  0.347836
9183 0.629252 0.0866435  0.284105
13086 0.31221 0.359943  0.327847
11304 0.429089 0.5528  0.0181113
354 0.303394 0.23899  0.457616
8112 0.0791943 0.479112  0.441694
18659 0.391082 0.0866308  0.522288
19638 0.437873 0.0281921  0.533935
18466 0.354909 0.496856  0.148235
15423 0.437867 0.319835  0.242298
7304 0.77262 0.161376  0.0660042
17000 0.328583 0.0905857  0.580831
6786 0.580451 0.159979  0.259569
20345 0.500917 0.292933  0.206151
11481 0.463102 0.437731  0.0991674
15414 0.462442 0.409307  0.128251
19581 0.117293 0.426844  0.455863
6537 0.245088 0.176539  0.578372
9036 0.298952 0.178154  0.522893
7850 0.423129 0.260048  0.316823
15177 0.166959 0.593285  0.239756
17518 0.231188 0.692565  0.0762471
20287 0.0903378 0.312354  0.597308
12526 0.396043 0.119962  0.483994
4667 0.483311 0.0918952  0.424794
18374 0.266161 0.546027  0.187812
17427 0.498263 0.0268051  0.474932
17251 0.351693 0.362252  0.286055
19957 0.352674 0.276384  0.370941
14653 0.159114 0.758747  0.0821397
10729 0.36001 0.359647  0.280342
6242 0.108419 0.405414  0.486167
12154 0.765584 0.20007  0.0343469
11406 0.0313808 0.398438  0.570181
