13078 0.516226 0.265273  0.218501
2854 0.263259 0.315616  0.421125
16603 0.0929628 0.369701  0.537336
1987 0.264128 0.597463  0.138409
3922 0.299508 0.549896  0.150596
6471 0.155297 0.113211  0.731492
15222 0.294264 0.568537  0.137199
6822 0.195816 0.247212  0.556972
10055 0.233464 0.3584  0.408136
1366 0.389888 0.418756  0.191355
1023 0.491716 0.0358918  0.472392
7273 0.140002 0.653827  0.20617
11485 0.317891 0.40633  0.275779
1887 0.377202 0.140405  0.482393
3976 0.220767 0.510443  0.26879
3165 0.515692 0.390582  0.0937253
6312 0.624034 0.213076  0.162891
1650 0.735333 0.228359  0.036308
17282 0.454054 0.250984  0.294962
16784 0.156594 0.387921  0.455485
16259 0.437151 0.488667  0.0741823
14894 0.472921 0.303717  0.223362
16141 0.329628 0.347967  0.322405
16590 0.282791 0.0672671  0.649942
2179 0.412793 0.487506  0.0997002
10610 0.0901482 0.429159  0.480693
7264 0.489587 0.256657  0.253756
2251 0.223346 0.119679  0.656975
12724 0.350964 0.123261  0.525775
8478 0.318452 0.4794  0.202148
15648 0.461182 0.244143  0.294675
15913 0.228549 0.404017  0.367434
653 0.246254 0.46233  0.291416
9080 0.38006 0.325791  0.294149
3694 0.654376 0.278563  0.0670612
5283 0.372596 0.564739  0.0626657
15813 0.0324457 0.465357  0.502197
14968 0.402001 0.0533629  0.544636
10175 0.0681252 0.390883  0.540992
1836 0.291803 0.348067  0.360129
8367 0.884972 0.0804537  0.0345739
10136 0.0540604 0.498514  0.447425
1999 0.0662132 0.517433  0.416353
6331 0.364621 0.340673  0.294707
10593 0.253142 0.413678  0.33318
12901 0.182855 0.498865  0.31828
17667 0.35664 0.489061  0.154299
12733 0.12738 0.136436  0.736184
3261 0.444913 0.440377  0.11471
11212 0.600181 0.163552  0.236267
4379 0.122149 0.478538  0.399313
15150 0.462743 0.137278  0.399979
6143 0.428453 0.182481  0.389066
9382 0.0333908 0.514784  0.451825
15696 0.785815 0.014799  0.199386
11254 0.0798863 0.474725  0.445389
9310 0.426261 0.282573  0.291166
6402 0.459854 0.405843  0.134303
12499 0.0968823 0.412085  0.491033
8348 0.543402 0.320166  0.136431
17666 0.327456 0.316114  0.35643
2240 0.361759 0.105666  0.532575
3829 0.575688 0.224599  0.199713
476 0.37872 0.30438  0.316899
16313 0.696353 0.128448  0.175199
14981 0.382342 0.183819  0.433838
3992 0.443217 0.110235  0.446548
11738 0.173448 0.444398  0.382154
3888 0.154516 0.229592  0.615892
6996 0.422971 0.551025  0.026004
6313 0.334721 0.170242  0.495037
2583 0.0989464 0.261144  0.63991
6410 0.0644006 0.304304  0.631296
12920 0.0643428 0.388992  0.546666
8619 0.342022 0.338613  0.319365
12483 0.165688 0.621666  0.212645
13129 0.207343 0.526078  0.266579
1933 0.0110226 0.329486  0.659492
4066 0.469888 0.15877  0.371342
17190 0.56495 0.225643  0.209407
2337 0.0215597 0.154546  0.823895
5232 0.406955 0.270533  0.322512
4824 0.633572 0.275299  0.0911289
174 0.234587 0.45146  0.313953
5775 0.374687 0.45525  0.170063
2265 0.125916 0.730769  0.143315
15573 0.232528 0.751743  0.015729
602 0.0552201 0.306113  0.638667
9995 0.15687 0.225789  0.617341
13124 0.0136761 0.485277  0.501047
3988 0.409688 0.259635  0.330677
15613 0.259791 0.30454  0.435669
8298 0.303228 0.450242  0.24653
5216 0.454609 0.237955  0.307436
6406 0.438004 0.42212  0.139876
7165 0.107902 0.458486  0.433611
16677 0.4989 0.44675  0.0543503
16124 0.380985 0.0422559  0.576759
9327 0.225986 0.376319  0.397695
5579 0.257184 0.393674  0.349142
11511 0.549561 0.22656  0.223878
8891 0.0427816 0.530923  0.426296
7790 0.443606 0.419479  0.136916
9787 0.131361 0.318319  0.55032
9767 0.505793 0.439358  0.0548493
12848 0.222503 0.278732  0.498765
2305 0.144702 0.501851  0.353448
9382 0.422724 0.341231  0.236045
10464 0.480038 0.0171621  0.5028
8586 0.371296 0.260718  0.367985
10384 0.40557 0.0594191  0.535011
5451 0.0969624 0.200514  0.702523
17933 0.0833284 0.408327  0.508345
8336 0.138784 0.677115  0.184101
919 0.861902 0.0460295  0.0920681
6446 0.247516 0.194731  0.557753
1769 0.323035 0.473198  0.203766
12897 0.237444 0.384311  0.378245
7540 0.4801 0.0421659  0.477734
989 0.45927 0.0469288  0.493801
5224 0.38792 0.319517  0.292562
11540 0.423377 0.480643  0.0959803
727 0.264958 0.429851  0.305191
6412 0.410694 0.243012  0.346294
6317 0.193926 0.349549  0.456525
3160 0.463129 0.459119  0.0777521
17203 0.12374 0.428421  0.447839
14820 0.0864776 0.354849  0.558673
8868 0.267906 0.207503  0.524591
5733 0.336823 0.260694  0.402483
6135 0.66645 0.095631  0.237919
15688 0.333667 0.326821  0.339512
4692 0.586936 0.183145  0.229919
17632 0.530867 0.433012  0.0361208
15887 0.471222 0.450112  0.0786659
9796 0.0339841 0.466001  0.500015
3941 0.493099 0.0383843  0.468517
11811 0.506313 0.0433197  0.450368
16730 0.382331 0.496912  0.120757
12923 0.209403 0.571956  0.218641
12747 0.588176 0.229177  0.182647
981 0.0916631 0.868066  0.0402713
17221 0.56937 0.0255333  0.405096
4078 0.43704 0.410628  0.152331
4021 0.25264 0.327733  0.419627
12018 0.332528 0.272511  0.394961
13103 0.170779 0.330842  0.498378
1593 0.299493 0.241316  0.45919
10577 0.281782 0.332942  0.385276
17271 0.30208 0.153996  0.543924
3961 0.572755 0.0145721  0.412673
8322 0.408841 0.0746113  0.516547
7854 0.182106 0.455927  0.361967
281 0.0407854 0.470965  0.488249
9743 0.215688 0.338497  0.445815
10645 0.658179 0.21327  0.12855
12265 0.387093 0.20974  0.403167
175 0.25244 0.296711  0.450849
7076 0.260727 0.386079  0.353193
12040 0.10492 0.47018  0.4249
12811 0.370253 0.28831  0.341437
18132 0.408979 0.40132  0.189701
8329 0.242342 0.699502  0.0581557
16467 0.345022 0.39131  0.263667
12411 0.144278 0.340649  0.515073
3278 0.264099 0.524623  0.211278
3143 0.227271 0.0850664  0.687663
13246 0.885592 0.0413983  0.07301
2578 0.197772 0.0965754  0.705652
17824 0.198779 0.469839  0.331382
8508 0.0977453 0.225908  0.676347
9443 0.42604 0.170112  0.403848
12796 0.0485308 0.488368  0.463102
3375 0.354815 0.407546  0.237639
7941 0.469965 0.186589  0.343446
7834 0.40534 0.420314  0.174346
17730 0.0570304 0.647672  0.295298
13117 0.661386 0.239915  0.0986994
9309 0.606855 0.130032  0.263113
17112 0.419186 0.547237  0.0335766
1018 0.289086 0.0534718  0.657442
1115 0.0994875 0.386391  0.514122
14832 0.4438 0.51041  0.0457892
1735 0.234949 0.366887  0.398164
4185 0.0726053 0.696907  0.230487
4386 0.651947 0.135084  0.212969
5347 0.41485 0.121911  0.463238
1588 0.369731 0.269608  0.360661
8699 0.405312 0.463382  0.131306
6591 0.0547404 0.406582  0.538678
13952 0.662552 0.211138  0.12631
4483 0.5237 0.0524  0.4239
1577 0.35726 0.454649  0.188091
4542 0.148933 0.531913  0.319154
1293 0.339048 0.0770887  0.583863
2272 0.36515 0.372775  0.262075
14478 0.486161 0.409536  0.104303
8489 0.347314 0.461884  0.190802
2645 0.23989 0.310817  0.449293
8987 0.454496 0.215304  0.330199
7497 0.434528 0.312285  0.253188
10529 0.506264 0.332258  0.161478
18044 0.148525 0.711497  0.139979
9236 0.348208 0.264391  0.387401
16174 0.411223 0.413445  0.175332
12334 0.283309 0.373059  0.343632
4172 0.250175 0.247612  0.502213
1841 0.485949 0.307986  0.206065
9736 0.230368 0.266573  0.503059
2759 0.269346 0.383534  0.34712
3031 0.576621 0.172243  0.251136
7136 0.0664549 0.392415  0.541131
16838 0.405838 0.427751  0.166411
8784 0.438737 0.147497  0.413766
8789 0.377854 0.0349953  0.58715
1339 0.809399 0.0331793  0.157422
3428 0.445494 0.35911  0.195396
8568 0.129034 0.415571  0.455395
12596 0.24037 0.372043  0.387587
7808 0.0661889 0.424511  0.5093
5010 0.425931 0.13983  0.434239
7952 0.139551 0.708953  0.151496
9395 0.0589986 0.48875  0.452251
18414 0.529348 0.0152882  0.455364
5480 0.0774763 0.214265  0.708259
5848 0.281809 0.427091  0.2911
6524 0.444319 0.402402  0.153278
12024 0.42082 0.301173  0.278007
9471 0.658568 0.238318  0.103114
6791 0.0564219 0.512263  0.431315
11783 0.472762 0.196423  0.330814
1386 0.137741 0.630716  0.231544
6445 0.0784609 0.213896  0.707643
6360 0.126511 0.548752  0.324737
14694 0.601859 0.2116  0.186541
1923 0.537408 0.324138  0.138454
18361 0.526223 0.34725  0.126526
3896 0.432849 0.105386  0.461764
4046 0.483182 0.0484409  0.468377
3979 0.481489 0.336687  0.181824
8046 0.348751 0.305904  0.345345
4008 0.348763 0.435561  0.215675
227 0.131099 0.472398  0.396503
1935 0.0771188 0.227746  0.695135
10062 0.406075 0.250812  0.343113
16910 0.752567 0.223193  0.0242404
17268 0.0998369 0.232801  0.667363
3686 0.329347 0.257386  0.413267
13629 0.585499 0.0461414  0.36836
13894 0.263698 0.590399  0.145902
17254 0.378438 0.45792  0.163642
11718 0.331578 0.220497  0.447925
671 0.180301 0.46558  0.354119
5600 0.515076 0.0255787  0.459345
3456 0.349658 0.218232  0.43211
13132 0.284186 0.180848  0.534966
670 0.641503 0.12441  0.234087
5533 0.128361 0.719885  0.151754
7956 0.301258 0.401101  0.297641
8383 0.194589 0.426701  0.37871
11027 0.394093 0.257726  0.348181
15281 0.632108 0.033639  0.334254
9081 0.224841 0.383863  0.391296
1070 0.0471467 0.016619  0.936234
3200 0.785391 0.190285  0.0243241
3370 0.34913 0.0910103  0.559859
9617 0.704272 0.170592  0.125137
13395 0.394711 0.261382  0.343907
1919 0.46532 0.233151  0.301529
6314 0.408433 0.451698  0.139868
15808 0.417194 0.515278  0.0675286
16057 0.155097 0.298628  0.546275
770 0.404196 0.396658  0.199146
10427 0.220177 0.55602  0.223803
11688 0.346739 0.214653  0.438608
679 0.335778 0.343681  0.32054
1444 0.22716 0.695841  0.0769984
11621 0.472059 0.398517  0.129424
2336 0.0369096 0.377157  0.585934
1987 0.201268 0.357209  0.441522
6742 0.437542 0.389403  0.173055
9081 0.367939 0.521021  0.11104
10122 0.52684 0.359006  0.114155
8235 0.495247 0.203062  0.301692
15691 0.410904 0.0270966  0.562
3557 0.708981 0.0752325  0.215787
5260 0.384146 0.34382  0.272034
2916 0.624787 0.163459  0.211754
13251 0.384936 0.210467  0.404597
13080 0.237596 0.625061  0.137343
1530 0.423724 0.498123  0.0781536
6840 0.118219 0.582003  0.299779
8483 0.855884 0.0366515  0.107464
10237 0.217488 0.365614  0.416898
618 0.102983 0.269536  0.627481
9865 0.0989739 0.487986  0.41304
13982 0.368838 0.312357  0.318805
7456 0.240895 0.399664  0.359441
8614 0.29978 0.0543531  0.645867
4584 0.196026 0.196702  0.607272
6551 0.393267 0.111569  0.495164
645 0.419252 0.264096  0.316653
17106 0.348808 0.362523  0.288669
9378 0.315392 0.348581  0.336027
6000 0.395066 0.45594  0.148995
4407 0.0872009 0.299376  0.613423
13004 0.371871 0.263122  0.365007
14200 0.331404 0.214078  0.454518
1977 0.393877 0.204085  0.402038
15841 0.238111 0.322726  0.439163
816 0.293551 0.027736  0.678713
12214 0.724548 0.172883  0.102569
17798 0.325324 0.457816  0.21686
9745 0.600341 0.356358  0.0433011
7709 0.256038 0.396858  0.347104
9463 0.396624 0.40253  0.200847
15721 0.336501 0.116026  0.547474
14365 0.283386 0.0848691  0.631745
1419 0.563112 0.296973  0.139916
13846 0.487672 0.0952  0.417128
8821 0.414915 0.423101  0.161984
14494 0.0431254 0.365862  0.591012
9327 0.792683 0.110152  0.0971645
10588 0.360049 0.340527  0.299424
16459 0.0730973 0.402267  0.524636
5787 0.686482 0.054099  0.259419
569 0.262191 0.306451  0.431357
8405 0.585132 0.289749  0.125119
11520 0.167779 0.376259  0.455962
1461 0.507916 0.157575  0.334509
12220 0.371911 0.571062  0.0570273
158 0.274494 0.615858  0.109648
13153 0.138606 0.352936  0.508458
14402 0.111011 0.348556  0.540433
6047 0.318788 0.490233  0.190979
3996 0.856021 0.0610899  0.0828893
13293 0.441472 0.342704  0.215824
948 0.202058 0.435759  0.362183
13289 0.456754 0.339569  0.203676
17687 0.355832 0.381175  0.262993
9696 0.460572 0.34318  0.196248
17142 0.361797 0.012515  0.625688
8489 0.374945 0.131303  0.493752
4597 0.237823 0.266037  0.49614
15841 0.598023 0.271896  0.130081
11077 0.40016 0.285814  0.314025
7530 0.28218 0.421729  0.296091
13494 0.33484 0.0972647  0.567895
15444 0.153867 0.506086  0.340046
10461 0.478984 0.0668329  0.454183
5952 0.425068 0.19238  0.382552
9788 0.12075 0.148925  0.730325
10564 0.107012 0.549711  0.343277
9186 0.268014 0.278141  0.453845
3042 0.415237 0.159899  0.424864
15461 0.241437 0.515788  0.242775
14990 0.589575 0.091782  0.318643
1451 0.37203 0.436861  0.191109
8781 0.36759 0.182141  0.450269
16150 0.632866 0.338525  0.0286089
7984 0.28973 0.527976  0.182293
3497 0.44098 0.117783  0.441237
10521 0.0486705 0.475581  0.475748
4418 0.402215 0.550002  0.0477823
15818 0.465241 0.2387  0.296059
1427 0.304467 0.0184323  0.677101
14891 0.384261 0.455404  0.160334
416 0.172395 0.409064  0.418541
778 0.0983907 0.402535  0.499074
14361 0.101805 0.809128  0.0890667
14200 0.361936 0.433733  0.204331
5187 0.152596 0.0584989  0.788905
6375 0.532345 0.41786  0.0497943
11498 0.44032 0.329322  0.230358
14975 0.436982 0.468516  0.0945022
16600 0.491833 0.231273  0.276894
10859 0.286958 0.505604  0.207439
10174 0.430352 0.489693  0.0799551
3890 0.326934 0.584185  0.0888803
11671 0.204666 0.524044  0.27129
3042 0.460348 0.199811  0.339841
37 0.387302 0.320096  0.292602
347 0.76873 0.169771  0.0614986
16445 0.187828 0.19513  0.617042
9160 0.23798 0.393722  0.368298
1066 0.369656 0.259356  0.370988
8363 0.0243558 0.760345  0.215299
13347 0.322546 0.512012  0.165442
4032 0.609701 0.285777  0.104522
9703 0.617587 0.241877  0.140536
7287 0.241308 0.287513  0.471179
3700 0.313074 0.346185  0.340741
17831 0.5615 0.0594216  0.379079
17285 0.58313 0.02885  0.38802
14402 0.442096 0.140119  0.417785
8433 0.699374 0.0256046  0.275021
12748 0.364666 0.514113  0.121221
7841 0.308147 0.601163  0.09069
16844 0.393815 0.328061  0.278124
2006 0.0202103 0.428822  0.550967
15025 0.174011 0.329136  0.496853
11743 0.0176184 0.479852  0.50253
6346 0.287627 0.558917  0.153456
749 0.711341 0.216353  0.0723058
6551 0.342532 0.333408  0.324061
9484 0.487833 0.3471  0.165067
15595 0.120059 0.0897175  0.790223
12343 0.398229 0.382985  0.218786
11721 0.436073 0.367052  0.196874
10812 0.473823 0.306469  0.219708
1457 0.534331 0.0796793  0.385989
8080 0.692982 0.106177  0.200841
7570 0.341477 0.27658  0.381943
14306 0.0185248 0.0997975  0.881678
4714 0.37319 0.282739  0.344071
2838 0.30247 0.122772  0.574758
10641 0.435834 0.551938  0.0122286
2774 0.318599 0.334347  0.347054
12377 0.435059 0.404084  0.160856
1056 0.380452 0.552237  0.0673114
13018 0.147594 0.773497  0.0789092
3198 0.119187 0.468757  0.412055
9003 0.247487 0.401245  0.351268
8803 0.509709 0.371668  0.118622
14651 0.339851 0.414331  0.245819
2497 0.873671 0.0742087  0.0521206
17680 0.087713 0.6231  0.289187
10331 0.0262802 0.0915279  0.882192
9317 0.800016 0.163131  0.0368532
16129 0.518015 0.240038  0.241948
9218 0.402791 0.129723  0.467485
3957 0.404948 0.0263288  0.568723
11508 0.315882 0.193794  0.490324
7101 0.248145 0.169236  0.582619
1484 0.174077 0.145355  0.680568
4158 0.40677 0.323615  0.269615
1055 0.55487 0.0609207  0.38421
2269 0.950736 0.0214822  0.0277816
8133 0.149181 0.658451  0.192368
1058 0.261568 0.305532  0.432901
3894 0.581856 0.359526  0.058618
11084 0.530337 0.179072  0.290592
12230 0.622949 0.0181317  0.358919
9419 0.347582 0.447737  0.204681
6412 0.420601 0.234501  0.344897
5919 0.375198 0.135727  0.489075
762 0.164786 0.340681  0.494533
12676 0.325616 0.392202  0.282183
16634 0.416316 0.376417  0.207267
3023 0.723926 0.256647  0.0194264
11393 0.419523 0.241139  0.339338
16395 0.461627 0.339628  0.198745
10507 0.466853 0.246145  0.287001
11104 0.282239 0.537182  0.180579
972 0.603027 0.155218  0.241754
14921 0.261324 0.320466  0.41821
3964 0.376778 0.0684045  0.554817
6145 0.379935 0.353203  0.266862
7668 0.228357 0.492903  0.27874
3696 0.421816 0.502624  0.0755596
7462 0.263165 0.34849  0.388345
2821 0.134275 0.669297  0.196428
13327 0.692768 0.260907  0.0463254
14772 0.46117 0.133102  0.405729
8576 0.285109 0.342989  0.371903
11559 0.255671 0.213902  0.530427
11660 0.405986 0.0665307  0.527484
18394 0.0655399 0.815893  0.118568
5743 0.290404 0.404985  0.304611
4473 0.679313 0.0178822  0.302805
8305 0.0633494 0.661171  0.275479
18292 0.362222 0.234265  0.403513
18172 0.360931 0.446531  0.192538
8103 0.49773 0.355407  0.146863
15381 0.100911 0.309349  0.589739
10678 0.386295 0.194188  0.419517
9429 0.504628 0.270956  0.224416
12998 0.077504 0.571134  0.351362
15884 0.346966 0.337056  0.315978
8168 0.271565 0.617756  0.110679
16836 0.181863 0.287125  0.531012
9824 0.34347 0.232051  0.424479
7926 0.161116 0.425583  0.413302
2135 0.35831 0.226788  0.414902
4362 0.19397 0.688653  0.117376
18283 0.315019 0.448139  0.236842
11671 0.388042 0.363613  0.248346
8375 0.366661 0.572168  0.0611708
14775 0.596412 0.280215  0.123373
3897 0.36597 0.168265  0.465765
3009 0.196793 0.281608  0.521599
18200 0.38783 0.514637  0.097533
6341 0.33409 0.493365  0.172545
17661 0.480848 0.251371  0.26778
15447 0.431983 0.314144  0.253873
7968 0.556206 0.32316  0.120634
13229 0.343903 0.28376  0.372337
3809 0.473348 0.454436  0.0722161
7490 0.533464 0.378238  0.0882981
12553 0.00864552 0.546611  0.444744
3262 0.238058 0.341662  0.42028
6392 0.371234 0.35867  0.270096
8094 0.231872 0.52654  0.241588
6266 0.424439 0.31243  0.26313
17812 0.516876 0.274047  0.209076
3315 0.352102 0.212023  0.435875
5418 0.496357 0.185286  0.318357
1701 0.216216 0.421512  0.362272
2842 0.335054 0.349692  0.315254
7727 0.468437 0.357891  0.173672
13308 0.542855 0.165485  0.29166
16678 0.0456792 0.474405  0.479916
6533 0.395664 0.330533  0.273803
931 0.382996 0.101204  0.5158
7313 0.0982309 0.513968  0.387801
9697 0.415669 0.184808  0.399523
6218 0.350258 0.0719788  0.577763
926 0.127598 0.627717  0.244686
403 0.0396884 0.428863  0.531448
3909 0.68893 0.0470504  0.26402
7794 0.381231 0.405439  0.213329
14752 0.303844 0.360484  0.335672
6875 0.0487503 0.486861  0.464388
16336 0.528399 0.207571  0.26403
13262 0.526571 0.392246  0.081183
6147 0.532504 0.439488  0.0280081
13221 0.514671 0.45079  0.0345394
17680 0.421076 0.3084  0.270524
18189 0.00835683 0.426759  0.564884
5931 0.645784 0.327931  0.0262847
4856 0.328509 0.470783  0.200708
7679 0.346462 0.102676  0.550862
12677 0.238032 0.625195  0.136773
11501 0.228342 0.250981  0.520677
8098 0.339696 0.317042  0.343261
2869 0.307837 0.331148  0.361014
4362 0.456644 0.275711  0.267645
6557 0.236132 0.614905  0.148963
8640 0.497009 0.300825  0.202167
6134 0.170473 0.638  0.191527
15510 0.367159 0.488525  0.144316
2825 0.324603 0.173925  0.501472
15906 0.364315 0.364905  0.270779
10307 0.277614 0.23983  0.482556
163 0.073953 0.703799  0.222248
18129 0.322303 0.611537  0.0661598
12885 0.352116 0.179194  0.46869
4215 0.23046 0.53579  0.23375
5583 0.276983 0.499509  0.223508
10617 0.302065 0.642864  0.0550703
12780 0.118647 0.428956  0.452397
11027 0.382532 0.145479  0.471988
15503 0.201203 0.328621  0.470175
15417 0.248323 0.478338  0.273339
8785 0.191951 0.399756  0.408293
8285 0.342569 0.615702  0.0417281
7527 0.247598 0.379685  0.372717
15552 0.0643887 0.437569  0.498042
769 0.25704 0.55814  0.18482
14817 0.197453 0.2997  0.502847
10416 0.741687 0.0695538  0.188759
17525 0.316845 0.398119  0.285036
7770 0.509745 0.473819  0.0164366
1813 0.407459 0.204548  0.387993
13030 0.445337 0.233923  0.32074
9570 0.43857 0.356063  0.205368
14301 0.321506 0.557749  0.120745
15514 0.0811907 0.399372  0.519437
13821 0.144055 0.154777  0.701167
7531 0.474659 0.345729  0.179612
7011 0.343642 0.162351  0.494007
15445 0.472837 0.517789  0.00937362
8871 0.0633937 0.389362  0.547245
6265 0.417622 0.131643  0.450736
6383 0.334566 0.174241  0.491193
3976 0.370668 0.157294  0.472038
6869 0.410891 0.395467  0.193642
9421 0.513936 0.13351  0.352555
5960 0.441628 0.503987  0.0543847
15523 0.436149 0.444664  0.119187
4188 0.411848 0.117557  0.470595
12464 0.129851 0.429176  0.440973
779 0.441893 0.44438  0.113727
6336 0.0943975 0.146823  0.75878
10749 0.36894 0.284332  0.346728
17260 0.251036 0.327648  0.421316
12769 0.419786 0.461653  0.118561
1543 0.334154 0.0255792  0.640267
3695 0.329447 0.284312  0.386241
17720 0.33642 0.110417  0.553163
10829 0.236726 0.393418  0.369855
7593 0.110017 0.226642  0.66334
12186 0.613305 0.226289  0.160405
1263 0.396764 0.449576  0.153661
3449 0.231108 0.406642  0.36225
14963 0.390702 0.311296  0.298002
10949 0.40306 0.291518  0.305422
14683 0.559785 0.371925  0.0682902
15813 0.457313 0.1993  0.343387
11446 0.637075 0.0104148  0.35251
2247 0.461591 0.200953  0.337455
13930 0.439058 0.051776  0.509166
4446 0.350677 0.401957  0.247366
12708 0.295685 0.0818206  0.622494
16497 0.00645622 0.497812  0.495731
8454 0.216605 0.302115  0.48128
1449 0.427398 0.269221  0.303381
2839 0.0936259 0.669524  0.23685
11668 0.0814428 0.479179  0.439378
416 0.240547 0.27425  0.485203
9556 0.770731 0.144386  0.0848831
14488 0.721764 0.207508  0.0707272
12580 0.457338 0.0395461  0.503116
18275 0.047698 0.572218  0.380084
11719 0.155995 0.712664  0.131342
7022 0.0317183 0.645307  0.322974
13155 0.0359315 0.545074  0.418995
17204 0.591144 0.0562386  0.352618
152 0.466777 0.242947  0.290276
5481 0.235555 0.437773  0.326672
14578 0.353371 0.226182  0.420446
3679 0.265847 0.27247  0.461683
9711 0.0456075 0.143937  0.810455
5641 0.377224 0.529148  0.0936281
16464 0.357515 0.302431  0.340055
17791 0.214181 0.32944  0.456379
11708 0.425688 0.496576  0.0777364
3911 0.368049 0.091899  0.540052
18653 0.230317 0.293911  0.475772
267 0.408758 0.406464  0.184778
16196 0.418043 0.0330445  0.548912
11737 0.253688 0.349357  0.396955
4541 0.605393 0.150926  0.243681
4840 0.41712 0.390712  0.192168
6786 0.375592 0.248569  0.375839
13295 0.172446 0.33901  0.488544
11660 0.448288 0.363301  0.18841
5347 0.380999 0.378151  0.24085
9173 0.0684889 0.397104  0.534407
8111 0.288282 0.089726  0.621992
5742 0.0330111 0.552629  0.41436
3957 0.479523 0.04623  0.474247
18528 0.345832 0.428277  0.225891
11521 0.457769 0.461579  0.0806517
8080 0.485137 0.278332  0.236531
16404 0.34374 0.294812  0.361447
9506 0.306307 0.276183  0.41751
7496 0.575436 0.225212  0.199352
11800 0.382614 0.364933  0.252453
3622 0.59468 0.17577  0.22955
12670 0.731125 0.0414671  0.227408
744 0.233679 0.431053  0.335268
11834 0.402723 0.537101  0.0601763
9323 0.457933 0.235887  0.306179
14711 0.413166 0.176216  0.410617
8123 0.522283 0.178656  0.299061
1058 0.34495 0.00858413  0.646466
7871 0.169646 0.451487  0.378867
11843 0.371578 0.274597  0.353825
10071 0.348059 0.387909  0.264032
11739 0.490201 0.462714  0.0470852
10593 0.143598 0.402726  0.453677
12322 0.574651 0.101201  0.324148
6523 0.254119 0.357086  0.388795
7441 0.324076 0.402159  0.273765
6397 0.175528 0.0685829  0.755889
16771 0.636728 0.0236611  0.339611
15910 0.171013 0.69428  0.134707
16434 0.322934 0.0140484  0.663018
753 0.32895 0.548393  0.122658
6512 0.649682 0.27384  0.0764778
6552 0.145109 0.359722  0.49517
18286 0.172524 0.144984  0.682492
10654 0.335406 0.195677  0.468918
6839 0.382622 0.458309  0.159069
5205 0.0668127 0.329761  0.603426
3872 0.296519 0.339768  0.363713
542 0.51704 0.184904  0.298056
10362 0.0355088 0.735201  0.22929
17987 0.496938 0.44175  0.0613123
14646 0.374116 0.46622  0.159664
14848 0.0790808 0.514127  0.406792
8264 0.026828 0.53566  0.437512
17816 0.034212 0.697843  0.267945
10849 0.381175 0.231316  0.387509
10355 0.226416 0.406578  0.367006
2683 0.456495 0.334835  0.20867
11214 0.375253 0.552798  0.071949
1098 0.154343 0.600074  0.245583
3574 0.498013 0.114376  0.387612
8146 0.412907 0.226782  0.360311
3937 0.0760357 0.612869  0.311095
4675 0.380218 0.322871  0.296911
5892 0.0661194 0.123141  0.810739
9775 0.412148 0.392006  0.195846
13080 0.031412 0.617662  0.350926
12899 0.233905 0.508295  0.2578
6688 0.556692 0.425289  0.0180195
11100 0.0648183 0.837605  0.0975769
5504 0.555553 0.0215909  0.422856
1920 0.366578 0.122557  0.510864
14775 0.297011 0.561595  0.141395
8789 0.0332948 0.619535  0.34717
8330 0.300183 0.401907  0.29791
4675 0.916285 0.0606112  0.023104
11110 0.00580256 0.540265  0.453933
3635 0.504954 0.357126  0.13792
5986 0.37605 0.360251  0.263699
9059 0.462204 0.0254274  0.512368
6168 0.440644 0.333282  0.226075
10104 0.593341 0.349394  0.0572655
14668 0.507669 0.141608  0.350723
9444 0.361224 0.204279  0.434497
821 0.0377315 0.434874  0.527395
16084 0.499791 0.363072  0.137137
12862 0.239272 0.34839  0.412337
11857 0.246776 0.365336  0.387889
290 0.25074 0.308072  0.441188
11923 0.022695 0.60007  0.377235
10495 0.364496 0.399758  0.235747
10877 0.440389 0.493172  0.0664393
175 0.447711 0.203207  0.349082
7941 0.244687 0.245864  0.509449
14979 0.503091 0.310083  0.186826
2916 0.589898 0.081601  0.328501
7968 0.437738 0.393146  0.169116
15459 0.526525 0.233741  0.239734
11706 0.547205 0.123327  0.329468
3342 0.736195 0.120216  0.143589
17236 0.0161491 0.643008  0.340843
11946 0.274031 0.364078  0.361891
16291 0.383629 0.257464  0.358907
15563 0.243003 0.607906  0.149092
15695 0.331995 0.2985  0.369505
10915 0.236314 0.234765  0.528922
639 0.192167 0.347756  0.460077
7974 0.445537 0.282083  0.27238
401 0.364494 0.16565  0.469856
8675 0.180474 0.440519  0.379007
5031 0.276321 0.583826  0.139853
7279 0.13752 0.389471  0.473009
8873 0.37274 0.27101  0.356249
13829 0.253708 0.325327  0.420964
3719 0.846339 0.113469  0.0401922
13881 0.28266 0.415762  0.301579
6461 0.244829 0.360695  0.394476
6766 0.153485 0.47059  0.375925
4127 0.703999 0.132745  0.163256
17007 0.0889371 0.351721  0.559342
11961 0.24456 0.391577  0.363862
16563 0.593625 0.17095  0.235425
6799 0.129133 0.290704  0.580163
441 0.505647 0.403519  0.0908337
2435 0.539927 0.0827165  0.377356
1125 0.246542 0.482361  0.271097
11678 0.675458 0.0385548  0.285987
1066 0.103702 0.781885  0.114413
1873 0.418075 0.356716  0.225209
286 0.150649 0.354435  0.494916
971 0.425068 0.117372  0.45756
3880 0.110038 0.359468  0.530494
1374 0.192278 0.354212  0.45351
8166 0.342812 0.308753  0.348436
7733 0.0685533 0.881656  0.0497905
11144 0.022944 0.595782  0.381274
13351 0.470211 0.317204  0.212585
1985 0.0570454 0.467453  0.475502
3898 0.492405 0.242435  0.26516
5030 0.37106 0.0189171  0.610023
1066 0.489936 0.242229  0.267835
13130 0.212249 0.66375  0.124001
17077 0.300758 0.156546  0.542696
6159 0.420406 0.400785  0.178809
2634 0.145875 0.721892  0.132233
16570 0.303283 0.11286  0.583857
1987 0.294181 0.236497  0.469322
445 0.205796 0.117511  0.676693
17216 0.237578 0.288571  0.473851
18050 0.296724 0.524308  0.178968
17324 0.166971 0.416409  0.416621
3662 0.312893 0.628452  0.0586555
90 0.227226 0.381596  0.391177
5563 0.216268 0.263227  0.520505
11805 0.14528 0.414129  0.440591
17674 0.430176 0.255493  0.314331
8283 0.365363 0.117495  0.517142
9540 0.493032 0.112673  0.394294
13666 0.285156 0.240761  0.474083
258 0.0718201 0.476878  0.451302
8788 0.254151 0.403168  0.342681
3021 0.322542 0.0946547  0.582803
5453 0.249624 0.140836  0.60954
11619 0.590968 0.0783387  0.330693
11253 0.382887 0.0463824  0.570731
5024 0.273268 0.176067  0.550664
16024 0.246658 0.266945  0.486397
10005 0.463702 0.462445  0.0738528
14405 0.317151 0.447534  0.235315
14164 0.0994406 0.327843  0.572716
8092 0.134058 0.283744  0.582198
14728 0.490623 0.392337  0.117041
16063 0.152714 0.532796  0.31449
10919 0.275772 0.333076  0.391152
9650 0.153094 0.418731  0.428175
14538 0.53305 0.176263  0.290688
2014 0.257275 0.484239  0.258485
12804 0.40708 0.231526  0.361394
10816 0.482033 0.0106543  0.507312
15714 0.566802 0.309519  0.123679
14885 0.44117 0.405577  0.153252
120 0.248125 0.218182  0.533694
2250 0.372644 0.0585156  0.56884
15944 0.141584 0.578075  0.280341
3697 0.412643 0.200109  0.387248
3818 0.436428 0.353879  0.209693
17549 0.350506 0.306071  0.343422
4731 0.405394 0.270587  0.324019
16733 0.264526 0.133848  0.601626
10366 0.376118 0.389081  0.234801
8046 0.212964 0.444022  0.343014
64 0.50149 0.481428  0.0170824
3895 0.261686 0.250052  0.488262
17655 0.254398 0.366607  0.378995
7702 0.521623 0.144429  0.333949
7291 0.575372 0.302894  0.121734
8133 0.198527 0.322658  0.478815
4025 0.364235 0.325193  0.310572
11654 0.528308 0.0534693  0.418223
4231 0.0787065 0.669792  0.251501
3936 0.0656736 0.541658  0.392668
12523 0.183663 0.402544  0.413793
11737 0.0109981 0.438731  0.550271
2960 0.272649 0.133349  0.594003
12499 0.144052 0.407573  0.448376
11667 0.45046 0.0958548  0.453685
2899 0.25634 0.196801  0.546859
4562 0.33191 0.339158  0.328932
14756 0.371118 0.446822  0.182059
18063 0.71671 0.0408475  0.242443
1046 0.46387 0.365207  0.170923
17688 0.39691 0.361353  0.241736
5206 0.316098 0.226115  0.457787
18134 0.387362 0.282875  0.329763
3196 0.502711 0.261738  0.235551
12760 0.470794 0.185419  0.343787
10173 0.323112 0.269851  0.407037
10102 0.181381 0.193446  0.625173
15878 0.269162 0.330537  0.4003
13349 0.227092 0.508682  0.264226
10865 0.455217 0.52118  0.023603
6012 0.16158 0.363605  0.474815
6459 0.0875044 0.638966  0.27353
14887 0.0895041 0.456341  0.454155
9393 0.294215 0.399864  0.305921
6533 0.338262 0.289104  0.372635
8510 0.195328 0.471904  0.332768
5312 0.170597 0.29004  0.539363
13012 0.16666 0.13145  0.70189
16699 0.230516 0.149229  0.620255
17091 0.720907 0.0580321  0.221061
9670 0.270626 0.110361  0.619012
8381 0.436977 0.320441  0.242581
16326 0.174277 0.74434  0.0813827
9819 0.134003 0.417086  0.448911
3860 0.309118 0.50901  0.181872
3118 0.160766 0.707787  0.131447
3167 0.635342 0.0656205  0.299038
16468 0.22349 0.5008  0.27571
14621 0.257323 0.433617  0.30906
8200 0.414389 0.232935  0.352677
1026 0.214046 0.235832  0.550123
7852 0.471213 0.435544  0.0932435
12609 0.362466 0.298541  0.338993
256 0.213847 0.393044  0.39311
5794 0.395719 0.273821  0.33046
15816 0.0109038 0.342981  0.646115
10664 0.459225 0.261913  0.278862
14908 0.371291 0.210834  0.417875
12604 0.604727 0.292275  0.102998
9371 0.39895 0.268866  0.332184
17105 0.375351 0.384989  0.23966
4272 0.380037 0.319724  0.300239
17676 0.430635 0.121802  0.447563
16395 0.132557 0.577779  0.289663
15754 0.277763 0.165354  0.556883
11110 0.379876 0.289321  0.330804
8146 0.421108 0.340449  0.238442
12431 0.298463 0.335614  0.365923
13264 0.449753 0.287044  0.263202
5605 0.178145 0.420823  0.401032
4288 0.0910104 0.490376  0.418613
17020 0.192953 0.371188  0.435858
4645 0.135253 0.3336  0.531147
10211 0.104967 0.161957  0.733077
3559 0.20278 0.384425  0.412795
16062 0.0393479 0.359312  0.60134
9590 0.475011 0.183526  0.341463
10170 0.252367 0.657943  0.0896905
17816 0.114197 0.510827  0.374976
4584 0.343839 0.628046  0.028114
534 0.281614 0.185336  0.533051
6012 0.264165 0.624841  0.110994
15941 0.366815 0.380152  0.253032
10862 0.296222 0.50329  0.200488
1811 0.383702 0.2513  0.364998
8276 0.400139 0.341318  0.258544
2154 0.506538 0.258456  0.235006
11828 0.260167 0.282418  0.457415
5508 0.61502 0.260515  0.124466
6135 0.410589 0.546517  0.0428939
3112 0.0267472 0.49969  0.473563
11812 0.443323 0.101434  0.455243
14361 0.347247 0.23203  0.420723
6136 0.40632 0.273839  0.319842
10519 0.243284 0.613902  0.142814
8001 0.117426 0.793676  0.0888984
14831 0.341932 0.139608  0.518461
17759 0.450954 0.0853366  0.463709
2987 0.0789823 0.318445  0.602573
16023 0.26873 0.610893  0.120377
12951 0.376727 0.573543  0.0497303
14461 0.397792 0.17214  0.430067
4480 0.250802 0.172151  0.577047
2985 0.395667 0.410198  0.194135
1850 0.331875 0.356145  0.31198
5396 0.20804 0.372608  0.419352
17878 0.318949 0.454383  0.226668
13704 0.519332 0.178516  0.302153
985 0.464572 0.274774  0.260654
3598 0.15127 0.297978  0.550752
2919 0.263829 0.486263  0.249908
6520 0.582873 0.0336516  0.383475
12482 0.567502 0.243399  0.189099
1033 0.509778 0.384008  0.106213
10417 0.488003 0.0905438  0.421453
10823 0.170828 0.211519  0.617653
7823 0.349527 0.42166  0.228813
2782 0.394355 0.262757  0.342888
187 0.592262 0.0761004  0.331637
18375 0.466195 0.0254278  0.508378
4539 0.358299 0.226195  0.415506
6424 0.420808 0.149393  0.429799
6929 0.142849 0.288987  0.568164
1897 0.265231 0.269239  0.46553
11768 0.603098 0.229622  0.16728
8015 0.502976 0.340141  0.156882
107 0.524609 0.29829  0.177102
11812 0.269794 0.285334  0.444872
10166 0.11601 0.369477  0.514513
8473 0.56474 0.265623  0.169637
775 0.253489 0.388881  0.35763
10681 0.621911 0.0428327  0.335256
6907 0.0281063 0.487459  0.484434
2363 0.258268 0.522411  0.219321
14939 0.675039 0.160163  0.164798
12865 0.481314 0.0946275  0.424058
4459 0.406728 0.375599  0.217672
8898 0.316145 0.460552  0.223303
18346 0.320588 0.210585  0.468827
18331 0.320157 0.359418  0.320425
16238 0.172176 0.648983  0.178841
9390 0.382014 0.50189  0.116097
16013 0.558407 0.16732  0.274273
3924 0.695171 0.0429102  0.261919
12439 0.519435 0.145501  0.335064
18150 0.344548 0.523581  0.131871
6714 0.325023 0.352318  0.322659
16625 0.449001 0.162045  0.388953
3061 0.0207206 0.464005  0.515275
14920 0.276655 0.378695  0.34465
15409 0.273069 0.433336  0.293596
8248 0.428791 0.392958  0.178251
8083 0.340026 0.361477  0.298498
7573 0.295535 0.0721468  0.632318
10615 0.309354 0.448662  0.241985
15646 0.322513 0.36798  0.309507
16593 0.321058 0.345747  0.333194
10567 0.388979 0.0842193  0.526802
7974 0.475896 0.158366  0.365737
13730 0.150132 0.345612  0.504256
15715 0.28959 0.26807  0.44234
16861 0.3515 0.43012  0.21838
2202 0.227944 0.31698  0.455076
10168 0.396439 0.393566  0.209995
15851 0.337563 0.125846  0.53659
10126 0.167437 0.640176  0.192386
9147 0.385375 0.212902  0.401722
11628 0.329018 0.307748  0.363234
6164 0.303776 0.432248  0.263976
7635 0.154405 0.433898  0.411697
2046 0.495522 0.0850188  0.419459
3201 0.328974 0.115486  0.555541
2155 0.311846 0.320376  0.367777
10627 0.427951 0.191912  0.380137
3318 0.0602823 0.501546  0.438172
839 0.161842 0.374095  0.464063
11733 0.449682 0.376474  0.173844
5976 0.232083 0.634204  0.133713
5385 0.687981 0.157796  0.154223
12712 0.13895 0.313405  0.547645
10842 0.107076 0.796388  0.0965357
17083 0.32932 0.320902  0.349778
10012 0.512124 0.220927  0.266949
4245 0.104366 0.324818  0.570815
777 0.187118 0.319244  0.493638
9880 0.384852 0.23815  0.376998
9178 0.398982 0.214379  0.386639
9653 0.417231 0.233487  0.349282
12843 0.154505 0.37658  0.468915
7259 0.522497 0.438728  0.0387744
7154 0.305839 0.239969  0.454192
14767 0.350442 0.321218  0.32834
3316 0.23541 0.654326  0.110264
1448 0.438484 0.0164246  0.545091
11125 0.42386 0.133179  0.442961
14838 0.78255 0.173657  0.0437923
2757 0.0733287 0.552222  0.374449
3127 0.223508 0.344608  0.431885
4496 0.323587 0.365618  0.310795
999 0.579414 0.25769  0.162896
1004 0.145279 0.178187  0.676534
17590 0.239052 0.330866  0.430082
2155 0.629254 0.253722  0.117024
3220 0.847941 0.130255  0.0218041
9722 0.475464 0.095768  0.428768
4424 0.530679 0.349841  0.119481
11996 0.449312 0.114799  0.435889
9721 0.0593664 0.764657  0.175976
14601 0.359393 0.479914  0.160694
9638 0.244546 0.344659  0.410796
17254 0.43523 0.465476  0.0992944
4513 0.481454 0.404608  0.113938
14466 0.584402 0.182068  0.23353
12389 0.602944 0.373623  0.0234322
15852 0.069872 0.41885  0.511278
5649 0.0247991 0.611614  0.363587
4195 0.585712 0.144426  0.269863
9680 0.344404 0.327795  0.327801
2923 0.143377 0.191783  0.66484
9819 0.41745 0.214968  0.367581
18532 0.178138 0.760235  0.0616265
8391 0.580384 0.16797  0.251645
6666 0.372932 0.408826  0.218242
17780 0.278732 0.386453  0.334815
7929 0.321925 0.393464  0.284611
2814 0.416137 0.375127  0.208736
13747 0.295914 0.695531  0.00855454
1461 0.440544 0.230898  0.328557
12883 0.440288 0.0565609  0.503151
18298 0.153734 0.30448  0.541785
5722 0.2732 0.35169  0.37511
9494 0.253483 0.384465  0.362051
1162 0.396044 0.225642  0.378313
15606 0.314231 0.340967  0.344802
8298 0.142643 0.292585  0.564772
5885 0.190994 0.28314  0.525866
8822 0.187769 0.519265  0.292966
7355 0.374021 0.430942  0.195037
8319 0.518519 0.233105  0.248376
3188 0.397329 0.330389  0.272282
13188 0.541182 0.167449  0.291369
10136 0.325359 0.394938  0.279703
6179 0.241753 0.244944  0.513303
1093 0.503817 0.297248  0.198935
4195 0.60578 0.0749428  0.319278
10069 0.648321 0.178179  0.1735
2763 0.409946 0.0887167  0.501337
11667 0.322516 0.228114  0.44937
1914 0.191901 0.419456  0.388643
4157 0.471889 0.035425  0.492686
11104 0.522035 0.130973  0.346991
7900 0.0758949 0.340109  0.583996
17706 0.416191 0.360844  0.222965
11056 0.755876 0.170079  0.0740447
12010 0.384637 0.413546  0.201817
13615 0.370827 0.171326  0.457848
15985 0.590335 0.0748118  0.334853
16226 0.474111 0.334533  0.191356
10352 0.590177 0.0680277  0.341795
18341 0.341553 0.180953  0.477494
9771 0.197029 0.245875  0.557096
6611 0.224679 0.460879  0.314442
14760 0.298682 0.144322  0.556996
6543 0.21248 0.636056  0.151464
13071 0.381596 0.00885608  0.609548
3023 0.712589 0.273919  0.0134914
1975 0.175796 0.483248  0.340957
11826 0.673849 0.0358176  0.290333
10899 0.111726 0.817066  0.0712072
6203 0.40796 0.321224  0.270816
14192 0.260764 0.424284  0.314953
7506 0.246069 0.262789  0.491142
4165 0.55772 0.41026  0.0320199
2760 0.452205 0.319878  0.227917
11758 0.218546 0.340789  0.440665
3812 0.307379 0.195492  0.497129
11700 0.00802312 0.451047  0.54093
6490 0.314348 0.293258  0.392394
1922 0.374899 0.120816  0.504285
12302 0.177188 0.0660314  0.756781
4247 0.231666 0.544276  0.224058
15965 0.282869 0.13663  0.580501
16565 0.0627692 0.362126  0.575105
2960 0.0743298 0.120109  0.805561
1160 0.526469 0.447613  0.025918
2986 0.100602 0.703111  0.196287
3981 0.306459 0.212379  0.481162
8777 0.314916 0.59477  0.090314
12658 0.748726 0.165046  0.0862289
856 0.0288178 0.118047  0.853136
10366 0.556631 0.160177  0.283192
6959 0.0122685 0.307798  0.679933
10632 0.304119 0.0855392  0.610341
4433 0.425816 0.509874  0.0643096
14199 0.197367 0.142606  0.660026
16133 0.424868 0.358717  0.216415
17038 0.0971372 0.564943  0.33792
6159 0.156534 0.106723  0.736743
4033 0.388104 0.437801  0.174095
6490 0.211524 0.240019  0.548457
10902 0.486092 0.208453  0.305456
17843 0.455295 0.216424  0.328281
16106 0.398491 0.0236873  0.577822
1930 0.437218 0.0224032  0.540378
17599 0.0373516 0.271008  0.69164
722 0.0824163 0.484668  0.432915
975 0.429709 0.407099  0.163191
11164 0.220954 0.421776  0.357269
14632 0.473582 0.0054508  0.520968
11865 0.692526 0.0103553  0.297119
11884 0.463105 0.484931  0.0519649
8284 0.359932 0.0633669  0.576701
11879 0.214675 0.704574  0.0807514
4808 0.386141 0.204735  0.409124
10602 0.23321 0.0570313  0.709759
5173 0.0297554 0.458566  0.511679
13378 0.6533 0.264068  0.0826318
3553 0.349233 0.280751  0.370016
4276 0.583478 0.216362  0.20016
6129 0.53772 0.22586  0.23642
515 0.0266407 0.527484  0.445875
9284 0.318298 0.596414  0.0852873
11906 0.235498 0.0394003  0.725101
11654 0.195164 0.773341  0.0314948
15363 0.140172 0.540749  0.319079
7575 0.311204 0.239734  0.449062
13373 0.349734 0.547972  0.102294
11684 0.434807 0.156195  0.408998
12663 0.600459 0.0289126  0.370628
11484 0.315616 0.344178  0.340205
1030 0.130158 0.442272  0.42757
14485 0.307639 0.398485  0.293875
1279 0.5095 0.1935  0.297
2996 0.165977 0.396566  0.437457
12766 0.458227 0.3749  0.166874
11619 0.145608 0.529291  0.325101
4728 0.563107 0.348526  0.0883672
6466 0.459542 0.169138  0.371321
6411 0.362139 0.285659  0.352202
7536 0.436604 0.0370616  0.526334
5331 0.149066 0.38059  0.470344
1197 0.570962 0.162527  0.26651
12753 0.46831 0.255665  0.276026
16801 0.271653 0.352573  0.375774
9976 0.182857 0.698296  0.118847
3618 0.214921 0.35381  0.431268
12968 0.440949 0.342653  0.216399
7227 0.364712 0.593772  0.0415161
3902 0.269272 0.352167  0.378561
16136 0.389812 0.405119  0.205069
3517 0.287442 0.507643  0.204915
12802 0.0178665 0.748024  0.234109
8198 0.429347 0.298533  0.27212
12129 0.301156 0.638795  0.0600493
16228 0.205777 0.468291  0.325932
16388 0.0332683 0.442901  0.52383
17235 0.344388 0.321998  0.333615
14158 0.560197 0.42965  0.0101535
10839 0.240553 0.370387  0.389059
14914 0.38411 0.374189  0.241701
4665 0.330274 0.474732  0.194995
6785 0.290198 0.334327  0.375475
11316 0.243244 0.204077  0.552679
773 0.464553 0.298602  0.236845
4018 0.284457 0.548391  0.167152
17775 0.367338 0.347754  0.284908
15347 0.109264 0.341028  0.549707
6357 0.787124 0.0407926  0.172083
1743 0.36755 0.245339  0.387111
15527 0.18128 0.493778  0.324942
17269 0.239249 0.424851  0.3359
1389 0.0421549 0.649337  0.308508
4218 0.423013 0.109483  0.467504
7153 0.125608 0.0903702  0.784022
14899 0.58188 0.205974  0.212146
3809 0.401667 0.436486  0.161847
18170 0.265417 0.646047  0.0885352
9740 0.0887361 0.343306  0.567957
10461 0.275513 0.0748856  0.649602
