6228 0.268399 0.439615  0.291986
6246 0.271353 0.434211  0.294436
160 0.451679 0.208051  0.340269
386 0.327743 0.403918  0.268339
1378 0.574004 0.284711  0.141285
6242 0.372374 0.0314098  0.596217
6230 0.280805 0.242425  0.476771
6229 0.308737 0.290665  0.400598
285 0.495136 0.068293  0.436571
6228 0.116895 0.406239  0.476866
446 0.387938 0.0122377  0.599824
6244 0.130885 0.43666  0.432454
87 0.152421 0.57736  0.27022
6228 0.157429 0.586506  0.256065
257 0.053578 0.474286  0.472136
95 0.524493 0.0796131  0.395894
6227 0.382817 0.298095  0.319088
6195 0.306712 0.31  0.383288
104 0.0154824 0.463742  0.520775
327 0.399183 0.275233  0.325583
6248 0.151937 0.319638  0.528425
110 0.578916 0.23543  0.185654
184 0.300026 0.291253  0.408721
6226 0.530572 0.0370936  0.432335
6251 0.453816 0.46123  0.0849541
86 0.206686 0.262758  0.530557
6239 0.509731 0.287241  0.203028
176 0.162431 0.541987  0.295582
6234 0.224453 0.254688  0.520859
6239 0.121335 0.439643  0.439023
177 0.166112 0.364911  0.468976
6194 0.172994 0.047426  0.77958
160 0.129034 0.399891  0.471075
6242 0.310766 0.406702  0.282532
6249 0.472191 0.143861  0.383949
6232 0.260528 0.353938  0.385534
6238 0.586225 0.242753  0.171022
6251 0.0917978 0.251937  0.656265
6249 0.0331875 0.267432  0.69938
6250 0.210819 0.153298  0.635884
6226 0.186024 0.41258  0.401397
6218 0.43978 0.414785  0.145436
165 0.645762 0.0205418  0.333696
6238 0.0584097 0.511856  0.429734
6233 0.546759 0.0810724  0.372169
181 0.184304 0.443367  0.372329
353 0.481792 0.293323  0.224884
6245 0.162557 0.498029  0.339414
159 0.576375 0.397438  0.0261862
6245 0.101059 0.501634  0.397306
6244 0.6876 0.0235635  0.288837
6251 0.289145 0.349207  0.361648
6239 0.417274 0.202117  0.380609
6247 0.514487 0.0448543  0.440658
6235 0.517668 0.457734  0.0245978
188 0.846667 0.0966807  0.0566521
6247 0.312385 0.593185  0.0944301
6250 0.200634 0.615625  0.183742
6242 0.344348 0.268349  0.387303
6242 0.203663 0.458456  0.337881
6194 0.188838 0.382639  0.428524
6233 0.296466 0.651874  0.0516593
133 0.268581 0.249273  0.482146
177 0.540695 0.0611831  0.398122
6245 0.298716 0.316977  0.384308
6249 0.158218 0.457765  0.384017
358 0.378899 0.189411  0.43169
6234 0.115325 0.109676  0.774999
6233 0.249274 0.297629  0.453097
6236 0.399351 0.203375  0.397274
6249 0.371338 0.224753  0.403909
6229 0.0575133 0.0999514  0.842535
6229 0.127395 0.608238  0.264367
118 0.0384989 0.417528  0.543973
159 0.163904 0.443556  0.392541
6239 0.276201 0.479667  0.244133
6239 0.306664 0.141744  0.551592
6242 0.0504199 0.424121  0.525459
6004 0.253569 0.423852  0.322579
464 0.0904599 0.665297  0.244243
410 0.296852 0.0156784  0.687469
67 0.279646 0.518733  0.201621
6251 0.275678 0.384796  0.339526
6247 0.264034 0.214619  0.521347
6247 0.220216 0.38769  0.392095
673 0.191222 0.154468  0.65431
6230 0.1559 0.730609  0.113491
6249 0.377784 0.408735  0.213481
179 0.100404 0.155105  0.744491
6247 0.320172 0.415771  0.264057
6239 0.267747 0.709192  0.0230613
6226 0.370203 0.264278  0.365519
6239 0.0196799 0.253628  0.726692
6230 0.309206 0.357786  0.333008
391 0.318902 0.570329  0.110769
6239 0.263154 0.659364  0.077482
6246 0.371913 0.364811  0.263276
6249 0.499863 0.455209  0.0449283
6228 0.232804 0.463777  0.303419
317 0.275741 0.678303  0.0459558
389 0.266528 0.436443  0.297029
117 0.5205 0.119071  0.360429
6232 0.429254 0.139291  0.431455
180 0.415608 0.509265  0.0751269
6231 0.400796 0.377953  0.221251
6132 0.653526 0.270366  0.0761081
64 0.344723 0.364217  0.29106
6241 0.368829 0.316794  0.314377
6234 0.757858 0.0097688  0.232373
185 0.191665 0.404195  0.40414
6247 0.525805 0.182837  0.291358
6247 0.296477 0.214826  0.488696
6195 0.392154 0.445068  0.162778
343 0.264219 0.58012  0.155661
6195 0.352564 0.329552  0.317884
6238 0.195326 0.252118  0.552556
6195 0.477705 0.186765  0.33553
6226 0.717005 0.216166  0.0668292
465 0.282668 0.304662  0.412671
672 0.0554104 0.127375  0.817215
6244 0.137877 0.378716  0.483408
6228 0.67195 0.145746  0.182305
6195 0.182359 0.07204  0.745601
326 0.362951 0.429148  0.2079
6194 0.463063 0.221396  0.315541
6229 0.479528 0.139562  0.38091
118 0.5361 0.178408  0.285491
6232 0.0510045 0.53072  0.418276
6227 0.338262 0.207771  0.453967
174 0.387622 0.386541  0.225837
6242 0.273925 0.537493  0.188582
6251 0.41375 0.346947  0.239303
6238 0.6736 0.29537  0.0310305
6249 0.381275 0.219406  0.399319
6243 0.351062 0.361023  0.287916
6251 0.391008 0.356152  0.25284
6231 0.381264 0.370227  0.248509
257 0.692853 0.20596  0.101187
6195 0.521599 0.0625908  0.41581
6229 0.0128655 0.492751  0.494384
6245 0.396307 0.182269  0.421424
6232 0.211306 0.473868  0.314826
6228 0.677723 0.133411  0.188866
6239 0.468008 0.495685  0.0363066
6250 0.130359 0.474896  0.394745
6246 0.0197492 0.128312  0.851938
259 0.295196 0.0355814  0.669223
6226 0.376297 0.375666  0.248037
141 0.142047 0.273314  0.584639
6233 0.33291 0.246489  0.420601
6194 0.849151 0.0135232  0.137326
115 0.34943 0.561114  0.0894559
182 0.417534 0.250408  0.332057
6235 0.0294712 0.051701  0.918828
188 0.313525 0.330448  0.356028
6231 0.670713 0.143021  0.186265
6228 0.142743 0.634361  0.222896
6233 0.614707 0.362517  0.0227767
6246 0.205384 0.447504  0.347112
12 0.761572 0.202645  0.0357829
6233 0.328731 0.17603  0.49524
6209 0.53919 0.125385  0.335425
6231 0.441235 0.205875  0.35289
139 0.177041 0.507929  0.31503
178 0.263327 0.309509  0.427164
573 0.198999 0.22695  0.574051
6246 0.431119 0.420123  0.148758
350 0.769933 0.205246  0.0248214
127 0.423957 0.166148  0.409895
6247 0.51013 0.266741  0.223129
6246 0.688681 0.118391  0.192927
89 0.30386 0.492016  0.204124
6235 0.434975 0.134895  0.43013
86 0.190333 0.329372  0.480295
320 0.0837975 0.486181  0.430022
479 0.405834 0.40746  0.186705
6236 0.150274 0.57585  0.273876
6195 0.691579 0.138153  0.170269
283 0.421931 0.217989  0.36008
6241 0.140058 0.431597  0.428345
78 0.194792 0.114192  0.691016
6248 0.282697 0.357105  0.360198
187 0.226242 0.385139  0.388619
6243 0.436229 0.360037  0.203734
6226 0.361508 0.353107  0.285386
6228 0.173307 0.330681  0.496012
674 0.114646 0.683171  0.202182
6238 0.264906 0.321792  0.413302
6238 0.00956268 0.487309  0.503129
131 0.215471 0.323147  0.461382
6150 0.00951275 0.549623  0.440865
88 0.0531986 0.719971  0.22683
6228 0.576202 0.0336907  0.390107
6248 0.358978 0.26648  0.374542
6250 0.415772 0.160022  0.424205
361 0.492352 0.0994304  0.408217
6229 0.156671 0.375073  0.468257
6227 0.534592 0.130532  0.334876
6194 0.438523 0.200406  0.36107
261 0.468854 0.235922  0.295224
143 0.183114 0.411109  0.405776
104 0.331691 0.40583  0.262479
191 0.187956 0.440756  0.371288
6243 0.47985 0.333932  0.186218
220 0.181004 0.386867  0.432129
344 0.227277 0.16007  0.612653
88 0.300843 0.199181  0.499975
6242 0.352513 0.292574  0.354913
6244 0.114513 0.501785  0.383702
394 0.115427 0.336443  0.54813
136 0.128081 0.50269  0.369229
6244 0.0699607 0.407675  0.522365
6001 0.0542807 0.537002  0.408718
6229 0.222673 0.269896  0.507431
6244 0.555891 0.399532  0.044577
649 0.267465 0.497081  0.235454
6248 0.489963 0.253723  0.256314
6257 0.505343 0.297872  0.196785
125 0.675266 0.290051  0.0346833
94 0.222611 0.512321  0.265068
2899 0.463068 0.481769  0.0551629
128 0.360195 0.0124079  0.627397
6250 0.642274 0.218689  0.139036
61 0.393981 0.241488  0.36453
6241 0.0182627 0.801999  0.179738
6194 0.472938 0.220749  0.306313
6248 0.351866 0.331894  0.31624
583 0.21772 0.576449  0.205831
6194 0.0792405 0.609625  0.311134
6238 0.302167 0.61495  0.0828827
139 0.543909 0.398817  0.0572734
6251 0.226961 0.553013  0.220026
6242 0.452317 0.430155  0.117528
6227 0.350124 0.34103  0.308846
6244 0.202381 0.239082  0.558537
6248 0.230501 0.271302  0.498198
150 0.197314 0.464995  0.337691
6234 0.0190497 0.568539  0.412411
6234 0.302557 0.400286  0.297157
6243 0.397912 0.527465  0.0746232
6235 0.237011 0.429691  0.333298
6233 0.308219 0.347215  0.344566
69 0.342107 0.153814  0.504079
126 0.44124 0.403264  0.155496
584 0.122439 0.433553  0.444007
83 0.396133 0.499258  0.10461
6238 0.122315 0.56446  0.313225
6194 0.576736 0.0341429  0.389121
6244 0.686459 0.128383  0.185158
66 0.466484 0.316163  0.217353
6195 0.294078 0.584157  0.121765
6229 0.76671 0.114021  0.119269
459 0.285033 0.407578  0.307389
6220 0.137478 0.309269  0.553253
6248 0.684741 0.0450477  0.270212
6230 0.420703 0.270962  0.308335
6243 0.0694821 0.470335  0.460183
102 0.188123 0.267497  0.54438
670 0.459366 0.0897436  0.45089
80 0.0452747 0.270282  0.684443
6195 0.431783 0.497505  0.0707118
6240 0.269293 0.438438  0.292269
6233 0.242094 0.235384  0.522523
6248 0.338405 0.343984  0.317611
6251 0.389731 0.246291  0.363978
6245 0.44002 0.356543  0.203437
6249 0.267372 0.568549  0.16408
6239 0.509875 0.418973  0.0711515
433 0.116544 0.483737  0.39972
6232 0.312207 0.272622  0.415171
247 0.438509 0.476694  0.0847974
398 0.546847 0.259625  0.193528
637 0.0653037 0.377351  0.557346
6242 0.30489 0.0997994  0.595311
565 0.339889 0.409178  0.250933
6195 0.370417 0.241925  0.387658
6247 0.445247 0.346901  0.207852
6229 0.413574 0.369982  0.216444
6236 0.194296 0.617401  0.188303
6195 0.347208 0.344948  0.307843
692 0.506949 0.0440908  0.44896
6242 0.254345 0.0315756  0.714079
6240 0.44462 0.544846  0.0105339
6232 0.14516 0.392606  0.462233
6226 0.386022 0.324822  0.289156
185 0.0123177 0.530422  0.45726
6233 0.36313 0.319059  0.317811
116 0.542436 0.369289  0.0882748
6248 0.30473 0.381328  0.313942
158 0.149867 0.493446  0.356688
6248 0.322639 0.245697  0.431664
105 0.380871 0.314861  0.304268
6245 0.153323 0.0603187  0.786359
114 0.1196 0.352487  0.527913
66 0.266342 0.22937  0.504289
6247 0.55455 0.144374  0.301075
6229 0.552112 0.280674  0.167214
375 0.243131 0.564356  0.192512
6242 0.136172 0.848605  0.0152223
6242 0.159256 0.584846  0.255898
6234 0.445684 0.212537  0.341779
6248 0.440654 0.216544  0.342802
6223 0.38631 0.282025  0.331665
6231 0.0554075 0.831804  0.112788
6242 0.413195 0.311088  0.275718
6234 0.164794 0.447645  0.387561
6228 0.47665 0.00729465  0.516055
337 0.393687 0.200432  0.405881
679 0.469598 0.149079  0.381323
57 0.0451888 0.619745  0.335067
6228 0.591998 0.234086  0.173916
116 0.169817 0.238947  0.591236
652 0.47036 0.33699  0.19265
6248 0.265162 0.588854  0.145984
6234 0.300695 0.0427392  0.656566
6239 0.308632 0.282223  0.409146
6240 0.369989 0.449866  0.180145
6248 0.325254 0.285224  0.389521
111 0.549525 0.0904407  0.360034
95 0.264851 0.413205  0.321944
6250 0.434548 0.42167  0.143781
6236 0.1331 0.570454  0.296446
6230 0.347437 0.457128  0.195435
6195 0.255228 0.290373  0.454399
133 0.38297 0.413455  0.203575
6056 0.331436 0.319568  0.348996
6251 0.188191 0.667761  0.144048
6238 0.283121 0.442495  0.274384
6240 0.176098 0.425772  0.39813
6235 0.200788 0.340128  0.459084
128 0.443939 0.437621  0.11844
432 0.381764 0.0451173  0.573119
6248 0.430383 0.537333  0.0322846
6247 0.658755 0.0724884  0.268756
79 0.294053 0.597707  0.108241
6228 0.0956305 0.273237  0.631133
140 0.389102 0.55582  0.0550779
6244 0.3589 0.257584  0.383517
6247 0.298981 0.368447  0.332573
6249 0.421559 0.365686  0.212755
6229 0.0836848 0.464085  0.45223
6234 0.427447 0.185566  0.386987
6247 0.305957 0.288495  0.405548
6230 0.453388 0.0653413  0.481271
6250 0.040415 0.794334  0.165251
6251 0.175213 0.406237  0.418549
6246 0.430254 0.329875  0.23987
6238 0.702408 0.0077299  0.289862
6239 0.232605 0.136163  0.631233
6241 0.433909 0.325267  0.240824
6250 0.195092 0.471368  0.33354
154 0.626197 0.113545  0.260257
93 0.299147 0.137497  0.563355
6194 0.459928 0.124031  0.416042
6232 0.253726 0.221398  0.524877
6239 0.676623 0.111506  0.211872
153 0.418045 0.544584  0.0373706
6194 0.412405 0.290326  0.297269
332 0.390194 0.0555442  0.554261
153 0.503381 0.272698  0.223921
64 0.15028 0.499657  0.350064
6242 0.435952 0.319134  0.244914
379 0.570256 0.312393  0.117351
6184 0.323745 0.246678  0.429577
6231 0.275922 0.297502  0.426576
6243 0.144136 0.424628  0.431236
6230 0.0157732 0.210364  0.773863
6249 0.328041 0.330495  0.341463
6251 0.313911 0.173772  0.512317
6250 0.305196 0.31912  0.375684
379 0.0716804 0.680484  0.247835
6251 0.156683 0.363282  0.480034
234 0.0996154 0.690052  0.210333
6251 0.390005 0.428861  0.181134
6249 0.225568 0.43314  0.341292
6237 0.430517 0.296838  0.272644
6195 0.118362 0.559093  0.322545
6235 0.0473754 0.585963  0.366661
6248 0.158689 0.565764  0.275547
6241 0.434009 0.470535  0.0954554
6231 0.282174 0.441967  0.275859
69 0.471704 0.1105  0.417796
56 0.379463 0.371101  0.249435
6235 0.330896 0.262435  0.406669
6229 0.247408 0.369076  0.383516
6194 0.509789 0.187558  0.302653
265 0.643074 0.191796  0.16513
395 0.347307 0.0239999  0.628693
6235 0.275273 0.511107  0.213621
6235 0.0890501 0.0632432  0.847707
6238 0.24989 0.426575  0.323535
6229 0.238785 0.583295  0.17792
64 0.12452 0.385038  0.490442
6235 0.0921999 0.420208  0.487592
6237 0.332381 0.264079  0.403539
471 0.462717 0.31878  0.218503
6195 0.508394 0.36308  0.128526
6251 0.306173 0.382313  0.311514
434 0.507611 0.305188  0.187201
6246 0.615491 0.209014  0.175495
6244 0.0621969 0.273457  0.664346
79 0.353594 0.216562  0.429844
103 0.214491 0.293946  0.491563
6228 0.0573803 0.490341  0.452279
71 0.51587 0.460647  0.0234827
6201 0.373055 0.58565  0.0412947
187 0.388249 0.185489  0.426262
672 0.43186 0.40965  0.158489
138 0.136039 0.28651  0.577451
6249 0.576537 0.15345  0.270012
6245 0.0358481 0.546455  0.417697
6251 0.630013 0.295075  0.0749114
6242 0.103979 0.0918105  0.80421
564 0.207988 0.520096  0.271915
154 0.488783 0.310837  0.20038
6235 0.703722 0.218098  0.0781799
6229 0.495552 0.0175694  0.486879
175 0.372549 0.217917  0.409534
6231 0.0548655 0.370618  0.574517
6240 0.169417 0.306322  0.52426
109 0.129024 0.591144  0.279832
6012 0.45883 0.20005  0.34112
6243 0.578698 0.381631  0.0396711
6242 0.119417 0.498342  0.382241
141 0.458782 0.32874  0.212478
6248 0.317306 0.328541  0.354154
6240 0.431987 0.0818132  0.4862
6244 0.436897 0.242473  0.32063
6228 0.533689 0.324243  0.142068
402 0.399427 0.163705  0.436868
4 0.366323 0.331647  0.30203
6245 0.225126 0.667417  0.107457
6247 0.410191 0.560311  0.0294979
6235 0.248601 0.503518  0.247882
6242 0.127697 0.265293  0.60701
6178 0.30547 0.445497  0.249033
273 0.442595 0.433559  0.123846
6110 0.138787 0.699423  0.16179
6228 0.373365 0.414195  0.21244
6245 0.561743 0.274094  0.164163
82 0.409832 0.377666  0.212502
6229 0.415009 0.280424  0.304568
130 0.357561 0.24186  0.400579
6230 0.0834684 0.792256  0.124275
6243 0.299748 0.294837  0.405415
6244 0.136909 0.114431  0.74866
164 0.472284 0.478901  0.0488149
6130 0.445346 0.186373  0.368281
6249 0.0298922 0.463766  0.506342
6250 0.113498 0.457022  0.42948
180 0.136823 0.215004  0.648174
6251 0.400017 0.180685  0.419298
6227 0.177941 0.526318  0.295741
104 0.376734 0.227792  0.395474
6236 0.322098 0.507404  0.170498
6234 0.0360038 0.420383  0.543613
6195 0.35163 0.119809  0.528561
6248 0.480434 0.223943  0.295623
6234 0.235269 0.503994  0.260737
367 0.326834 0.421731  0.251434
6243 0.428849 0.248201  0.32295
383 0.283196 0.577075  0.139729
6233 0.399161 0.418989  0.181851
129 0.247242 0.0475196  0.705238
70 0.179288 0.336187  0.484525
177 0.330495 0.5054  0.164104
6241 0.390935 0.225252  0.383813
6228 0.221224 0.393856  0.38492
6229 0.411104 0.517262  0.0716333
6194 0.410264 0.423149  0.166587
6194 0.19404 0.498508  0.307451
6249 0.346334 0.42644  0.227227
6238 0.312644 0.204486  0.48287
110 0.0581526 0.52246  0.419387
6194 0.49052 0.372251  0.137229
84 0.585478 0.116994  0.297528
86 0.234426 0.380669  0.384905
6195 0.84752 0.106175  0.0463054
6195 0.123206 0.417849  0.458945
6230 0.0623331 0.214386  0.723281
6251 0.436852 0.180041  0.383106
6249 0.448696 0.217815  0.333489
117 0.554599 0.434426  0.0109746
6238 0.123633 0.481098  0.395269
155 0.415865 0.0385011  0.545634
6235 0.362842 0.118608  0.51855
6239 0.0877912 0.352001  0.560208
329 0.172827 0.223696  0.603476
676 0.427212 0.0457006  0.527087
153 0.258272 0.51338  0.228348
143 0.220273 0.260259  0.519468
188 0.123151 0.38676  0.490089
6258 0.351825 0.257768  0.390407
6227 0.426941 0.363651  0.209408
143 0.0300311 0.485318  0.484651
111 0.0675179 0.441607  0.490875
6228 0.271087 0.163797  0.565116
523 0.00994336 0.634931  0.355126
187 0.0732574 0.486895  0.439848
105 0.0462162 0.0975166  0.856267
6245 0.421041 0.306922  0.272037
6241 0.0600462 0.306505  0.633449
542 0.386824 0.170663  0.442513
392 0.284836 0.503793  0.211371
6248 0.219343 0.493251  0.287406
6228 0.229065 0.314783  0.456153
295 0.0701872 0.421422  0.508391
6236 0.469967 0.523194  0.00683897
6232 0.469303 0.377562  0.153135
6194 0.155271 0.629559  0.21517
6242 0.343104 0.541831  0.115065
6226 0.506813 0.407633  0.0855536
272 0.227931 0.735866  0.0362029
6238 0.548082 0.389072  0.062846
6020 0.338258 0.279467  0.382275
6229 0.310207 0.182551  0.507243
6228 0.426912 0.124956  0.448131
6238 0.304903 0.395795  0.299301
6195 0.0979945 0.400098  0.501907
269 0.311486 0.45981  0.228704
6229 0.41623 0.351692  0.232078
6228 0.365289 0.168633  0.466078
532 0.025408 0.414389  0.560203
6194 0.529756 0.301575  0.168669
6179 0.399482 0.553057  0.0474613
6240 0.655575 0.220725  0.1237
6128 0.58642 0.3852  0.0283801
6194 0.313136 0.31505  0.371813
6234 0.545466 0.0673147  0.387219
109 0.896197 0.0396441  0.0641594
6249 0.492894 0.135165  0.371941
6251 0.49573 0.113926  0.390344
6250 0.4894 0.216281  0.294318
6195 0.402795 0.327814  0.269391
118 0.135936 0.0200874  0.843977
6243 0.23828 0.145328  0.616392
6229 0.36768 0.371642  0.260679
176 0.355729 0.282588  0.361683
6248 0.743455 0.199349  0.0571951
6228 0.22559 0.117233  0.657177
6245 0.114117 0.501841  0.384042
341 0.837554 0.0820218  0.0804241
93 0.498191 0.397991  0.103818
6227 0.166387 0.72456  0.109053
432 0.256646 0.18139  0.561964
694 0.294887 0.261408  0.443705
67 0.401547 0.133946  0.464507
6042 0.419657 0.244249  0.336094
6245 0.291499 0.466992  0.241509
6244 0.423826 0.371533  0.204641
378 0.303064 0.213815  0.483121
6250 0.350188 0.338408  0.311404
6229 0.366667 0.251907  0.381426
6222 0.298764 0.307662  0.393574
705 0.288876 0.463176  0.247949
157 0.101765 0.458155  0.44008
6231 0.373465 0.335572  0.290962
6166 0.460611 0.0883673  0.451021
6239 0.44259 0.277462  0.279947
719 0.239249 0.319848  0.440903
6234 0.120036 0.351656  0.528308
329 0.421255 0.160728  0.418017
6246 0.410137 0.194658  0.395204
6250 0.11205 0.630021  0.257929
6229 0.491453 0.394277  0.11427
6242 0.588933 0.398961  0.0121056
6248 0.428773 0.448321  0.122906
6234 0.298262 0.331919  0.369819
664 0.214719 0.0437509  0.74153
467 0.331683 0.48191  0.186407
153 0.263371 0.0574093  0.67922
54 0.749488 0.0965452  0.153966
6194 0.595167 0.0597194  0.345114
448 0.474637 0.0781025  0.447261
694 0.516296 0.36845  0.115254
153 0.121206 0.483045  0.395749
6228 0.396692 0.169093  0.434215
6250 0.36019 0.274726  0.365084
6243 0.190198 0.602625  0.207178
6235 0.474604 0.242241  0.283154
6251 0.347493 0.496792  0.155715
6247 0.639881 0.145817  0.214302
380 0.183763 0.761382  0.054855
6247 0.312799 0.327177  0.360024
6242 0.349938 0.373609  0.276452
6226 0.728665 0.25955  0.0117858
443 0.457467 0.188062  0.35447
6239 0.0806748 0.523801  0.395524
177 0.237199 0.391998  0.370803
6242 0.36621 0.378137  0.255653
6245 0.150283 0.388091  0.461627
136 0.311542 0.371371  0.317087
6195 0.287456 0.331024  0.38152
6234 0.266233 0.461246  0.27252
107 0.180429 0.201273  0.618298
6249 0.602999 0.161068  0.235932
6242 0.449674 0.195507  0.354819
264 0.492009 0.101199  0.406792
6246 0.598837 0.371386  0.0297772
6246 0.328294 0.381155  0.290551
6243 0.196612 0.563477  0.239911
154 0.368068 0.116286  0.515647
91 0.330506 0.458722  0.210771
6251 0.175752 0.713849  0.110398
68 0.459905 0.351014  0.189081
6244 0.46479 0.40199  0.13322
533 0.104853 0.879276  0.0158707
6233 0.0649008 0.75599  0.179109
6245 0.608177 0.0440093  0.347813
6232 0.650655 0.130938  0.218407
6243 0.416874 0.423241  0.159885
6234 0.329768 0.381261  0.288971
6022 0.051542 0.584547  0.363911
455 0.580756 0.182723  0.236521
6251 0.397909 0.448705  0.153385
6245 0.153349 0.765555  0.0810961
80 0.433657 0.133857  0.432487
179 0.299593 0.469372  0.231036
6248 0.290776 0.68385  0.0253736
6178 0.39995 0.169658  0.430392
6245 0.536943 0.413346  0.0497118
131 0.255777 0.359277  0.384946
6234 0.387508 0.194019  0.418473
103 0.65921 0.0452219  0.295568
6228 0.158694 0.408251  0.433055
337 0.444382 0.293728  0.26189
6234 0.248473 0.453231  0.298296
392 0.305102 0.440172  0.254726
103 0.550151 0.0130289  0.43682
318 0.218994 0.299075  0.48193
85 0.388025 0.176505  0.43547
6194 0.463322 0.351696  0.184982
6231 0.506353 0.331906  0.161741
615 0.518066 0.233279  0.248655
6241 0.262453 0.401968  0.335579
88 0.329137 0.341822  0.329041
80 0.385625 0.505935  0.108441
373 0.227786 0.444013  0.328201
191 0.261451 0.37845  0.360099
6241 0.537224 0.0640631  0.398713
6230 0.38895 0.396916  0.214134
6246 0.54565 0.235372  0.218978
6228 0.426459 0.359735  0.213805
6234 0.424777 0.309421  0.265802
6229 0.509925 0.396548  0.0935268
6194 0.199419 0.607681  0.1929
103 0.395848 0.162751  0.441401
281 0.380259 0.246665  0.373076
6232 0.177817 0.331524  0.490658
6244 0.481629 0.263739  0.254632
576 0.648475 0.292556  0.0589684
6251 0.175578 0.250342  0.57408
6236 0.451774 0.185376  0.362851
525 0.0132864 0.367859  0.618855
6249 0.620031 0.0542799  0.325689
60 0.147883 0.392841  0.459276
6195 0.56689 0.159206  0.273904
6244 0.680901 0.13816  0.180939
94 0.225489 0.651184  0.123327
164 0.51154 0.296591  0.191869
118 0.237313 0.484773  0.277914
108 0.236492 0.300741  0.462767
137 0.120123 0.55833  0.321547
6232 0.579371 0.0702888  0.350341
6242 0.406117 0.405699  0.188183
139 0.306488 0.19866  0.494852
130 0.703024 0.132918  0.164058
6251 0.358643 0.224026  0.417331
6194 0.571293 0.114157  0.314549
6245 0.12718 0.41488  0.45794
6233 0.663722 0.278046  0.0582328
6232 0.180401 0.425515  0.394083
157 0.174953 0.289592  0.535455
61 0.560026 0.120231  0.319743
6195 0.382934 0.315419  0.301647
6190 0.0655998 0.683562  0.250838
91 0.359512 0.433211  0.207277
6230 0.294424 0.11833  0.587246
6072 0.332493 0.319014  0.348493
6228 0.0833435 0.426028  0.490628
6235 0.250148 0.452581  0.29727
269 0.203694 0.10745  0.688856
79 0.928565 0.0273734  0.0440617
6248 0.302107 0.113643  0.58425
573 0.212462 0.438582  0.348956
6244 0.556053 0.0672586  0.376689
183 0.432932 0.236327  0.330741
6228 0.558802 0.269069  0.172129
6251 0.297199 0.228193  0.474608
6243 0.170694 0.300962  0.528344
6195 0.126934 0.221394  0.651672
6243 0.211962 0.407711  0.380327
459 0.0346718 0.746306  0.219022
406 0.584133 0.075301  0.340566
152 0.404649 0.254149  0.341202
154 0.308936 0.311079  0.379985
582 0.246043 0.706966  0.0469916
6241 0.0551523 0.392412  0.552436
6245 0.386514 0.392658  0.220828
6244 0.406313 0.0734242  0.520263
6195 0.307583 0.426351  0.266067
585 0.354247 0.546862  0.0988917
113 0.41143 0.271851  0.316719
6230 0.658839 0.217955  0.123206
80 0.348742 0.544115  0.107143
4171 0.367701 0.166851  0.465448
6247 0.0109141 0.665913  0.323173
645 0.411885 0.497846  0.0902694
286 0.414229 0.0251905  0.560581
6229 0.256504 0.524511  0.218985
6194 0.101371 0.728641  0.169987
189 0.0999741 0.3951  0.504926
6187 0.373612 0.303483  0.322905
6227 0.217482 0.468993  0.313524
6195 0.135717 0.336796  0.527487
6236 0.329499 0.544628  0.125873
6241 0.314464 0.262557  0.422979
58 0.600493 0.380025  0.0194818
6227 0.323373 0.169097  0.50753
107 0.404866 0.376395  0.218738
6234 0.346214 0.397159  0.256627
6242 0.502723 0.459251  0.0380258
78 0.390486 0.2425  0.367013
6228 0.0976751 0.415521  0.486804
6245 0.330683 0.290689  0.378628
6251 0.425388 0.289174  0.285438
682 0.336371 0.395899  0.267729
6244 0.0537389 0.529696  0.416565
83 0.0440984 0.491654  0.464248
6228 0.205629 0.282562  0.511808
6245 0.449518 0.52036  0.0301223
175 0.28359 0.321968  0.394442
6228 0.535613 0.331489  0.132897
6247 0.316344 0.439893  0.243763
333 0.143827 0.421101  0.435072
6240 0.20719 0.266481  0.526329
377 0.676559 0.161703  0.161738
6195 0.65061 0.0199717  0.329419
6238 0.481773 0.327396  0.190831
6245 0.600412 0.31763  0.0819578
6258 0.388411 0.177381  0.434208
6244 0.48615 0.194463  0.319386
463 0.475096 0.169921  0.354983
6194 0.591258 0.0762395  0.332502
6234 0.630859 0.114148  0.254994
6248 0.257502 0.366468  0.37603
6243 0.429578 0.316726  0.253696
6250 0.418422 0.272078  0.3095
6240 0.161326 0.741183  0.0974909
6233 0.191603 0.336334  0.472063
61 0.257939 0.552126  0.189935
6237 0.12438 0.672825  0.202795
6228 0.367882 0.159034  0.473085
6244 0.366803 0.486696  0.146501
90 0.420115 0.253681  0.326205
6195 0.352272 0.453426  0.194302
266 0.363555 0.418742  0.217703
69 0.369273 0.207589  0.423138
6250 0.52987 0.147661  0.322469
340 0.483939 0.1818  0.334261
166 0.567913 0.297018  0.135068
467 0.427895 0.0261706  0.545934
407 0.60159 0.0267077  0.371702
6241 0.537243 0.214589  0.248168
6248 0.143741 0.517558  0.338701
6245 0.416493 0.276751  0.306755
387 0.284069 0.440844  0.275086
105 0.652792 0.0822345  0.264974
6195 0.419646 0.564457  0.0158974
682 0.599008 0.390138  0.0108546
166 0.197295 0.175814  0.626891
6184 0.339159 0.495514  0.165328
6228 0.184061 0.676176  0.139763
6246 0.795408 0.0466124  0.157979
6230 0.706498 0.140501  0.153001
6247 0.639791 0.166145  0.194064
6229 0.58095 0.248024  0.171026
6195 0.32858 0.392887  0.278534
6248 0.387849 0.216354  0.395797
91 0.414804 0.221429  0.363766
6249 0.385569 0.159789  0.454642
6245 0.46838 0.187956  0.343664
117 0.322678 0.32916  0.348162
6239 0.526528 0.285362  0.18811
113 0.405968 0.438083  0.155949
6235 0.624126 0.341218  0.0346564
6229 0.219836 0.52534  0.254825
6227 0.426006 0.412057  0.161937
620 0.530709 0.259599  0.209692
6228 0.378122 0.256162  0.365716
6246 0.483588 0.25529  0.261123
6242 0.438167 0.259509  0.302324
6000 0.446794 0.186527  0.36668
6245 0.0141722 0.774023  0.211804
6101 0.45865 0.433225  0.108125
164 0.364395 0.209698  0.425907
6229 0.275761 0.156661  0.567578
453 0.384554 0.3626  0.252846
6243 0.220654 0.408289  0.371056
6246 0.32956 0.387167  0.283273
6195 0.288142 0.213446  0.498412
63 0.498174 0.0774007  0.424425
6244 0.4836 0.0957085  0.420691
139 0.148643 0.790648  0.0607097
157 0.482807 0.279211  0.237982
401 0.442202 0.378912  0.178886
6242 0.623027 0.307972  0.0690016
6228 0.260569 0.373118  0.366313
6235 0.35487 0.430012  0.215118
6251 0.36384 0.493284  0.142876
6248 0.326425 0.394599  0.278976
91 0.088726 0.317637  0.593637
6232 0.356491 0.469603  0.173907
6238 0.34003 0.46074  0.19923
6249 0.407586 0.217747  0.374667
6228 0.0453723 0.587671  0.366957
106 0.257253 0.499741  0.243006
6251 0.657378 0.143183  0.199439
69 0.395486 0.351484  0.253031
6239 0.476677 0.211562  0.311761
6251 0.654223 0.334595  0.0111817
6243 0.118953 0.0704912  0.810556
6231 0.412461 0.432703  0.154837
119 0.417548 0.398401  0.184051
538 0.442763 0.373247  0.183991
6239 0.217703 0.427594  0.354703
6251 0.226056 0.106584  0.667359
6243 0.451657 0.0484385  0.499905
6248 0.386588 0.364289  0.249123
683 0.457848 0.445451  0.0967012
6234 0.355793 0.446767  0.19744
6243 0.0677058 0.338085  0.594209
119 0.199179 0.326325  0.474496
6226 0.218837 0.484312  0.29685
6249 0.405217 0.267958  0.326825
6249 0.392088 0.0881808  0.519731
165 0.170307 0.405512  0.42418
2630 0.328776 0.198797  0.472427
6194 0.18844 0.54504  0.266521
6226 0.0551951 0.1977  0.747105
605 0.32767 0.14107  0.53126
6232 0.0228658 0.451877  0.525257
132 0.154648 0.26024  0.585112
156 0.310575 0.291141  0.398285
315 0.506095 0.440844  0.0530605
652 0.402944 0.0304962  0.566559
165 0.24848 0.535662  0.215858
6229 0.71554 0.0686816  0.215779
87 0.413569 0.254329  0.332101
6242 0.0553076 0.725646  0.219047
6195 0.727519 0.151606  0.120875
6233 0.429716 0.391308  0.178976
6241 0.109032 0.441843  0.449126
6251 0.267676 0.372148  0.360176
6247 0.326477 0.458762  0.214761
160 0.528863 0.0453214  0.425815
6238 0.298128 0.340075  0.361797
6250 0.565653 0.192596  0.241751
6228 0.400591 0.168321  0.431087
6229 0.095225 0.655635  0.24914
6233 0.255127 0.546203  0.19867
316 0.717648 0.117587  0.164765
6237 0.476898 0.243053  0.280049
6094 0.351941 0.441193  0.206866
267 0.416776 0.231124  0.3521
162 0.175251 0.478535  0.346214
6237 0.470073 0.191544  0.338382
6238 0.447936 0.331591  0.220473
6227 0.13113 0.347247  0.521623
107 0.101294 0.18396  0.714746
6244 0.207575 0.377068  0.415357
6230 0.213154 0.454267  0.332579
6248 0.511859 0.376687  0.111455
6243 0.431806 0.0700295  0.498164
6245 0.779114 0.190681  0.0302041
6251 0.53787 0.0559588  0.406171
6233 0.239952 0.147431  0.612617
443 0.404965 0.465369  0.129666
102 0.4351 0.402028  0.162871
6239 0.234741 0.372491  0.392768
551 0.29353 0.193007  0.513463
6227 0.430236 0.0375634  0.532201
6245 0.0934997 0.401878  0.504623
6167 0.485334 0.104396  0.41027
6244 0.393325 0.485502  0.121173
87 0.475744 0.299869  0.224387
6234 0.376659 0.446768  0.176573
57 0.072382 0.78593  0.141688
6239 0.0937672 0.336953  0.56928
153 0.291718 0.338583  0.369698
6238 0.712261 0.231196  0.0565434
6226 0.336583 0.346675  0.316742
445 0.179732 0.646068  0.1742
6244 0.424071 0.027364  0.548565
6229 0.538133 0.449063  0.0128043
200 0.387807 0.376035  0.236159
155 0.0295121 0.418414  0.552074
268 0.208901 0.418935  0.372164
6236 0.481644 0.213248  0.305108
6241 0.203506 0.560522  0.235972
6201 0.576642 0.180265  0.243093
6229 0.352575 0.606879  0.0405451
6233 0.0720107 0.550575  0.377414
6195 0.527433 0.0542224  0.418345
79 0.493022 0.207038  0.299939
6244 0.417413 0.288938  0.29365
6249 0.292773 0.0928746  0.614352
6242 0.460545 0.268483  0.270972
188 0.0158483 0.318249  0.665903
6240 0.918286 0.0147265  0.066988
6248 0.26443 0.2927  0.44287
6232 0.471858 0.412285  0.115857
6242 0.384076 0.553214  0.0627098
6227 0.211348 0.765464  0.0231875
90 0.396357 0.261648  0.341995
290 0.240047 0.311584  0.448369
6240 0.158462 0.625079  0.216458
442 0.0639549 0.217186  0.718859
6232 0.366802 0.248458  0.38474
182 0.167777 0.437523  0.394701
132 0.530192 0.424064  0.0457435
6247 0.382584 0.257007  0.360409
686 0.266579 0.460729  0.272693
6248 0.0940141 0.385353  0.520633
6226 0.761959 0.0765714  0.16147
6233 0.210314 0.354255  0.435431
6195 0.655256 0.0461289  0.298615
324 0.368684 0.500607  0.13071
6235 0.227659 0.481201  0.29114
6242 0.428178 0.27671  0.295112
6244 0.197186 0.777794  0.0250196
6251 0.257129 0.125165  0.617706
6241 0.258416 0.16742  0.574164
182 0.13109 0.340873  0.528037
6244 0.427719 0.525173  0.0471076
6251 0.388164 0.460639  0.151196
6250 0.324102 0.32222  0.353678
6256 0.401682 0.354926  0.243392
6244 0.201621 0.389566  0.408813
6238 0.393049 0.333052  0.273899
6158 0.387801 0.273056  0.339143
6238 0.185491 0.402277  0.412232
6251 0.610959 0.0653222  0.323719
6242 0.12521 0.406591  0.468199
6194 0.534225 0.143254  0.322521
157 0.415469 0.397292  0.187239
6242 0.633668 0.16561  0.200722
6235 0.418489 0.175517  0.405994
140 0.222933 0.401335  0.375732
6226 0.277704 0.337764  0.384531
135 0.268135 0.38959  0.342275
167 0.473626 0.0194282  0.506946
6249 0.484955 0.102965  0.41208
6239 0.747327 0.190337  0.0623367
191 0.249158 0.530957  0.219885
6242 0.364592 0.334646  0.300762
152 0.0615636 0.461891  0.476545
549 0.124849 0.844997  0.0301541
6251 0.383009 0.386696  0.230296
70 0.101739 0.124123  0.774137
6232 0.281842 0.360354  0.357804
60 0.28041 0.433036  0.286554
110 0.590831 0.130016  0.279153
284 0.616643 0.329815  0.0535414
6250 0.551706 0.217737  0.230557
178 0.399906 0.197649  0.402445
6194 0.613096 0.342185  0.0447186
6195 0.144064 0.693774  0.162162
6246 0.391288 0.0719937  0.536718
6250 0.444855 0.39294  0.162205
174 0.435956 0.509778  0.0542661
393 0.416597 0.387853  0.19555
6247 0.264279 0.55283  0.182892
6231 0.0563758 0.104259  0.839365
340 0.542554 0.0703258  0.387121
115 0.276051 0.32  0.403949
6229 0.0643853 0.537215  0.3984
468 0.210072 0.0527746  0.737154
6251 0.268292 0.507264  0.224444
6234 0.410123 0.259248  0.330629
6236 0.156888 0.387037  0.456075
119 0.44423 0.200269  0.3555
112 0.296119 0.371807  0.332074
6195 0.229141 0.435363  0.335495
100 0.128459 0.603402  0.268139
6245 0.132849 0.285784  0.581367
6235 0.677109 0.21602  0.106871
6246 0.141569 0.829756  0.0286756
6242 0.678991 0.150061  0.170948
80 0.458544 0.418121  0.123335
6242 0.481922 0.174698  0.34338
63 0.126232 0.365661  0.508107
6248 0.383514 0.417939  0.198546
6248 0.412831 0.124451  0.462718
554 0.263262 0.452568  0.284169
6232 0.362786 0.302905  0.334309
6232 0.15918 0.562129  0.278691
6231 0.486029 0.22613  0.287841
255 0.408862 0.240344  0.350794
6248 0.307748 0.505666  0.186586
6249 0.277145 0.333648  0.389206
6246 0.367898 0.365374  0.266728
6243 0.256412 0.259609  0.483979
6228 0.259654 0.709214  0.031132
6235 0.25063 0.319051  0.430319
151 0.436038 0.0582052  0.505757
635 0.59398 0.328019  0.0780008
57 0.166951 0.68785  0.145198
114 0.37613 0.475534  0.148336
6194 0.290073 0.234456  0.475471
56 0.463286 0.141532  0.395183
81 0.481613 0.447381  0.0710066
6229 0.100641 0.771532  0.127827
6246 0.189253 0.408622  0.402125
6228 0.26434 0.268912  0.466748
6246 0.274395 0.415053  0.310552
586 0.391515 0.119921  0.488564
109 0.174328 0.50309  0.322582
6169 0.246161 0.326595  0.427244
128 0.205637 0.277631  0.516732
6243 0.523814 0.455079  0.0211069
6194 0.250867 0.420282  0.328852
6146 0.116205 0.527296  0.356498
6247 0.25456 0.410303  0.335136
162 0.243602 0.642726  0.113672
54 0.276345 0.563993  0.159662
56 0.265326 0.723364  0.0113102
6228 0.0827075 0.541981  0.375311
6237 0.43059 0.463633  0.105777
6232 0.128597 0.284407  0.586996
6241 0.216427 0.139645  0.643928
450 0.434653 0.208558  0.356789
6250 0.346449 0.339422  0.314129
6245 0.242796 0.193295  0.563909
153 0.408295 0.174289  0.417416
95 0.506101 0.43617  0.0577293
6242 0.238529 0.468786  0.292685
95 0.117258 0.44788  0.434862
84 0.397749 0.207581  0.39467
6239 0.538302 0.062703  0.398995
6244 0.64818 0.0694547  0.282365
6245 0.180025 0.411365  0.40861
158 0.421912 0.22793  0.350159
6247 0.258944 0.329849  0.411207
6230 0.672469 0.0243662  0.303164
6235 0.477269 0.430508  0.0922226
6194 0.0447141 0.532236  0.42305
6249 0.191989 0.296632  0.511378
103 0.693734 0.0372199  0.269046
581 0.501143 0.29698  0.201877
6228 0.478738 0.180962  0.340301
6251 0.190903 0.430789  0.378308
6242 0.352463 0.567198  0.0803386
80 0.0198365 0.631285  0.348879
162 0.457273 0.389762  0.152965
6242 0.475737 0.133715  0.390548
6232 0.444675 0.050592  0.504733
108 0.293859 0.38678  0.31936
6251 0.440966 0.154084  0.40495
394 0.163458 0.57452  0.262022
6234 0.0159886 0.430882  0.553129
58 0.510166 0.231574  0.258261
6242 0.433193 0.488017  0.0787897
88 0.348339 0.388345  0.263316
378 0.509586 0.161891  0.328523
83 0.425636 0.282254  0.29211
6205 0.0177727 0.213477  0.76875
6247 0.341909 0.301502  0.356589
86 0.208751 0.359394  0.431855
51 0.25575 0.436522  0.307728
398 0.177758 0.395631  0.426612
6232 0.547653 0.0559418  0.396405
6239 0.196875 0.41547  0.387654
179 0.0665162 0.429266  0.504218
6233 0.365833 0.198065  0.436102
6227 0.442323 0.250591  0.307086
6239 0.359253 0.291549  0.349198
129 0.354514 0.134751  0.510735
6234 0.0688187 0.414574  0.516607
119 0.430091 0.184125  0.385784
6251 0.204615 0.523168  0.272217
6242 0.289693 0.304744  0.405563
6251 0.410432 0.376207  0.213362
6229 0.1538 0.464885  0.381315
6244 0.314388 0.33297  0.352642
6242 0.390846 0.317961  0.291193
6247 0.566214 0.239814  0.193971
6229 0.407102 0.0161634  0.576735
6232 0.325648 0.343145  0.331207
291 0.350748 0.31515  0.334102
439 0.280856 0.61634  0.102804
186 0.363082 0.344876  0.292041
51 0.25094 0.117246  0.631814
702 0.490496 0.255543  0.253961
262 0.489956 0.390194  0.11985
68 0.109137 0.673482  0.217382
6195 0.129931 0.483228  0.386842
190 0.246146 0.317505  0.436349
276 0.472033 0.192073  0.335894
117 0.436915 0.0606895  0.502395
6251 0.406143 0.512547  0.0813102
6250 0.299743 0.509014  0.191243
6246 0.775884 0.0780665  0.146049
573 0.00927543 0.23451  0.756215
93 0.42004 0.441552  0.138408
6237 0.165444 0.635582  0.198975
6259 0.0359532 0.127898  0.836149
6250 0.4872 0.153776  0.359024
91 0.0305164 0.452665  0.516819
6244 0.236935 0.33997  0.423095
6228 0.159343 0.303878  0.536779
110 0.116973 0.105104  0.777923
6248 0.484512 0.442148  0.07334
88 0.300018 0.543473  0.156509
6232 0.0906386 0.541796  0.367566
6249 0.129534 0.551063  0.319403
6233 0.661206 0.110299  0.228495
6246 0.248834 0.406631  0.344535
6195 0.334132 0.339358  0.326509
119 0.118759 0.364008  0.517233
6237 0.243909 0.264623  0.491468
188 0.210236 0.641308  0.148456
84 0.21577 0.317338  0.466891
6249 0.336956 0.159001  0.504044
404 0.630497 0.293025  0.0764785
272 0.564016 0.388777  0.0472073
155 0.212887 0.39199  0.395123
6251 0.228524 0.517865  0.253611
69 0.280374 0.430357  0.289269
6240 0.577633 0.238853  0.183514
257 0.335236 0.307417  0.357347
6233 0.376991 0.0608604  0.562148
463 0.217954 0.396687  0.385359
6232 0.326072 0.367185  0.306744
142 0.594773 0.155626  0.2496
6194 0.563736 0.241709  0.194555
139 0.196033 0.386353  0.417614
142 0.40087 0.120088  0.479041
6195 0.414055 0.363847  0.222098
394 0.247868 0.439301  0.312831
6227 0.0305718 0.311576  0.657852
6194 0.124092 0.705524  0.170384
6243 0.675146 0.201122  0.123732
70 0.223985 0.375842  0.400173
6233 0.253087 0.155258  0.591654
6247 0.393459 0.519927  0.0866138
6238 0.0668382 0.0745602  0.858602
6228 0.220973 0.326638  0.45239
92 0.464187 0.444062  0.0917504
6194 0.219421 0.168883  0.611697
6251 0.208168 0.316768  0.475064
6243 0.214972 0.0604578  0.72457
322 0.604857 0.251161  0.143982
6236 0.506443 0.298875  0.194682
60 0.397618 0.167918  0.434464
6235 0.613416 0.0765688  0.310015
6239 0.420969 0.504198  0.0748331
6232 0.225739 0.457372  0.316889
174 0.20634 0.0276846  0.765975
6244 0.418125 0.388088  0.193787
6194 0.394776 0.286849  0.318375
6249 0.406452 0.394771  0.198777
117 0.47352 0.193881  0.332599
150 0.349288 0.0747607  0.575952
104 0.135668 0.227874  0.636458
6195 0.404675 0.451786  0.143539
71 0.435613 0.318074  0.246312
184 0.350713 0.455375  0.193913
6249 0.219486 0.450823  0.329691
6234 0.449887 0.19978  0.350333
142 0.381035 0.384351  0.234615
6242 0.682808 0.210805  0.106387
6220 0.0826584 0.619024  0.298317
158 0.156422 0.574205  0.269373
204 0.201762 0.454522  0.343716
6247 0.256663 0.400211  0.343126
6229 0.479399 0.1566  0.364001
6248 0.0645413 0.63576  0.299699
58 0.124144 0.361491  0.514365
315 0.317824 0.0335106  0.648665
156 0.0252488 0.487303  0.487448
6228 0.69457 0.292443  0.0129866
403 0.304521 0.297809  0.39767
464 0.503693 0.426123  0.0701837
6059 0.205467 0.538185  0.256348
6205 0.320932 0.32146  0.357608
6229 0.419022 0.141075  0.439903
6227 0.541005 0.0987709  0.360224
6251 0.417583 0.252088  0.330329
6249 0.364416 0.0533475  0.582236
6228 0.364287 0.223503  0.41221
6245 0.358161 0.344116  0.297724
6232 0.452505 0.205534  0.341961
6227 0.351063 0.298464  0.350473
353 0.279183 0.435718  0.2851
6239 0.399194 0.175444  0.425362
155 0.488602 0.0552087  0.456189
388 0.0187844 0.614141  0.367074
6231 0.418706 0.367347  0.213947
457 0.392827 0.234011  0.373162
6248 0.153634 0.27463  0.571736
6194 0.186835 0.253326  0.559838
376 0.277506 0.306561  0.415932
127 0.439782 0.257453  0.302766
6246 0.179765 0.464499  0.355735
61 0.188955 0.382212  0.428833
6234 0.269693 0.538018  0.192289
6233 0.248945 0.227932  0.523123
6234 0.0330661 0.371173  0.595761
464 0.083964 0.500946  0.41509
551 0.289537 0.414355  0.296108
6251 0.25342 0.322482  0.424097
6239 0.46915 0.158998  0.371852
6235 0.242476 0.328455  0.429069
6247 0.169721 0.383901  0.446378
6227 0.360302 0.597537  0.0421613
6228 0.463455 0.275133  0.261412
6251 0.225635 0.282876  0.491489
323 0.334866 0.485881  0.179253
6241 0.0124076 0.541218  0.446374
57 0.265528 0.539522  0.19495
6239 0.310849 0.663875  0.0252758
6231 0.111813 0.465362  0.422825
80 0.389216 0.153925  0.456859
6248 0.480256 0.502533  0.0172119
6234 0.422039 0.385272  0.192689
6235 0.295549 0.562633  0.141818
6240 0.601026 0.303386  0.095588
180 0.197613 0.303975  0.498412
