1481 0.195244 0.146306  0.65845
677 0.0732878 0.48437  0.442342
4007 0.297291 0.259421  0.443288
971 0.318397 0.308124  0.373478
108 0.525468 0.267323  0.20721
4157 0.784992 0.195573  0.019435
4355 0.195931 0.423288  0.380781
1396 0.462438 0.443359  0.0942033
1168 0.190812 0.600698  0.20849
1001 0.114008 0.238763  0.647229
4353 0.184894 0.137382  0.677724
3836 0.508579 0.376609  0.114812
4079 0.696261 0.0416835  0.262056
1611 0.0896825 0.586382  0.323935
4275 0.240662 0.263447  0.495891
971 0.22106 0.36069  0.41825
1152 0.582429 0.30976  0.107811
3801 0.279114 0.171732  0.549154
583 0.590575 0.355032  0.0543937
1414 0.166367 0.509958  0.323676
540 0.294358 0.321209  0.384432
3725 0.440033 0.20871  0.351257
3573 0.441761 0.0368169  0.521422
1436 0.187262 0.345471  0.467267
2277 0.414306 0.273052  0.312641
2197 0.410608 0.397871  0.191522
1827 0.314027 0.186755  0.499218
4154 0.114358 0.493547  0.392096
1811 0.20886 0.643563  0.147577
1842 0.50929 0.25322  0.237491
1247 0.459614 0.411336  0.12905
4089 0.123978 0.470576  0.405446
4075 0.535062 0.0695522  0.395386
2756 0.326672 0.478942  0.194385
4463 0.344327 0.177979  0.477694
362 0.454754 0.287657  0.257589
1992 0.273197 0.374623  0.35218
1658 0.106177 0.549816  0.344007
4215 0.190845 0.447812  0.361344
1180 0.334523 0.0998152  0.565662
1249 0.460276 0.401115  0.138609
1255 0.371624 0.0418406  0.586535
2381 0.32053 0.38425  0.29522
4393 0.235838 0.262293  0.501869
3913 0.0208603 0.499024  0.480116
4407 0.377784 0.136092  0.486124
545 0.097898 0.493823  0.408279
3499 0.622425 0.0532345  0.324341
106 0.552292 0.212518  0.23519
4021 0.398459 0.0423783  0.559163
4245 0.381183 0.232852  0.385965
3400 0.420595 0.245195  0.33421
1814 0.0544839 0.544472  0.401044
2185 0.241125 0.370347  0.388528
137 0.486086 0.486784  0.0271306
3983 0.306206 0.121995  0.571799
4077 0.0210861 0.200496  0.778418
106 0.465222 0.332282  0.202497
1569 0.342153 0.224031  0.433816
1953 0.471766 0.28744  0.240794
2309 0.356776 0.303331  0.339894
3671 0.24009 0.230039  0.529871
1808 0.12314 0.430687  0.446173
2361 0.158877 0.272075  0.569048
1357 0.533422 0.0768287  0.389749
4301 0.861565 0.0269882  0.111447
3276 0.374794 0.212708  0.412497
2133 0.158262 0.43918  0.402558
4202 0.481496 0.174342  0.344162
3378 0.40211 0.14496  0.45293
1266 0.448881 0.0481969  0.502923
4429 0.420053 0.468197  0.11175
2304 0.335099 0.6029  0.0620011
1982 0.381017 0.569029  0.0499544
609 0.545601 0.0599363  0.394463
1416 0.0679937 0.460069  0.471938
510 0.274346 0.412848  0.312805
1808 0.157328 0.45728  0.385393
2461 0.324185 0.407728  0.268087
1591 0.510974 0.398865  0.0901611
3299 0.619378 0.0363099  0.344312
765 0.167439 0.133025  0.699536
326 0.190351 0.424049  0.3856
1479 0.423004 0.305405  0.271591
4366 0.221205 0.698942  0.079853
1292 0.221179 0.52496  0.253861
3322 0.405107 0.47144  0.123453
1615 0.281776 0.364841  0.353384
3268 0.225653 0.0185518  0.755795
4141 0.278451 0.345084  0.376465
4393 0.623455 0.271403  0.105142
1415 0.407238 0.235601  0.357161
2360 0.226275 0.0912124  0.682512
3632 0.359455 0.360121  0.280425
4411 0.286015 0.0299183  0.684066
2308 0.178216 0.590872  0.230912
3668 0.214842 0.425402  0.359756
1563 0.531546 0.331889  0.136565
157 0.0617118 0.437669  0.500619
3868 0.396335 0.356383  0.247282
3630 0.16547 0.322285  0.512244
3619 0.0500472 0.318531  0.631422
4269 0.267346 0.333967  0.398687
1004 0.188129 0.4311  0.38077
2005 0.266032 0.385879  0.34809
1655 0.403974 0.297227  0.298799
1948 0.284711 0.438645  0.276645
4199 0.143937 0.30804  0.548023
4391 0.622184 0.353613  0.0242028
4340 0.627527 0.0614897  0.310983
3569 0.620903 0.2714  0.107697
3886 0.339003 0.385501  0.275496
2582 0.201359 0.510031  0.28861
1763 0.324225 0.340694  0.335081
1991 0.0943682 0.72943  0.176201
1797 0.13021 0.197749  0.672041
585 0.329037 0.289681  0.381282
1383 0.269194 0.108977  0.621829
4115 0.499457 0.0969191  0.403624
4447 0.00893576 0.626947  0.364117
3715 0.319385 0.198311  0.482303
1404 0.240187 0.531997  0.227816
1980 0.499246 0.364073  0.136682
3917 0.59192 0.300042  0.108038
1578 0.374278 0.458737  0.166985
4063 0.231602 0.479875  0.288523
3218 0.659955 0.182865  0.15718
4385 0.371933 0.16625  0.461817
3563 0.121517 0.452614  0.425868
2772 0.32363 0.451057  0.225313
1854 0.228311 0.381595  0.390094
4394 0.161287 0.23836  0.600352
3935 0.109761 0.654383  0.235856
3262 0.208397 0.392649  0.398954
4446 0.259042 0.591979  0.14898
750 0.0880211 0.560721  0.351258
4139 0.21782 0.418561  0.363619
1797 0.0249542 0.937864  0.0371817
1369 0.0753064 0.542329  0.382365
1512 0.241593 0.396165  0.362242
4427 0.0115781 0.46497  0.523452
1838 0.555455 0.377456  0.0670889
1578 0.530993 0.283136  0.18587
4393 0.402856 0.311895  0.285249
1295 0.283433 0.332761  0.383806
1831 0.153559 0.0248811  0.82156
4525 0.369102 0.324735  0.306163
2044 0.407505 0.303313  0.289182
1987 0.379222 0.250129  0.370649
2275 0.321396 0.211946  0.466658
1451 0.82638 0.0339587  0.139661
21 0.743774 0.156541  0.0996852
3843 0.576997 0.28849  0.134513
1945 0.215098 0.705521  0.0793804
3913 0.319212 0.271849  0.408938
793 0.318899 0.174326  0.506775
3670 0.0393956 0.855509  0.105095
3604 0.127866 0.186625  0.685509
2117 0.371809 0.459919  0.168272
3342 0.207112 0.233836  0.559053
4389 0.337389 0.199443  0.463169
507 0.558514 0.0678952  0.373591
1477 0.61394 0.132788  0.253272
4354 0.276704 0.337165  0.386131
3384 0.327908 0.380862  0.291229
1251 0.213318 0.164724  0.621958
3834 0.375729 0.460306  0.163965
4157 0.426367 0.0324906  0.541142
2127 0.655105 0.152283  0.192612
1472 0.108967 0.650748  0.240285
4394 0.419136 0.0123773  0.568487
4052 0.281801 0.43977  0.278428
2304 0.664759 0.0432147  0.292026
1571 0.237028 0.0156222  0.747349
1702 0.32337 0.228644  0.447987
4132 0.466302 0.38788  0.145818
1969 0.367209 0.228685  0.404106
1822 0.89616 0.0431323  0.0607081
3993 0.38872 0.227181  0.384099
3273 0.0901082 0.555093  0.354799
458 0.399683 0.10002  0.500296
3859 0.530497 0.33104  0.138463
1292 0.285691 0.0663092  0.647999
2328 0.529081 0.369925  0.100994
3898 0.367325 0.0721276  0.560548
1139 0.0819497 0.337765  0.580286
2430 0.316091 0.122591  0.561318
4343 0.103116 0.562087  0.334797
3568 0.121475 0.336763  0.541762
1349 0.446154 0.186206  0.36764
2129 0.106064 0.642124  0.251812
990 0.722082 0.0770548  0.200863
4365 0.431824 0.0621816  0.505995
2123 0.613383 0.147897  0.23872
3473 0.177483 0.267774  0.554744
3843 0.373994 0.339011  0.286995
4318 0.432046 0.319841  0.248113
4530 0.0788962 0.341447  0.579657
4181 0.361786 0.418266  0.219948
1082 0.0610794 0.168694  0.770226
1405 0.631774 0.284287  0.0839393
1840 0.288876 0.575465  0.135659
3652 0.359733 0.272255  0.368012
3018 0.0198181 0.450596  0.529586
3617 0.285342 0.306217  0.408441
4126 0.431705 0.069856  0.498439
3855 0.28978 0.63604  0.0741799
4430 0.168342 0.161855  0.669803
2076 0.116402 0.425586  0.458012
1004 0.0142034 0.535443  0.450354
2173 0.261021 0.497215  0.241765
3827 0.19619 0.162458  0.641351
1740 0.329749 0.525236  0.145015
3673 0.440293 0.417153  0.142554
3842 0.31444 0.203193  0.482367
4451 0.576532 0.245243  0.178225
1042 0.168998 0.464208  0.366794
4303 0.354058 0.525068  0.120874
4243 0.340097 0.182722  0.477181
1744 0.475529 0.0570042  0.467466
2535 0.306927 0.269213  0.423859
4128 0.358353 0.297023  0.344624
4216 0.291013 0.0661831  0.642804
1366 0.0570115 0.304688  0.638301
1317 0.401431 0.219807  0.378762
1567 0.0987828 0.5298  0.371417
3528 0.282989 0.341431  0.37558
4275 0.402583 0.126032  0.471385
2100 0.200646 0.170177  0.629177
4448 0.56618 0.288869  0.144951
674 0.430327 0.389082  0.180591
2319 0.443764 0.217762  0.338474
1402 0.660368 0.311556  0.0280754
4009 0.485135 0.414343  0.100522
3513 0.200207 0.413962  0.385831
1621 0.318814 0.497463  0.183723
1139 0.342665 0.35262  0.304715
685 0.471879 0.0958202  0.432301
2006 0.6577 0.211702  0.130598
3625 0.395084 0.273042  0.331874
3321 0.471105 0.476491  0.0524031
1955 0.426176 0.506669  0.0671543
1405 0.703731 0.162894  0.133375
3937 0.0733416 0.564806  0.361852
1970 0.118333 0.477185  0.404482
1920 0.28044 0.292636  0.426924
2960 0.364277 0.124384  0.511339
2725 0.318857 0.477938  0.203205
1145 0.231661 0.219521  0.548818
1284 0.475111 0.415544  0.109345
4151 0.0325306 0.727245  0.240224
2789 0.379362 0.33483  0.285808
1027 0.2708 0.224199  0.505001
1026 0.423032 0.270657  0.306311
1062 0.568902 0.382904  0.0481945
992 0.546258 0.235253  0.218489
1255 0.15539 0.64912  0.19549
4372 0.0476526 0.467081  0.485266
1415 0.0955153 0.584185  0.320299
3371 0.227935 0.318233  0.453832
4073 0.0350568 0.509186  0.455757
2036 0.565609 0.379254  0.055137
4347 0.0741387 0.250772  0.675089
4327 0.223174 0.717607  0.0592198
2386 0.469151 0.0670222  0.463827
4263 0.416304 0.293066  0.290631
1399 0.552848 0.356276  0.0908762
3716 0.443603 0.526859  0.0295374
3886 0.612729 0.369007  0.018264
4243 0.36948 0.409944  0.220576
2361 0.0908827 0.434099  0.475018
1991 0.232029 0.72831  0.0396611
1161 0.499854 0.281362  0.218784
683 0.509679 0.402077  0.0882438
1995 0.378488 0.127679  0.493834
545 0.11346 0.334161  0.552379
1517 0.468692 0.496895  0.0344127
1994 0.431445 0.0377717  0.530783
2024 0.523242 0.318015  0.158743
1454 0.0341432 0.38417  0.581687
323 0.345357 0.226713  0.42793
2765 0.119465 0.530003  0.350531
4184 0.315611 0.341658  0.342731
3746 0.487009 0.274749  0.238242
1943 0.21995 0.702068  0.0779818
2752 0.166751 0.580822  0.252428
2769 0.365544 0.15593  0.478526
3935 0.349588 0.292466  0.357946
1421 0.446931 0.187547  0.365522
2093 0.320039 0.63501  0.0449512
4349 0.232714 0.436083  0.331203
1165 0.0685626 0.521111  0.410326
1603 0.430805 0.514849  0.0543465
1871 0.216275 0.136632  0.647094
3663 0.458266 0.194833  0.346901
4077 0.346059 0.364378  0.289562
4336 0.516751 0.361162  0.122087
1746 0.558476 0.0738357  0.367689
2735 0.528236 0.332175  0.139589
169 0.53161 0.381452  0.0869373
3211 0.317538 0.581681  0.100781
3200 0.603244 0.360457  0.0362988
3712 0.345394 0.188246  0.46636
4266 0.625482 0.139998  0.23452
4161 0.257053 0.326987  0.41596
2939 0.727737 0.174698  0.0975652
2918 0.312496 0.339426  0.348078
2527 0.0574097 0.568282  0.374308
1817 0.509606 0.44087  0.0495243
1817 0.305155 0.346827  0.348018
1040 0.571612 0.0359066  0.392481
1414 0.504148 0.155572  0.34028
3400 0.294904 0.270984  0.434112
1841 0.237597 0.395941  0.366462
3275 0.448796 0.0834811  0.467723
4149 0.128357 0.678008  0.193634
1575 0.138032 0.80033  0.0616375
1418 0.5679 0.0498105  0.382289
1597 0.175218 0.49543  0.329352
1402 0.286298 0.587226  0.126476
1412 0.443108 0.340345  0.216547
1401 0.280901 0.376028  0.343071
4245 0.429198 0.277267  0.293535
4456 0.382023 0.405079  0.212898
2079 0.266324 0.452032  0.281644
4206 0.146227 0.719852  0.133921
4478 0.836406 0.103501  0.0600929
2200 0.32021 0.322546  0.357244
3710 0.305269 0.483522  0.211209
1988 0.140084 0.56076  0.299156
2827 0.159833 0.320486  0.519682
4328 0.555056 0.274372  0.170572
1973 0.418607 0.564707  0.016686
283 0.417661 0.309413  0.272926
3856 0.0726222 0.480052  0.447326
3404 0.245822 0.192119  0.562059
939 0.012388 0.540769  0.446843
109 0.0728318 0.158808  0.76836
119 0.498652 0.334982  0.166366
965 0.4615 0.423724  0.114776
1983 0.332569 0.39915  0.268281
4113 0.29973 0.239341  0.460929
1780 0.0141027 0.483315  0.502582
1359 0.47711 0.401811  0.121079
990 0.151937 0.83551  0.0125535
3219 0.127808 0.37448  0.497712
3939 0.267205 0.36648  0.366315
1405 0.513265 0.118095  0.36864
2007 0.489018 0.0774056  0.433577
4239 0.388104 0.539087  0.0728088
4134 0.471131 0.514676  0.0141923
2932 0.399733 0.529278  0.070989
1821 0.236472 0.184357  0.579171
3259 0.193157 0.371824  0.43502
1872 0.426377 0.457464  0.116159
1563 0.429486 0.128653  0.441861
1045 0.316947 0.46645  0.216603
1899 0.131157 0.118775  0.750069
3472 0.437884 0.326447  0.235669
1669 0.214337 0.12575  0.659913
2077 0.296532 0.425772  0.277696
2248 0.334075 0.596871  0.0690534
2301 0.0996721 0.531806  0.368522
449 0.21058 0.208207  0.581213
3370 0.155978 0.369026  0.474996
4541 0.1173 0.563944  0.318757
1633 0.362337 0.270904  0.366759
4355 0.458321 0.264174  0.277505
1834 0.534344 0.327422  0.138234
3260 0.347873 0.33859  0.313537
3670 0.366316 0.21669  0.416993
4170 0.34235 0.425379  0.232271
1581 0.400134 0.354605  0.245261
1005 0.534229 0.209663  0.256108
1536 0.387289 0.119992  0.492719
2753 0.428262 0.0452395  0.526499
4033 0.347733 0.421379  0.230888
2139 0.102878 0.282139  0.614983
4364 0.415318 0.124211  0.460471
2925 0.0880508 0.37206  0.53989
32 0.203091 0.401127  0.395782
1908 0.516866 0.0973892  0.385745
1355 0.0838714 0.481211  0.434917
3658 0.321566 0.42054  0.257894
4223 0.268466 0.500532  0.231002
1406 0.312815 0.329671  0.357514
3350 0.248722 0.512895  0.238383
4210 0.551764 0.342375  0.10586
953 0.392033 0.523125  0.0848419
3985 0.108982 0.646948  0.24407
2179 0.331633 0.322247  0.34612
4549 0.375721 0.394515  0.229764
3627 0.248564 0.441503  0.309933
1399 0.324047 0.528062  0.14789
4172 0.219038 0.0359504  0.745012
1380 0.341449 0.304406  0.354145
1250 0.442896 0.481324  0.0757791
1983 0.179199 0.225319  0.595482
3069 0.681611 0.153  0.165389
2007 0.488456 0.243512  0.268031
1230 0.374355 0.0859722  0.539673
4071 0.341674 0.204032  0.454294
4394 0.131133 0.57322  0.295647
2097 0.378456 0.515095  0.106449
3257 0.166671 0.538256  0.295074
4438 0.1232 0.470548  0.406253
2256 0.216714 0.198573  0.584713
3843 0.0370992 0.547498  0.415403
651 0.486967 0.254852  0.258181
2707 0.23482 0.208628  0.556552
1409 0.443284 0.160514  0.396202
2834 0.152036 0.582931  0.265032
2607 0.193107 0.649133  0.15776
3843 0.212721 0.320409  0.466871
1372 0.568895 0.26383  0.167276
1473 0.116365 0.455932  0.427703
583 0.401916 0.341405  0.256679
186 0.362807 0.397444  0.23975
3865 0.419623 0.0135059  0.566871
4368 0.516023 0.34976  0.134217
4210 0.374035 0.226362  0.399603
107 0.355307 0.444905  0.199788
817 0.0481238 0.462343  0.489533
509 0.0772166 0.480465  0.442318
4337 0.42417 0.109379  0.466451
3293 0.137478 0.41563  0.446892
999 0.195414 0.644675  0.15991
3261 0.351841 0.2532  0.394959
108 0.499607 0.0258202  0.474573
2929 0.0303568 0.809249  0.160394
2054 0.0594725 0.456347  0.48418
583 0.23691 0.414381  0.348709
4093 0.292162 0.610883  0.096955
3881 0.248489 0.57614  0.17537
1776 0.422722 0.189481  0.387796
1414 0.129348 0.546286  0.324366
3716 0.375747 0.253493  0.370759
1856 0.203606 0.0525238  0.74387
4092 0.329364 0.52612  0.144516
2752 0.221781 0.501025  0.277193
4305 0.522905 0.102541  0.374553
448 0.465383 0.0225004  0.512117
547 0.400835 0.395533  0.203631
4254 0.494712 0.494902  0.0103856
2797 0.426322 0.490389  0.0832891
3745 0.378779 0.199299  0.421922
3581 0.695921 0.233909  0.0701701
4367 0.380044 0.318061  0.301895
3849 0.555166 0.356801  0.0880337
4075 0.252158 0.261025  0.486817
2110 0.42557 0.269412  0.305018
4394 0.566193 0.118269  0.315538
2386 0.400845 0.0097812  0.589374
105 0.10545 0.446055  0.448494
2923 0.633239 0.281738  0.0850228
4104 0.373001 0.303041  0.323958
1563 0.447811 0.442428  0.109761
3522 0.227765 0.338149  0.434086
2092 0.426989 0.281746  0.291265
1597 0.60608 0.244004  0.149916
1478 0.602995 0.0658261  0.331179
3257 0.0997063 0.313185  0.587109
4062 0.0819862 0.280638  0.637376
3832 0.347719 0.198164  0.454117
1643 0.451762 0.407725  0.140514
2100 0.201391 0.445962  0.352647
1465 0.552349 0.349027  0.0986242
3240 0.243861 0.418425  0.337713
1846 0.262986 0.40141  0.335604
1979 0.359671 0.397858  0.24247
4341 0.451327 0.396904  0.151769
1604 0.379999 0.294719  0.325282
4297 0.32321 0.416877  0.259913
1298 0.144483 0.212508  0.643009
1298 0.40367 0.333333  0.262997
3530 0.401966 0.391627  0.206407
2149 0.54904 0.274545  0.176416
4095 0.0285515 0.510728  0.46072
186 0.0688522 0.236815  0.694332
402 0.108174 0.164205  0.727622
1734 0.392043 0.47884  0.129117
1935 0.303974 0.151785  0.54424
3602 0.449069 0.276317  0.274614
1007 0.312611 0.414802  0.272587
1874 0.426141 0.153134  0.420726
1421 0.320412 0.449611  0.229977
1916 0.452977 0.232099  0.314924
4412 0.205571 0.32861  0.465819
1020 0.177487 0.500322  0.322191
1844 0.131351 0.459698  0.408951
3552 0.238279 0.189014  0.572707
1369 0.487203 0.44871  0.0640875
2833 0.255696 0.121696  0.622608
2931 0.392884 0.0121893  0.594927
3877 0.247055 0.277105  0.47584
1820 0.515295 0.33097  0.153735
3732 0.191849 0.357684  0.450468
4458 0.352528 0.409325  0.238147
4328 0.282142 0.414498  0.303361
1893 0.0534455 0.412131  0.534423
1971 0.383788 0.140358  0.475854
4115 0.174183 0.120316  0.705501
1392 0.0543628 0.143039  0.802598
1153 0.488039 0.242336  0.269625
4273 0.346857 0.369976  0.283167
1733 0.379779 0.220802  0.399419
988 0.710014 0.0392377  0.250748
2970 0.282161 0.383956  0.333883
1865 0.176929 0.512924  0.310147
3839 0.283756 0.369206  0.347038
964 0.554969 0.154419  0.290612
1985 0.0845158 0.272934  0.64255
1600 0.430847 0.379839  0.189314
3846 0.549292 0.0333584  0.41735
2795 0.265713 0.235102  0.499185
2698 0.325461 0.383432  0.291106
4079 0.146015 0.636606  0.21738
3850 0.0940196 0.321311  0.58467
425 0.353794 0.431678  0.214529
3057 0.149709 0.102168  0.748123
1365 0.378807 0.348202  0.27299
673 0.287675 0.323171  0.389154
4128 0.220734 0.577684  0.201583
3562 0.568474 0.202153  0.229373
1714 0.493743 0.372573  0.133684
4080 0.331676 0.0430336  0.62529
1092 0.573391 0.0116049  0.415005
67 0.569154 0.10825  0.322596
2503 0.422032 0.239197  0.338771
4402 0.0220199 0.441851  0.536129
1245 0.341499 0.187638  0.470863
4258 0.339702 0.474222  0.186076
3827 0.202551 0.36259  0.434859
1811 0.193787 0.531898  0.274316
2359 0.331448 0.571524  0.0970279
2308 0.190483 0.329104  0.480413
4072 0.324582 0.508688  0.166729
2001 0.421069 0.168836  0.410095
1355 0.441623 0.447493  0.110884
1819 0.347487 0.448618  0.203895
3597 0.0814583 0.758394  0.160148
3219 0.46991 0.0928918  0.437198
4217 0.383601 0.396364  0.220036
4116 0.0835482 0.187959  0.728493
1582 0.284835 0.448989  0.266176
3426 0.166585 0.356778  0.476637
1249 0.580353 0.208731  0.210916
3662 0.297427 0.337112  0.365461
1510 0.268022 0.376023  0.355955
3908 0.319501 0.432636  0.247863
186 0.0960506 0.553106  0.350843
3051 0.457983 0.127294  0.414722
1003 0.345725 0.261617  0.392658
4194 0.425422 0.163592  0.410987
1464 0.29851 0.33485  0.36664
2833 0.383821 0.394795  0.221384
513 0.396935 0.479804  0.123261
1774 0.143011 0.500354  0.356635
1592 0.260501 0.545234  0.194264
3323 0.529335 0.359377  0.111288
4385 0.287574 0.64689  0.0655359
3707 0.243755 0.521345  0.2349
4361 0.373201 0.496759  0.13004
2178 0.163969 0.667246  0.168786
686 0.041216 0.486538  0.472246
2720 0.138438 0.0645715  0.79699
425 0.652431 0.323981  0.0235878
1352 0.469484 0.0387437  0.491772
2081 0.0694026 0.751405  0.179192
1356 0.621052 0.286302  0.0926457
1410 0.138314 0.412348  0.449337
4064 0.349 0.338976  0.312023
1032 0.111091 0.130917  0.757992
1270 0.716757 0.199136  0.0841072
1907 0.296054 0.287628  0.416317
2361 0.381402 0.355473  0.263124
3574 0.314452 0.143987  0.54156
2719 0.374777 0.526216  0.099007
1404 0.842489 0.0584732  0.0990382
2531 0.564015 0.127214  0.308772
2582 0.407962 0.102642  0.489396
3623 0.29012 0.475383  0.234497
2030 0.324796 0.128347  0.546856
4394 0.35991 0.171589  0.468502
1537 0.250603 0.329587  0.41981
3737 0.353963 0.368866  0.277171
4235 0.144689 0.510166  0.345146
3361 0.314756 0.414321  0.270922
2658 0.05234 0.186747  0.760913
3927 0.544202 0.189904  0.265894
4387 0.375391 0.285724  0.338885
4149 0.410967 0.205818  0.383215
4514 0.309398 0.364086  0.326515
2705 0.207493 0.288432  0.504075
2098 0.173657 0.497795  0.328548
3154 0.179263 0.360982  0.459756
2927 0.535205 0.116057  0.348738
3610 0.549047 0.0457543  0.405198
274 0.208789 0.400141  0.39107
3572 0.297729 0.503173  0.199098
1319 0.456519 0.352826  0.190655
2090 0.57061 0.288548  0.140843
1599 0.210438 0.334186  0.455377
2075 0.355487 0.192537  0.451975
1857 0.334574 0.407359  0.258067
1578 0.377426 0.152025  0.470549
1722 0.376272 0.292111  0.331617
234 0.434091 0.0484744  0.517435
2142 0.0985365 0.287034  0.61443
1289 0.289365 0.419154  0.291481
4306 0.119128 0.419534  0.461337
4075 0.2045 0.219124  0.576377
1005 0.117875 0.453427  0.428698
2081 0.504158 0.283105  0.212738
3841 0.479557 0.248382  0.272061
970 0.420213 0.355646  0.224141
2297 0.108323 0.447767  0.443909
4093 0.292804 0.427491  0.279704
3239 0.105697 0.663024  0.231279
3716 0.408572 0.313569  0.27786
1823 0.235175 0.234532  0.530292
1210 0.0612126 0.528484  0.410303
1089 0.0525439 0.576129  0.371327
3372 0.439764 0.248206  0.31203
676 0.428397 0.497238  0.0743653
516 0.188632 0.157762  0.653606
3446 0.558258 0.00682795  0.434914
1057 0.426573 0.496832  0.0765951
3800 0.359998 0.35137  0.288633
2801 0.369743 0.349544  0.280713
2573 0.0342746 0.64517  0.320556
2147 0.503758 0.322429  0.173812
4156 0.125742 0.339778  0.53448
1846 0.338532 0.0657654  0.595703
2380 0.399621 0.099945  0.500434
1857 0.497314 0.244444  0.258242
4070 0.326229 0.214626  0.459146
4371 0.325223 0.263569  0.411208
4361 0.259068 0.36683  0.374102
4157 0.227891 0.540364  0.231745
165 0.10529 0.453305  0.441406
3076 0.29677 0.624739  0.0784915
3876 0.41136 0.372571  0.216069
2130 0.238161 0.146488  0.615351
2669 0.216114 0.416265  0.367621
4092 0.305845 0.581598  0.112557
4078 0.324731 0.398403  0.276866
4367 0.0572485 0.461193  0.481558
1006 0.342217 0.288002  0.369781
4234 0.199039 0.581153  0.219807
3050 0.416741 0.432795  0.150464
1259 0.69665 0.0789348  0.224415
3591 0.463876 0.457477  0.0786471
3667 0.303084 0.141568  0.555348
3134 0.565129 0.086642  0.348229
1587 0.283473 0.0604845  0.656043
4227 0.0769853 0.689781  0.233234
2071 0.113785 0.512085  0.374129
1356 0.337339 0.186405  0.476256
3841 0.495362 0.259411  0.245227
1413 0.373963 0.36115  0.264887
108 0.038987 0.726561  0.234452
1506 0.417088 0.152285  0.430627
1987 0.385077 0.296943  0.317979
2725 0.168019 0.440437  0.391544
3623 0.44258 0.469348  0.088072
4337 0.36771 0.357949  0.274342
4052 0.310303 0.346188  0.343509
2309 0.303858 0.368738  0.327404
4158 0.795019 0.0299067  0.175074
4263 0.211146 0.277433  0.511421
2811 0.427953 0.299116  0.272931
4057 0.36786 0.321944  0.310196
3361 0.589803 0.113696  0.2965
1630 0.373033 0.056043  0.570924
3718 0.188634 0.404201  0.407164
2073 0.457556 0.186947  0.355497
4022 0.303831 0.414508  0.281661
2052 0.439081 0.035657  0.525262
2085 0.312761 0.145356  0.541883
1874 0.167376 0.237219  0.595405
1852 0.102084 0.673402  0.224513
1659 0.125043 0.443853  0.431104
4330 0.292947 0.277813  0.42924
1465 0.400963 0.460712  0.138324
2101 0.299869 0.250862  0.449269
4200 0.558182 0.418599  0.0232194
4148 0.384155 0.0298935  0.585952
1296 0.358511 0.348124  0.293364
3618 0.0591545 0.141737  0.799108
1136 0.325998 0.593008  0.0809932
1361 0.301288 0.471018  0.227693
2187 0.357872 0.586706  0.0554227
1162 0.355351 0.0897555  0.554894
1475 0.303634 0.423031  0.273335
3861 0.222053 0.412796  0.365151
1568 0.316681 0.545153  0.138165
1354 0.591815 0.126831  0.281354
1143 0.124163 0.252325  0.623512
1994 0.406955 0.42363  0.169415
3731 0.217286 0.363451  0.419263
2074 0.426599 0.164232  0.409169
4101 0.481747 0.13599  0.382263
514 0.0944026 0.270149  0.635449
1578 0.514837 0.356932  0.128231
950 0.443023 0.284862  0.272114
3861 0.764109 0.21103  0.0248611
2434 0.202928 0.450025  0.347047
1139 0.228016 0.0530818  0.718902
3607 0.309291 0.437034  0.253674
1061 0.334725 0.108305  0.55697
3569 0.411619 0.437618  0.150763
2068 0.450336 0.123211  0.426454
3843 0.279775 0.374078  0.346147
1390 0.472257 0.3397  0.188043
120 0.341225 0.148146  0.510629
4267 0.274115 0.275657  0.450228
1859 0.602404 0.222895  0.174701
185 0.212109 0.347686  0.440206
2361 0.429572 0.41073  0.159697
2124 0.562999 0.250194  0.186807
4404 0.065849 0.463575  0.470576
3912 0.404034 0.173843  0.422123
1994 0.150617 0.61351  0.235873
3732 0.481967 0.465796  0.0522367
2803 0.449426 0.224777  0.325797
3913 0.502217 0.40461  0.0931733
3910 0.395756 0.127623  0.47662
3830 0.259968 0.519584  0.220448
3831 0.318209 0.421533  0.260258
1174 0.354982 0.257789  0.387228
1809 0.0999987 0.794244  0.105757
4263 0.514733 0.154392  0.330875
1418 0.285071 0.392281  0.322648
1822 0.166356 0.579982  0.253662
4371 0.631833 0.340535  0.027632
2171 0.20446 0.0877921  0.707748
509 0.560691 0.215622  0.223687
1317 0.1986 0.253492  0.547908
3828 0.450015 0.269386  0.280599
2957 0.600609 0.109781  0.28961
2085 0.502272 0.172542  0.325186
681 0.0817872 0.448606  0.469607
1411 0.542809 0.442328  0.0148632
1253 0.423618 0.333665  0.242717
4473 0.44338 0.0437556  0.512864
2923 0.393487 0.254901  0.351612
3620 0.339454 0.623356  0.0371901
3248 0.119462 0.0925362  0.788002
3379 0.434829 0.131301  0.43387
1832 0.510981 0.340279  0.148741
3418 0.468542 0.398525  0.132932
4326 0.231494 0.0976125  0.670893
4160 0.532467 0.400488  0.0670446
2007 0.136261 0.83126  0.0324787
4441 0.336346 0.607581  0.056073
2759 0.415518 0.318504  0.265977
3708 0.446851 0.361341  0.191808
1113 0.325713 0.230042  0.444245
3808 0.349955 0.391466  0.258579
1906 0.416899 0.216875  0.366226
3943 0.206163 0.160711  0.633126
1311 0.66815 0.278986  0.0528633
3637 0.236881 0.401537  0.361582
1854 0.593821 0.166675  0.239503
1307 0.157192 0.53095  0.311858
3246 0.125511 0.117471  0.757017
3903 0.484879 0.347065  0.168056
997 0.225459 0.276971  0.49757
1246 0.559081 0.324375  0.116544
3948 0.437462 0.388005  0.174532
2238 0.0823135 0.33848  0.579206
4526 0.369118 0.60608  0.0248021
650 0.455176 0.385098  0.159726
3946 0.470006 0.0665431  0.463451
2059 0.531856 0.431754  0.0363902
4001 0.421739 0.560588  0.0176725
2574 0.850297 0.0693892  0.0803143
1512 0.237636 0.224678  0.537686
3705 0.401866 0.237028  0.361106
4474 0.0535487 0.458832  0.48762
182 0.625224 0.330697  0.0440787
1228 0.31541 0.246021  0.438568
1416 0.63496 0.152829  0.212211
820 0.239557 0.307619  0.452824
3322 0.468748 0.342905  0.188347
339 0.0837475 0.564176  0.352077
1931 0.256028 0.229391  0.51458
3992 0.192351 0.274925  0.532723
1348 0.0470989 0.424108  0.528793
1556 0.423446 0.350986  0.225568
1863 0.0974095 0.532348  0.370243
3851 0.532004 0.325852  0.142144
2142 0.498506 0.0888416  0.412652
1933 0.257988 0.383095  0.358917
4013 0.352224 0.472484  0.175292
514 0.439222 0.340383  0.220395
4267 0.414186 0.131  0.454814
1710 0.0322435 0.548365  0.419391
1721 0.0987075 0.331737  0.569555
12 0.316119 0.442018  0.241864
4095 0.114675 0.29403  0.591295
1044 0.423725 0.256624  0.31965
1953 0.149369 0.251502  0.599129
3920 0.601581 0.248262  0.150157
3867 0.403855 0.281671  0.314475
4317 0.123839 0.3806  0.495561
3662 0.355645 0.453537  0.190818
4139 0.327134 0.559067  0.113799
4004 0.382036 0.1482  0.469765
2045 0.12899 0.399449  0.47156
3832 0.0652624 0.472812  0.461926
1798 0.137937 0.275527  0.586536
1062 0.424112 0.339118  0.236771
3418 0.0940643 0.562837  0.343098
971 0.356472 0.468791  0.174737
3378 0.18632 0.451473  0.362207
2134 0.42748 0.229934  0.342585
1716 0.153624 0.781938  0.0644378
1349 0.297613 0.076069  0.626318
1814 0.26408 0.264595  0.471325
4183 0.294635 0.275669  0.429696
3435 0.278948 0.471177  0.249875
39 0.208313 0.247035  0.544652
3635 0.213796 0.615408  0.170796
4559 0.422215 0.380784  0.197001
3652 0.0410443 0.113713  0.845243
2095 0.390862 0.185781  0.423358
2139 0.341712 0.455202  0.203085
59 0.218731 0.390462  0.390807
1810 0.350467 0.365577  0.283956
3876 0.102347 0.426726  0.470927
1116 0.286204 0.302965  0.410831
3645 0.115335 0.438395  0.44627
2800 0.307619 0.302324  0.390057
4004 0.128496 0.794541  0.0769623
1408 0.414411 0.280553  0.305036
1654 0.429609 0.546053  0.0243378
154 0.466971 0.146205  0.386823
3825 0.475269 0.0657943  0.458937
3935 0.347477 0.392423  0.2601
1955 0.428705 0.137266  0.434029
2099 0.404102 0.453585  0.142314
2359 0.295324 0.275057  0.429619
1345 0.49977 0.149256  0.350974
2924 0.477309 0.105607  0.417084
3221 0.127882 0.394732  0.477386
1621 0.266461 0.425322  0.308217
1359 0.486625 0.307016  0.206359
4269 0.38076 0.433247  0.185992
1007 0.445895 0.357741  0.196364
2024 0.559931 0.112432  0.327637
3850 0.412348 0.0874334  0.500218
2002 0.658229 0.296419  0.0453515
1112 0.0181711 0.470863  0.510966
651 0.337424 0.334984  0.327592
3951 0.250685 0.220729  0.528587
4303 0.0260715 0.54552  0.428409
3023 0.414088 0.439985  0.145927
1082 0.364369 0.313667  0.321963
1596 0.0502881 0.594342  0.35537
1726 0.63253 0.0409528  0.326517
2739 0.223747 0.320101  0.456152
1571 0.214982 0.35929  0.425729
1542 0.0704113 0.485271  0.444318
3622 0.418263 0.511358  0.070379
1592 0.147038 0.329717  0.523245
1486 0.31521 0.418886  0.265905
1423 0.187928 0.427009  0.385062
1281 0.247723 0.350683  0.401594
1882 0.352571 0.36829  0.279139
4230 0.139381 0.321391  0.539229
4162 0.278033 0.579683  0.142285
1811 0.332544 0.417836  0.24962
3176 0.703808 0.112283  0.183909
1117 0.519098 0.365721  0.115181
1608 0.375356 0.344522  0.280122
2004 0.281863 0.354962  0.363175
1372 0.365687 0.611993  0.0223194
1362 0.136738 0.461653  0.401609
1019 0.0139275 0.674281  0.311792
4382 0.46772 0.393071  0.13921
2435 0.0852981 0.705985  0.208717
4070 0.561693 0.217741  0.220566
1816 0.515189 0.437595  0.0472163
1818 0.212346 0.662162  0.125492
3289 0.221161 0.508465  0.270374
1126 0.234718 0.469595  0.295687
1974 0.543469 0.061445  0.395086
1882 0.293394 0.460598  0.246008
3930 0.367182 0.0235753  0.609243
1985 0.248039 0.321519  0.430442
1174 0.31959 0.311635  0.368775
1005 0.540168 0.0495183  0.410313
3553 0.101506 0.54223  0.356264
4114 0.478641 0.0354757  0.485883
3752 0.342488 0.249077  0.408435
2139 0.54307 0.165021  0.291909
4246 0.422161 0.00914502  0.568694
2251 0.0765379 0.870024  0.0534377
1470 0.18102 0.220465  0.598515
107 0.339028 0.503756  0.157216
3574 0.35587 0.0563036  0.587827
1811 0.222042 0.0314839  0.746475
4250 0.0792193 0.70745  0.213331
2061 0.504191 0.154017  0.341792
3942 0.680271 0.10838  0.211348
2007 0.161316 0.242913  0.595771
1521 0.108332 0.661367  0.230301
1821 0.11098 0.6353  0.25372
3958 0.500915 0.404153  0.0949327
4349 0.273293 0.429262  0.297445
1597 0.315097 0.54154  0.143363
2140 0.246059 0.677939  0.0760019
2220 0.17874 0.400171  0.421089
1104 0.214104 0.383778  0.402118
3070 0.0365772 0.341487  0.621935
2060 0.182828 0.445817  0.371355
4141 0.357395 0.316466  0.326139
1820 0.530094 0.147679  0.322227
1522 0.722296 0.238061  0.0396432
1887 0.422808 0.0564201  0.520772
1363 0.194435 0.0172304  0.788335
1068 0.129793 0.49682  0.373387
3226 0.298984 0.288298  0.412719
2826 0.372768 0.249685  0.377547
4234 0.649733 0.235882  0.114385
136 0.204027 0.122218  0.673754
1958 0.389362 0.541688  0.0689499
3562 0.282242 0.240377  0.477381
1945 0.675615 0.242773  0.0816116
436 0.116218 0.327807  0.555975
4266 0.0273503 0.39626  0.57639
4150 0.0102738 0.58194  0.407786
4357 0.382867 0.0936678  0.523465
2076 0.414167 0.380438  0.205396
327 0.434181 0.329114  0.236705
2456 0.28441 0.476786  0.238803
2399 0.130111 0.517152  0.352738
895 0.441924 0.0772664  0.48081
1953 0.480737 0.407172  0.112091
4450 0.428521 0.430389  0.141089
3680 0.440934 0.452367  0.106699
3566 0.361216 0.295555  0.343229
4007 0.486111 0.200229  0.31366
1981 0.640021 0.162655  0.197323
3432 0.219938 0.440509  0.339553
1824 0.2371 0.497445  0.265455
1451 0.185783 0.254318  0.559899
4460 0.216352 0.115495  0.668153
1675 0.548177 0.383046  0.0687775
3260 0.241767 0.521748  0.236485
1851 0.397904 0.40041  0.201686
1085 0.415234 0.151463  0.433303
2284 0.280016 0.350619  0.369365
3856 0.613804 0.173244  0.212952
3623 0.424188 0.122771  0.453041
4193 0.201394 0.31757  0.481037
4047 0.391567 0.380116  0.228316
4176 0.44067 0.126685  0.432645
1174 0.114035 0.348424  0.537541
1004 0.0156174 0.510754  0.473629
3746 0.48236 0.113024  0.404616
1572 0.571713 0.176598  0.251689
4321 0.442661 0.262664  0.294675
1837 0.386952 0.099163  0.513885
1528 0.0341186 0.529067  0.436814
328 0.487307 0.314665  0.198027
3154 0.628914 0.321543  0.0495429
3857 0.0533016 0.512743  0.433955
2162 0.264133 0.25456  0.481307
1289 0.166329 0.375656  0.458015
2147 0.455111 0.4206  0.124289
1434 0.126014 0.147287  0.726699
4532 0.170884 0.161953  0.667163
3785 0.473288 0.274933  0.251779
4338 0.596259 0.110058  0.293683
344 0.256366 0.215405  0.528229
540 0.466661 0.175184  0.358155
4540 0.230593 0.614684  0.154723
4180 0.261895 0.661703  0.0764022
954 0.320454 0.150518  0.529029
3882 0.115013 0.447434  0.437553
4428 0.37079 0.597949  0.0312604
3698 0.241263 0.268561  0.490176
1726 0.303641 0.230438  0.465921
1108 0.52458 0.15138  0.32404
3546 0.460148 0.118553  0.421299
4137 0.238699 0.697478  0.0638234
3319 0.0368742 0.653834  0.309292
1227 0.450125 0.349727  0.200148
1969 0.356452 0.330284  0.313264
4343 0.469147 0.233052  0.297801
1350 0.174482 0.752832  0.0726861
4068 0.199452 0.525852  0.274696
3609 0.270915 0.125261  0.603824
3879 0.67057 0.1657  0.163731
327 0.205971 0.115231  0.678798
2041 0.327513 0.277035  0.395452
3664 0.0433366 0.636871  0.319792
3664 0.256802 0.330449  0.412749
4220 0.646652 0.111885  0.241463
2071 0.426519 0.179155  0.394327
1109 0.292317 0.124312  0.583371
2778 0.355433 0.422568  0.221999
1989 0.151509 0.54398  0.304511
1438 0.288998 0.37018  0.340822
1000 0.52382 0.440095  0.0360843
3687 0.232361 0.518414  0.249225
2038 0.158045 0.788511  0.0534437
755 0.212651 0.405888  0.381461
2386 0.38814 0.470387  0.141473
4075 0.246027 0.375051  0.378922
4248 0.292562 0.373951  0.333488
1941 0.238468 0.184442  0.57709
4143 0.39934 0.255381  0.34528
1242 0.256202 0.258791  0.485007
1620 0.336684 0.578821  0.0844945
4224 0.289248 0.337358  0.373394
1652 0.398775 0.525982  0.0752429
3609 0.392835 0.347318  0.259847
39 0.623871 0.064575  0.311554
2411 0.243565 0.311943  0.444492
3866 0.35083 0.388468  0.260702
2029 0.269208 0.305621  0.425171
466 0.0392519 0.356589  0.604159
1106 0.0100911 0.472337  0.517572
1894 0.0551922 0.5618  0.383008
2581 0.0386868 0.246796  0.714517
3843 0.139346 0.357128  0.503526
4358 0.120149 0.2983  0.581551
4436 0.0948754 0.590769  0.314355
1595 0.437638 0.127049  0.435313
2145 0.328282 0.48813  0.183588
4373 0.180722 0.724834  0.0944434
1654 0.268507 0.367505  0.363988
3621 0.192518 0.306143  0.501339
3552 0.331182 0.5236  0.145218
1543 0.0738361 0.376906  0.549258
2526 0.192762 0.396436  0.410802
4104 0.237214 0.400128  0.362658
2096 0.109196 0.508582  0.382222
425 0.279079 0.328682  0.392239
1988 0.359469 0.342746  0.297785
4224 0.519733 0.139307  0.34096
4264 0.153221 0.0992997  0.747479
1291 0.549986 0.270054  0.17996
1671 0.159432 0.641816  0.198752
197 0.0747626 0.719752  0.205485
2117 0.263919 0.0938239  0.642257
4019 0.201774 0.432304  0.365923
3137 0.160493 0.329029  0.510478
3501 0.356924 0.435106  0.20797
1369 0.331736 0.279795  0.388469
1485 0.494712 0.418242  0.0870455
3635 0.343496 0.418293  0.23821
3838 0.673779 0.102357  0.223863
4468 0.265382 0.651909  0.0827096
2870 0.288493 0.149702  0.561804
1020 0.17513 0.338803  0.486067
3515 0.368323 0.442695  0.188982
3889 0.182648 0.17328  0.644072
3620 0.383542 0.261968  0.35449
3754 0.528035 0.427724  0.0442414
3316 0.533489 0.0957439  0.370767
1757 0.251724 0.455741  0.292535
1568 0.469059 0.133142  0.397799
107 0.102402 0.558935  0.338662
3798 0.148574 0.115325  0.736101
1415 0.137831 0.552575  0.309594
137 0.208512 0.147998  0.64349
4254 0.316206 0.46546  0.218334
2045 0.0663229 0.714959  0.218718
1640 0.0669134 0.607935  0.325152
1066 0.314568 0.407607  0.277825
2703 0.0763383 0.300472  0.62319
800 0.32492 0.145314  0.529766
1581 0.546305 0.14755  0.306145
4396 0.308044 0.207332  0.484624
1595 0.463957 0.255193  0.28085
933 0.347708 0.178285  0.474007
2527 0.451918 0.244277  0.303805
4361 0.453544 0.124377  0.422079
1367 0.242093 0.183674  0.574232
4400 0.350371 0.237532  0.412096
2277 0.159158 0.148992  0.691851
768 0.439642 0.213  0.347358
2790 0.232506 0.36633  0.401164
2073 0.191879 0.609437  0.198683
3282 0.642052 0.339824  0.0181239
1467 0.0972749 0.284471  0.618254
3845 0.259769 0.42533  0.314901
3688 0.450912 0.032127  0.516961
1316 0.176897 0.508471  0.314631
3509 0.513092 0.425303  0.0616048
1994 0.123309 0.497255  0.379437
1814 0.308672 0.404524  0.286804
3216 0.196744 0.0223555  0.780901
4255 0.119119 0.456127  0.424754
446 0.606062 0.290014  0.103924
1377 0.317497 0.168464  0.514039
3313 0.375062 0.348023  0.276915
1900 0.468271 0.3273  0.204428
2183 0.525975 0.375949  0.0980759
3826 0.298317 0.297561  0.404122
3235 0.287968 0.304677  0.407356
328 0.494506 0.0217634  0.483731
2765 0.369117 0.3047  0.326183
2361 0.453838 0.0286171  0.517545
137 0.371052 0.279954  0.348994
1403 0.605271 0.102906  0.291823
4466 0.324976 0.164239  0.510785
1393 0.0613034 0.561796  0.376901
3859 0.665546 0.123257  0.211197
1081 0.363502 0.404409  0.232089
3837 0.312674 0.375164  0.312162
1821 0.229798 0.06098  0.709222
3898 0.0330247 0.505094  0.461881
940 0.190822 0.386437  0.42274
4081 0.490448 0.401117  0.108434
6 0.192566 0.452403  0.355031
1364 0.179938 0.380643  0.439419
1400 0.55652 0.415235  0.0282455
2127 0.471459 0.337411  0.19113
1561 0.265738 0.571305  0.162957
450 0.571566 0.167086  0.261348
4072 0.525419 0.428753  0.0458284
1589 0.340479 0.395066  0.264455
4563 0.0664121 0.366624  0.566964
1443 0.220248 0.390499  0.389253
3510 0.0623562 0.718393  0.219251
3853 0.335009 0.276699  0.388292
4240 0.373305 0.0866149  0.54008
302 0.367787 0.0730868  0.559126
3739 0.332834 0.442547  0.224618
1543 0.202278 0.415824  0.381898
912 0.32965 0.33423  0.33612
4079 0.38157 0.270634  0.347796
4297 0.250547 0.40919  0.340263
4401 0.131289 0.354624  0.514087
882 0.483564 0.236633  0.279803
2097 0.0214147 0.438688  0.539898
3246 0.12896 0.548633  0.322407
1175 0.404098 0.240522  0.35538
1227 0.451014 0.509586  0.0393996
1710 0.523208 0.217906  0.258886
3695 0.527695 0.02312  0.449185
1404 0.416246 0.454429  0.129325
3618 0.358948 0.362685  0.278367
3332 0.22082 0.426304  0.352875
1820 0.48779 0.138309  0.373902
1640 0.351932 0.160385  0.487683
4266 0.0261524 0.786427  0.18742
4316 0.0904395 0.487306  0.422254
1745 0.486432 0.0569985  0.456569
4477 0.690408 0.297698  0.0118936
2192 0.150239 0.588457  0.261304
4227 0.273233 0.262386  0.464381
4250 0.745584 0.166821  0.0875954
3838 0.104376 0.482018  0.413606
687 0.385424 0.471712  0.142863
1061 0.0670052 0.449174  0.48382
1438 0.404014 0.297612  0.298374
2115 0.0996152 0.461942  0.438442
4093 0.484061 0.282254  0.233684
3017 0.364727 0.322115  0.313158
4523 0.399939 0.361874  0.238187
903 0.451353 0.394684  0.153964
2138 0.327975 0.0773522  0.594673
2300 0.373101 0.427478  0.199422
4507 0.469482 0.0699925  0.460525
3210 0.399136 0.459049  0.141814
1734 0.301017 0.172651  0.526332
1592 0.317333 0.429038  0.253629
106 0.202245 0.373219  0.424536
1432 0.0768267 0.362958  0.560215
2083 0.523035 0.259976  0.216988
1978 0.489885 0.0203715  0.489744
2103 0.254297 0.317331  0.428372
180 0.55677 0.098177  0.345053
183 0.127587 0.204043  0.66837
3589 0.318261 0.0448615  0.636877
3651 0.229742 0.309856  0.460401
1637 0.264509 0.418351  0.31714
1391 0.159262 0.364434  0.476304
1441 0.404022 0.176185  0.419793
4326 0.384492 0.476159  0.139349
4414 0.391819 0.404333  0.203848
1296 0.298071 0.0357216  0.666207
3828 0.291049 0.288778  0.420173
879 0.448015 0.120381  0.431605
3676 0.437427 0.316091  0.246482
2700 0.509831 0.281703  0.208466
2150 0.401324 0.5215  0.0771765
327 0.519631 0.0245925  0.455776
3400 0.457638 0.168043  0.374319
4426 0.447658 0.418595  0.133748
2284 0.555722 0.364188  0.0800895
1573 0.549261 0.0434428  0.407296
1286 0.680387 0.277034  0.0425782
2110 0.316062 0.468763  0.215175
2221 0.350787 0.373897  0.275316
2129 0.110226 0.428665  0.46111
3707 0.403938 0.230582  0.36548
612 0.073095 0.449265  0.47764
4419 0.326495 0.505425  0.16808
1419 0.660389 0.200008  0.139603
3798 0.407583 0.503104  0.0893135
274 0.193321 0.0179589  0.78872
3732 0.375496 0.273203  0.351301
1352 0.478572 0.447649  0.0737787
2827 0.576843 0.189054  0.234103
1393 0.193139 0.535899  0.270962
4272 0.436355 0.245704  0.317941
3554 0.225129 0.230742  0.544129
724 0.186355 0.151073  0.662573
1946 0.757508 0.16703  0.0754623
