29748 0.648247 0.127299  0.224455
45767 0.252007 0.310517  0.437476
45807 0.417787 0.424464  0.157748
35897 0.316607 0.10763  0.575764
26690 0.163313 0.256855  0.579832
13758 0.392509 0.266866  0.340626
46294 0.594084 0.270731  0.135184
34423 0.311803 0.473974  0.214223
39427 0.469876 0.169519  0.360605
45371 0.0348034 0.55269  0.412506
4254 0.466765 0.272469  0.260766
45652 0.595308 0.197784  0.206908
42893 0.482713 0.346333  0.170954
19208 0.301378 0.123908  0.574714
35712 0.100192 0.36539  0.534418
23135 0.0264702 0.575215  0.398315
33780 0.324385 0.258804  0.416811
22014 0.478282 0.363614  0.158104
42865 0.0726126 0.445253  0.482134
33013 0.292856 0.461912  0.245231
18742 0.115541 0.488332  0.396127
44304 0.488038 0.0771914  0.434771
32762 0.372086 0.479673  0.148242
44290 0.4066 0.306504  0.286895
24428 0.0403706 0.847845  0.111784
49509 0.262643 0.204431  0.532926
25795 0.368802 0.455103  0.176095
27134 0.463939 0.195363  0.340698
13737 0.42937 0.214389  0.356241
34988 0.476463 0.0948944  0.428643
30798 0.319252 0.151656  0.529091
11968 0.335763 0.301229  0.363008
13097 0.561233 0.154326  0.284441
45015 0.329241 0.20464  0.466119
35608 0.226081 0.381129  0.392791
46077 0.203662 0.488891  0.307447
32026 0.360854 0.247138  0.392009
25271 0.199129 0.189235  0.611636
7765 0.540904 0.339183  0.119913
39747 0.197213 0.220432  0.582355
44213 0.341847 0.27979  0.378363
2961 0.162396 0.185253  0.652351
40728 0.376954 0.16897  0.454076
36585 0.20922 0.387493  0.403287
46547 0.275647 0.483578  0.240775
43403 0.505592 0.195269  0.299139
15869 0.160103 0.395255  0.444642
19837 0.344408 0.302203  0.353389
44826 0.570762 0.330353  0.0988847
27863 0.0111577 0.303667  0.685175
45253 0.47707 0.0743403  0.44859
49914 0.201009 0.452044  0.346947
12391 0.0889912 0.86873  0.0422786
29523 0.560278 0.288092  0.15163
44528 0.408776 0.296715  0.294509
14966 0.449818 0.0660008  0.484182
2126 0.405565 0.207993  0.386443
46516 0.256096 0.421991  0.321913
39728 0.265557 0.259122  0.47532
32519 0.0588209 0.512599  0.42858
40868 0.196172 0.408618  0.39521
43840 0.276938 0.337593  0.385469
39378 0.300255 0.448193  0.251551
32487 0.409732 0.256357  0.333911
39784 0.423656 0.225422  0.350922
42125 0.56801 0.213914  0.218075
44635 0.504194 0.116653  0.379153
29616 0.623266 0.040991  0.335743
28093 0.417139 0.321421  0.26144
3083 0.266195 0.179374  0.55443
19828 0.45082 0.263037  0.286142
37741 0.198097 0.600442  0.20146
9939 0.394951 0.334559  0.27049
46590 0.310711 0.411078  0.278211
36815 0.148719 0.301111  0.550171
41529 0.382835 0.323856  0.29331
33827 0.280176 0.15092  0.568904
37168 0.120278 0.438982  0.44074
29262 0.112252 0.614473  0.273275
31348 0.318887 0.154052  0.527061
36443 0.368401 0.232995  0.398604
39110 0.421998 0.457798  0.120204
40537 0.436711 0.355245  0.208044
45328 0.331055 0.158159  0.510786
46062 0.379681 0.427823  0.192496
33578 0.334021 0.174731  0.491248
20545 0.489682 0.325852  0.184467
44715 0.0203749 0.493014  0.486611
41187 0.702422 0.14196  0.155618
38015 0.123025 0.362599  0.514376
20104 0.558419 0.283272  0.15831
41661 0.0711564 0.313098  0.615746
44314 0.266839 0.361254  0.371907
20275 0.296226 0.361437  0.342337
43374 0.658062 0.233431  0.108507
39820 0.39642 0.10545  0.49813
39981 0.699592 0.2652  0.0352084
34725 0.627306 0.233487  0.139207
34787 0.598769 0.13991  0.261321
27587 0.0887021 0.0849922  0.826306
43675 0.182867 0.664091  0.153042
1820 0.47987 0.124964  0.395166
46402 0.87492 0.109909  0.0151706
40368 0.0673757 0.593409  0.339215
15012 0.142299 0.646268  0.211433
45286 0.485781 0.123229  0.39099
47105 0.346897 0.284709  0.368394
36563 0.421618 0.193381  0.385001
15787 0.370133 0.035881  0.593986
14587 0.13042 0.437872  0.431708
45545 0.249039 0.337798  0.413163
35497 0.096734 0.780941  0.122325
40666 0.20403 0.447122  0.348848
42781 0.382355 0.366575  0.25107
34276 0.602381 0.167969  0.22965
18825 0.365281 0.263659  0.37106
48452 0.459918 0.0295555  0.510527
31408 0.276512 0.0991541  0.624334
36236 0.394246 0.165485  0.440269
49266 0.259706 0.282751  0.457543
37992 0.247822 0.285547  0.466631
13531 0.169944 0.592277  0.237779
33632 0.0202325 0.54425  0.435518
33724 0.0764991 0.385305  0.538196
46183 0.0551622 0.150043  0.794795
26682 0.699802 0.201433  0.0987649
41503 0.618423 0.364116  0.017461
44505 0.28892 0.302869  0.40821
45241 0.506367 0.300736  0.192897
9429 0.320367 0.283716  0.395917
9035 0.211192 0.696967  0.0918412
41703 0.46687 0.197277  0.335853
4865 0.194311 0.695901  0.109787
24899 0.0849528 0.115769  0.799278
24102 0.385353 0.295677  0.31897
24099 0.216266 0.339802  0.443931
31108 0.581621 0.308154  0.110225
19946 0.600964 0.211818  0.187218
46018 0.385007 0.370188  0.244805
27293 0.389327 0.353581  0.257092
47048 0.530101 0.0162495  0.45365
394 0.0578033 0.523616  0.418581
44878 0.56482 0.327254  0.107926
22249 0.203535 0.666362  0.130103
47722 0.33137 0.353462  0.315169
33129 0.400743 0.536311  0.062946
43351 0.44688 0.127486  0.425633
37315 0.686502 0.209179  0.104319
35246 0.159414 0.326246  0.514339
4235 0.294767 0.132056  0.573177
39174 0.373072 0.203564  0.423365
39266 0.543853 0.202372  0.253775
42725 0.490661 0.362609  0.14673
44898 0.23858 0.323555  0.437865
48603 0.322622 0.422244  0.255134
39779 0.215369 0.197712  0.586919
23169 0.233698 0.518951  0.247351
36170 0.785103 0.0915428  0.123354
9556 0.63937 0.26803  0.0925996
38284 0.454699 0.415481  0.129821
36523 0.128446 0.023239  0.848315
40333 0.312383 0.277953  0.409664
40712 0.208742 0.748064  0.0431941
19282 0.276932 0.244394  0.478674
2778 0.514979 0.0562569  0.428764
38561 0.255709 0.138315  0.605976
19606 0.277395 0.297169  0.425436
30643 0.499838 0.245889  0.254273
44410 0.571544 0.260133  0.168323
43039 0.214223 0.444683  0.341094
25053 0.438841 0.0952253  0.465934
33616 0.646216 0.0532803  0.300504
34112 0.258363 0.0368038  0.704833
40563 0.226682 0.701675  0.0716439
41316 0.396649 0.216033  0.387318
37700 0.0932688 0.508954  0.397777
41244 0.322782 0.051935  0.625283
44929 0.312105 0.428873  0.259022
45567 0.828432 0.00881689  0.162751
45597 0.137306 0.65881  0.203884
6672 0.524959 0.0169815  0.458059
48002 0.210205 0.126993  0.662802
23915 0.141188 0.793505  0.0653073
45304 0.443864 0.217243  0.338893
37968 0.296865 0.330019  0.373116
21202 0.345587 0.224582  0.429831
35399 0.0348479 0.315183  0.64997
47916 0.386751 0.235757  0.377492
17967 0.472924 0.517161  0.00991452
41400 0.0808233 0.701287  0.21789
24251 0.433691 0.172644  0.393664
35639 0.0770643 0.16524  0.757695
35451 0.110106 0.572392  0.317502
43292 0.238708 0.217937  0.543355
37429 0.45898 0.371067  0.169953
46873 0.370006 0.336786  0.293208
44952 0.269933 0.342563  0.387504
33532 0.17876 0.30021  0.52103
43453 0.143672 0.386451  0.469876
35134 0.466812 0.054866  0.478322
43416 0.0318203 0.3511  0.61708
37862 0.539388 0.162327  0.298285
39194 0.404697 0.287107  0.308196
44448 0.431557 0.441763  0.12668
31844 0.482391 0.224532  0.293077
21615 0.51989 0.0271702  0.452939
44506 0.407376 0.532478  0.0601461
46765 0.326297 0.194401  0.479301
35495 0.198579 0.342184  0.459237
38271 0.756012 0.200799  0.0431896
45353 0.270272 0.42384  0.305889
45474 0.398177 0.205734  0.396089
24136 0.174717 0.133151  0.692132
43056 0.502967 0.225959  0.271074
7338 0.0865995 0.443123  0.470277
3785 0.310696 0.350323  0.338981
46232 0.225863 0.36756  0.406577
44164 0.232289 0.0541976  0.713513
44925 0.868655 0.0160914  0.115254
20863 0.024373 0.45393  0.521697
34221 0.0776284 0.437859  0.484513
16974 0.400083 0.285414  0.314503
48104 0.500878 0.413532  0.0855897
23107 0.284097 0.359085  0.356818
41726 0.363364 0.308425  0.328211
44529 0.168966 0.241766  0.589267
24647 0.375995 0.593665  0.0303403
11761 0.429601 0.135255  0.435144
40180 0.372956 0.304264  0.32278
39622 0.304466 0.397726  0.297807
2993 0.357276 0.268944  0.373781
17189 0.429911 0.13062  0.439469
44515 0.519433 0.358876  0.121691
44631 0.249425 0.396417  0.354158
34196 0.508125 0.158228  0.333647
3398 0.344626 0.271429  0.383945
43363 0.333243 0.364016  0.30274
39819 0.401235 0.264459  0.334307
28636 0.395036 0.41186  0.193104
34259 0.311965 0.0587186  0.629316
15827 0.755096 0.023014  0.22189
29918 0.194816 0.396211  0.408973
24380 0.213907 0.254548  0.531545
31863 0.143984 0.617288  0.238728
45156 0.484189 0.289543  0.226268
31003 0.213101 0.472257  0.314642
47479 0.318755 0.488488  0.192757
18664 0.203989 0.146975  0.649036
30813 0.378201 0.152438  0.469362
43943 0.364994 0.0939467  0.541059
21972 0.279469 0.434485  0.286046
44938 0.218567 0.54947  0.231963
24162 0.47792 0.46952  0.0525595
31245 0.380686 0.363034  0.25628
46090 0.363613 0.182483  0.453904
1073 0.533604 0.355199  0.111196
3245 0.0884307 0.392762  0.518808
20653 0.374496 0.213445  0.412059
18362 0.497362 0.19243  0.310208
4663 0.154164 0.461219  0.384617
34669 0.106368 0.56103  0.332602
26696 0.576591 0.278857  0.144552
1975 0.366327 0.494239  0.139434
23095 0.214473 0.334425  0.451102
31703 0.128232 0.548719  0.323049
39201 0.308952 0.485372  0.205676
40705 0.577991 0.0756318  0.346377
45184 0.440858 0.151618  0.407524
45111 0.352069 0.297183  0.350748
40747 0.467307 0.234381  0.298312
3857 0.290068 0.450293  0.259639
40378 0.228145 0.286351  0.485505
22357 0.0896874 0.498972  0.41134
1500 0.491747 0.323388  0.184865
6777 0.0620212 0.394579  0.5434
43840 0.0210176 0.617347  0.361635
3900 0.0794481 0.41079  0.509761
33318 0.364862 0.236515  0.398623
6449 0.203435 0.379839  0.416725
26296 0.158205 0.738611  0.103184
42640 0.54511 0.121407  0.333483
44928 0.62426 0.363116  0.0126244
41154 0.0974343 0.422431  0.480134
39684 0.516938 0.327628  0.155434
4269 0.490045 0.337193  0.172761
44262 0.165135 0.403154  0.431711
45682 0.150026 0.387081  0.462893
35599 0.416884 0.391939  0.191177
18992 0.047256 0.0304293  0.922315
45321 0.504994 0.104921  0.390085
26495 0.929392 0.0446888  0.0259189
43836 0.304203 0.633511  0.0622865
2361 0.337644 0.00993534  0.65242
35730 0.560493 0.0508819  0.388625
27736 0.449473 0.214375  0.336151
9936 0.325376 0.525358  0.149266
43273 0.148525 0.442011  0.409464
37903 0.127683 0.516235  0.356083
43960 0.143308 0.466061  0.390631
21520 0.437452 0.0346091  0.527939
2507 0.25365 0.629408  0.116942
35975 0.113414 0.268184  0.618402
46004 0.1298 0.0897294  0.780471
9479 0.45734 0.0669262  0.475733
5489 0.300468 0.448063  0.251469
43331 0.186284 0.485822  0.327894
4104 0.511781 0.118835  0.369384
44752 0.211099 0.359721  0.42918
43441 0.416995 0.22203  0.360974
27434 0.515226 0.358144  0.126631
42422 0.410717 0.219774  0.369509
33709 0.597377 0.116798  0.285825
9337 0.357407 0.407374  0.235219
6601 0.0888789 0.173679  0.737442
13648 0.557034 0.05167  0.391296
38013 0.287006 0.351259  0.361735
4282 0.079948 0.461992  0.45806
26881 0.355022 0.354731  0.290246
30299 0.448994 0.0300394  0.520967
42178 0.411172 0.231585  0.357243
36676 0.344464 0.213548  0.441989
49989 0.546477 0.35193  0.101593
10067 0.416892 0.504204  0.0789033
43653 0.416112 0.332042  0.251846
20340 0.0182365 0.474336  0.507427
16940 0.387123 0.141529  0.471348
7641 0.316707 0.226519  0.456774
45836 0.105523 0.52861  0.365867
35585 0.613794 0.0857356  0.30047
493 0.360544 0.411235  0.228222
10046 0.211145 0.251271  0.537584
47628 0.30423 0.365065  0.330705
36242 0.395342 0.243759  0.360899
3480 0.332474 0.220827  0.446698
2413 0.405581 0.212049  0.38237
15246 0.201579 0.459642  0.338778
19817 0.362411 0.27807  0.359519
41798 0.249139 0.414574  0.336287
48037 0.488943 0.199616  0.311441
27201 0.659633 0.108615  0.231753
15175 0.428028 0.395532  0.17644
41059 0.206945 0.395963  0.397092
48411 0.3265 0.322077  0.351423
17507 0.155268 0.421382  0.42335
9312 0.492601 0.023612  0.483787
33997 0.0457954 0.211668  0.742537
45006 0.20717 0.359229  0.433601
46078 0.397318 0.314877  0.287804
29139 0.0373085 0.115852  0.846839
41909 0.114355 0.383577  0.502068
33496 0.240917 0.472119  0.286965
42121 0.167415 0.709023  0.123561
38960 0.47163 0.281096  0.247275
48730 0.258857 0.631192  0.109952
20990 0.24511 0.406332  0.348558
2764 0.584772 0.263789  0.151439
30827 0.395242 0.275145  0.329613
39878 0.294074 0.225484  0.480443
33335 0.0956946 0.421609  0.482696
45210 0.577728 0.331018  0.0912542
40910 0.171218 0.334281  0.494501
7358 0.369904 0.494829  0.135267
25768 0.117541 0.480379  0.402081
30693 0.07637 0.427  0.49663
21627 0.326025 0.381814  0.292161
44736 0.0412183 0.5626  0.396182
35078 0.0727756 0.417051  0.510174
11519 0.12942 0.428228  0.442353
43253 0.371372 0.492935  0.135693
47137 0.157745 0.404545  0.437711
11973 0.0520825 0.302744  0.645174
28398 0.373023 0.40029  0.226687
34539 0.161821 0.400695  0.437484
34790 0.266759 0.0619598  0.671281
30414 0.340777 0.456812  0.202411
45961 0.645121 0.20887  0.146009
34730 0.449615 0.453998  0.0963871
11656 0.390748 0.506856  0.102396
39654 0.71524 0.268595  0.016165
16960 0.064114 0.404978  0.530908
38695 0.292652 0.31955  0.387798
38903 0.493454 0.411231  0.0953148
27932 0.102147 0.207274  0.690579
18844 0.341453 0.287473  0.371074
10082 0.537305 0.314114  0.148581
19497 0.275274 0.382982  0.341744
33199 0.215132 0.281178  0.50369
29955 0.645194 0.340445  0.0143613
40432 0.534774 0.150484  0.314742
42500 0.476646 0.230887  0.292467
41499 0.43778 0.470349  0.0918713
41836 0.339708 0.338942  0.32135
18413 0.692755 0.117332  0.189913
26166 0.308791 0.336236  0.354973
24411 0.630297 0.131985  0.237718
27523 0.408715 0.258878  0.332407
32574 0.327934 0.457971  0.214095
42260 0.724967 0.0893402  0.185693
6279 0.0992564 0.66708  0.233664
33019 0.53968 0.356542  0.103779
36400 0.32401 0.0892411  0.586749
44589 0.437956 0.539071  0.0229723
28399 0.332245 0.459629  0.208125
29773 0.45323 0.256997  0.289773
44265 0.235299 0.384303  0.380397
38359 0.036908 0.115677  0.847415
3857 0.35201 0.545685  0.102305
44526 0.167506 0.502645  0.329849
1964 0.495264 0.27309  0.231646
35081 0.0691679 0.585638  0.345194
8479 0.43063 0.485979  0.0833913
7429 0.152393 0.355306  0.492302
39930 0.170532 0.658436  0.171032
6282 0.434641 0.19794  0.367418
31453 0.351187 0.150842  0.497971
44426 0.417792 0.189482  0.392725
40614 0.480229 0.485965  0.0338063
42385 0.42751 0.54085  0.0316404
16349 0.179724 0.188313  0.631964
45164 0.233718 0.434379  0.331903
47852 0.193912 0.478504  0.327584
18130 0.108851 0.526471  0.364678
43666 0.126418 0.210848  0.662734
44244 0.107571 0.0822844  0.810144
3148 0.395752 0.499566  0.104682
43446 0.248988 0.425554  0.325457
47308 0.266461 0.408506  0.325034
47829 0.259961 0.2743  0.465739
35040 0.463762 0.131303  0.404935
49994 0.14287 0.702752  0.154378
45450 0.626499 0.301587  0.0719143
6896 0.266781 0.16089  0.572329
26739 0.385066 0.355772  0.259162
30952 0.425761 0.21705  0.357189
35730 0.328136 0.494826  0.177038
41506 0.176684 0.289369  0.533946
44420 0.360492 0.192173  0.447335
43298 0.373647 0.340083  0.28627
5363 0.437778 0.384327  0.177895
41205 0.701113 0.0465784  0.252309
8100 0.278235 0.297563  0.424202
42876 0.317752 0.389893  0.292355
9933 0.220622 0.339878  0.439501
10984 0.591523 0.0889123  0.319565
32493 0.645277 0.0935877  0.261136
40060 0.526771 0.413162  0.0600673
44896 0.0858071 0.518244  0.395949
12276 0.370004 0.243937  0.386058
36244 0.175546 0.295654  0.5288
8606 0.0567912 0.300504  0.642704
35862 0.495954 0.0495463  0.454499
43989 0.145375 0.454749  0.399876
41858 0.140575 0.0642254  0.795199
1229 0.756875 0.0240399  0.219085
19311 0.526924 0.462303  0.0107726
31957 0.285859 0.45523  0.258911
37657 0.464232 0.376217  0.159552
18250 0.245576 0.577236  0.177189
44583 0.262419 0.0834807  0.6541
7077 0.20761 0.230771  0.561619
46888 0.387256 0.579922  0.0328218
38903 0.187442 0.791719  0.0208394
22844 0.247619 0.365124  0.387257
42859 0.167323 0.427512  0.405165
31422 0.50511 0.115827  0.379064
36931 0.490864 0.0667888  0.442347
35979 0.126693 0.526305  0.347002
39478 0.21842 0.653842  0.127738
39965 0.746733 0.235691  0.0175755
6133 0.098252 0.519647  0.382101
35692 0.38848 0.38192  0.2296
42421 0.382977 0.27289  0.344132
41339 0.678567 0.120214  0.201219
47252 0.607158 0.150765  0.242077
43051 0.0901054 0.0510354  0.858859
26347 0.321552 0.49105  0.187398
44252 0.170038 0.116688  0.713274
44305 0.0444977 0.381749  0.573753
32207 0.347101 0.364691  0.288208
25829 0.415377 0.285239  0.299383
34851 0.405685 0.280846  0.31347
2993 0.469537 0.307217  0.223246
46171 0.18313 0.469763  0.347107
26219 0.0981603 0.384595  0.517244
41643 0.15991 0.518837  0.321252
31833 0.381166 0.598698  0.0201364
46988 0.123302 0.0528971  0.823801
8152 0.265748 0.59544  0.138812
43373 0.290902 0.336737  0.372361
38602 0.213515 0.401239  0.385246
13374 0.202731 0.16161  0.635659
40212 0.728337 0.21798  0.053683
44354 0.436757 0.263981  0.299262
37293 0.45426 0.0945584  0.451181
43746 0.339272 0.232906  0.427822
19653 0.349157 0.345269  0.305574
31432 0.376229 0.156461  0.46731
28166 0.563179 0.321247  0.115573
1511 0.324773 0.361719  0.313508
45751 0.581731 0.148369  0.2699
39532 0.209877 0.538045  0.252078
13697 0.488771 0.375071  0.136158
21860 0.481163 0.429906  0.0889314
6413 0.403712 0.205728  0.390559
6223 0.286993 0.271633  0.441374
29105 0.286754 0.402485  0.310761
1236 0.112877 0.29664  0.590484
26997 0.420015 0.124558  0.455427
17854 0.417698 0.200172  0.382129
11033 0.18823 0.565678  0.246092
32505 0.502684 0.0441256  0.45319
12116 0.382072 0.378754  0.239174
35492 0.256304 0.228789  0.514907
35154 0.217836 0.310623  0.471541
43701 0.301338 0.438554  0.260108
35834 0.369155 0.377754  0.253091
43259 0.475039 0.149871  0.37509
34947 0.474087 0.0774252  0.448488
43529 0.221819 0.0294533  0.748728
45077 0.0630352 0.394631  0.542334
40009 0.510631 0.0284457  0.460923
18641 0.233083 0.0944622  0.672455
33316 0.70649 0.167072  0.126439
45920 0.7242 0.265192  0.0106083
46541 0.45902 0.256895  0.284085
11764 0.499909 0.382049  0.118042
37306 0.438467 0.364113  0.19742
40804 0.0917183 0.451534  0.456747
9544 0.40934 0.118273  0.472387
21882 0.0268006 0.50911  0.464089
7826 0.202231 0.282779  0.51499
41472 0.313533 0.115336  0.571131
6932 0.475536 0.154591  0.369873
36742 0.128548 0.411008  0.460444
36937 0.385499 0.217918  0.396582
49291 0.389526 0.238874  0.3716
36486 0.271345 0.600075  0.12858
47219 0.0410919 0.544044  0.414864
37611 0.0868506 0.312996  0.600153
42590 0.44727 0.108923  0.443807
36626 0.178878 0.598899  0.222223
39584 0.432472 0.27777  0.289758
21948 0.118981 0.79241  0.0886089
27759 0.529847 0.307248  0.162905
38440 0.14686 0.438323  0.414818
10485 0.313745 0.145367  0.540888
40810 0.34104 0.286523  0.372437
42444 0.49201 0.0720332  0.435957
38320 0.469458 0.447  0.0835425
24712 0.144212 0.519768  0.33602
39958 0.382496 0.441991  0.175513
34371 0.585851 0.0837632  0.330386
21426 0.32474 0.293178  0.382081
2384 0.144478 0.409912  0.44561
25705 0.327081 0.311629  0.361289
35508 0.521768 0.33442  0.143812
17243 0.390896 0.279827  0.329277
11508 0.339657 0.366796  0.293547
33875 0.197717 0.096157  0.706126
43334 0.203857 0.733429  0.0627135
15538 0.33379 0.192791  0.473418
35292 0.335949 0.449033  0.215018
18422 0.170483 0.0481391  0.781378
23760 0.16009 0.497879  0.342031
3092 0.536161 0.0580466  0.405793
46640 0.674125 0.0522915  0.273584
1079 0.315648 0.137035  0.547317
12310 0.437947 0.309481  0.252572
26839 0.500885 0.469899  0.029216
17491 0.297447 0.239703  0.462851
41687 0.200391 0.489139  0.310471
24949 0.713139 0.126131  0.160731
47218 0.299072 0.480216  0.220713
3591 0.372521 0.511439  0.11604
25678 0.883137 0.0264561  0.0904067
48601 0.20061 0.328815  0.470575
36369 0.34312 0.332441  0.324439
23104 0.171375 0.329121  0.499504
41866 0.396528 0.273528  0.329944
43817 0.323747 0.315899  0.360354
37445 0.270106 0.447791  0.282102
11941 0.478514 0.0789087  0.442578
3790 0.215576 0.456689  0.327735
48286 0.0786888 0.622345  0.298967
30499 0.350857 0.262629  0.386514
46026 0.186823 0.450718  0.36246
22022 0.20731 0.410235  0.382455
20162 0.190038 0.370996  0.438967
45124 0.461348 0.473595  0.0650579
19895 0.739102 0.225762  0.0351356
40104 0.524005 0.352706  0.123289
11753 0.707932 0.166646  0.125422
1461 0.334098 0.264156  0.401746
26305 0.250005 0.453119  0.296875
48338 0.350883 0.267093  0.382024
4572 0.366241 0.270168  0.363592
9223 0.768719 0.142208  0.0890737
20116 0.355033 0.50911  0.135856
17399 0.429757 0.303558  0.266685
1286 0.234077 0.449821  0.316101
20279 0.237233 0.358896  0.403871
47695 0.333013 0.388825  0.278162
45332 0.543903 0.202311  0.253786
29794 0.117963 0.537815  0.344222
29943 0.321988 0.1783  0.499711
4396 0.271611 0.125001  0.603389
42875 0.248381 0.250501  0.501119
35609 0.366573 0.210403  0.423023
43004 0.294252 0.295616  0.410132
37952 0.513911 0.333742  0.152347
34937 0.381947 0.305757  0.312295
30072 0.387722 0.230185  0.382093
34079 0.139096 0.385285  0.475619
45757 0.124435 0.45749  0.418075
46908 0.267226 0.281046  0.451729
34111 0.0956606 0.388299  0.516041
28364 0.364698 0.199499  0.435804
46509 0.551766 0.19015  0.258083
33606 0.380137 0.375689  0.244174
44607 0.548142 0.106291  0.345566
43828 0.452594 0.414541  0.132865
21758 0.314399 0.330711  0.35489
31374 0.303481 0.37417  0.322349
37848 0.385605 0.303906  0.310489
32318 0.184834 0.108995  0.70617
18363 0.323012 0.377569  0.299419
41405 0.119847 0.562111  0.318041
43641 0.360564 0.257292  0.382144
17904 0.106667 0.400928  0.492405
27064 0.244249 0.454842  0.300909
40396 0.118078 0.260931  0.620991
48859 0.157497 0.528059  0.314444
35353 0.322565 0.422797  0.254638
14993 0.674293 0.203129  0.122578
37516 0.363876 0.359592  0.276532
2417 0.0779179 0.568679  0.353403
43973 0.483616 0.390368  0.126016
39528 0.166468 0.384908  0.448624
17515 0.106126 0.647441  0.246433
31300 0.49959 0.370545  0.129865
48323 0.0118876 0.611309  0.376803
4733 0.686716 0.0564915  0.256793
48286 0.44214 0.163342  0.394517
26276 0.280725 0.377024  0.34225
24694 0.279382 0.290863  0.429756
16793 0.482652 0.456982  0.0603657
33052 0.37512 0.205575  0.419306
49161 0.356872 0.253575  0.389553
43606 0.40458 0.314799  0.280621
41092 0.482305 0.148265  0.36943
36008 0.139742 0.368774  0.491484
32987 0.0144142 0.668929  0.316657
41337 0.312935 0.395664  0.2914
31639 0.387591 0.549656  0.062753
1026 0.0709869 0.546725  0.382288
29104 0.395083 0.218346  0.386571
36435 0.396911 0.258911  0.344178
21779 0.238328 0.253497  0.508175
33796 0.118033 0.500588  0.38138
5172 0.151911 0.739025  0.109064
30180 0.117746 0.312295  0.569959
47320 0.381792 0.209886  0.408322
32786 0.337598 0.143994  0.518408
42323 0.145161 0.464075  0.390764
38410 0.183592 0.539243  0.277164
39214 0.357237 0.463756  0.179006
23578 0.243476 0.280298  0.476226
29404 0.0274654 0.366399  0.606136
35619 0.0847554 0.53121  0.384034
25144 0.416893 0.484667  0.0984403
42025 0.286636 0.265304  0.448059
6501 0.176421 0.663298  0.160281
6139 0.206718 0.481243  0.312039
29474 0.167604 0.263027  0.569369
48546 0.0903691 0.495019  0.414612
43978 0.376448 0.243093  0.380459
5787 0.499798 0.269096  0.231106
48891 0.132891 0.504083  0.363026
45158 0.167348 0.331213  0.501439
18729 0.340694 0.294759  0.364546
28000 0.546291 0.358829  0.0948797
38301 0.26031 0.362112  0.377577
27972 0.349059 0.150411  0.500529
3450 0.281611 0.251755  0.466634
39491 0.373273 0.337247  0.28948
38052 0.39194 0.461975  0.146085
28740 0.0442744 0.488673  0.467052
33863 0.140464 0.410322  0.449214
35090 0.439033 0.0155107  0.545456
30490 0.790326 0.0289481  0.180726
43770 0.322686 0.563272  0.114042
33914 0.433566 0.423907  0.142527
35869 0.13458 0.487637  0.377783
49993 0.280353 0.163059  0.556587
4995 0.0172076 0.525278  0.457514
35577 0.488782 0.48007  0.0311473
47204 0.328546 0.352604  0.31885
46705 0.0306572 0.553464  0.415878
1560 0.290057 0.0763917  0.633551
47594 0.565802 0.00768527  0.426512
25286 0.787532 0.190077  0.0223902
33238 0.470166 0.190995  0.338839
27381 0.535802 0.0278959  0.436302
27530 0.143254 0.453815  0.402931
46575 0.472691 0.130006  0.397303
23072 0.755559 0.211746  0.0326949
21773 0.483179 0.282187  0.234634
38278 0.12513 0.188672  0.686198
34624 0.140872 0.131041  0.728087
30677 0.279376 0.35385  0.366774
7238 0.301738 0.56932  0.128942
21708 0.30995 0.0342738  0.655776
41158 0.506472 0.346259  0.14727
9001 0.349138 0.335656  0.315205
43794 0.125409 0.134474  0.740117
34026 0.29874 0.184319  0.516941
47080 0.438644 0.220999  0.340356
40929 0.620443 0.165575  0.213982
47546 0.502505 0.0791756  0.41832
46819 0.683341 0.0531078  0.263551
21847 0.13437 0.158436  0.707194
40728 0.366921 0.174974  0.458105
24579 0.313354 0.341005  0.34564
47799 0.157155 0.547325  0.295519
18690 0.360946 0.259487  0.379566
6786 0.589803 0.0221673  0.388029
14318 0.807745 0.0405274  0.151728
33615 0.434499 0.526777  0.038724
40627 0.249558 0.358706  0.391737
45272 0.307703 0.530808  0.161488
12821 0.462743 0.231553  0.305705
44537 0.298792 0.202574  0.498633
298 0.343 0.347835  0.309164
34788 0.46703 0.192959  0.340011
7167 0.364267 0.311398  0.324336
42930 0.497689 0.291274  0.211036
516 0.334623 0.455958  0.209419
43159 0.591578 0.0714298  0.336992
17156 0.0849152 0.446779  0.468306
36163 0.452275 0.307291  0.240434
48096 0.75638 0.180658  0.0629621
30831 0.443392 0.54085  0.0157576
42245 0.327689 0.159279  0.513033
37324 0.235986 0.273233  0.490781
273 0.319044 0.471374  0.209582
48499 0.296897 0.318306  0.384797
34601 0.225291 0.466585  0.308124
47559 0.571868 0.202967  0.225166
45432 0.146688 0.48629  0.367022
43746 0.667231 0.167682  0.165087
31336 0.162444 0.526824  0.310732
49907 0.354107 0.306922  0.338971
29029 0.330355 0.0265778  0.643068
36666 0.132354 0.351085  0.516562
42562 0.644902 0.2127  0.142398
47726 0.277137 0.215035  0.507827
34111 0.348001 0.346049  0.30595
35479 0.530293 0.320695  0.149012
32334 0.337819 0.192548  0.469633
43096 0.218104 0.209296  0.5726
36827 0.267123 0.36439  0.368487
43036 0.493885 0.36742  0.138694
26410 0.37625 0.216219  0.407531
3237 0.376945 0.3033  0.319755
22436 0.277635 0.150079  0.572286
25723 0.261141 0.417375  0.321484
35857 0.466541 0.312184  0.221274
41931 0.460701 0.31557  0.223729
29253 0.461497 0.267497  0.271007
25580 0.21867 0.214902  0.566428
34555 0.428644 0.264177  0.307178
39570 0.0204747 0.688523  0.291002
7180 0.0339184 0.712989  0.253092
45360 0.421068 0.154823  0.424109
41290 0.713658 0.180053  0.106289
31441 0.249531 0.238643  0.511826
48661 0.00984269 0.478488  0.51167
37594 0.472096 0.225897  0.302006
43001 0.350221 0.488407  0.161372
9246 0.411241 0.16234  0.426419
35398 0.336026 0.185838  0.478136
37097 0.408108 0.232537  0.359356
36126 0.482949 0.184688  0.332364
38463 0.414099 0.411886  0.174015
43115 0.512185 0.183483  0.304332
19174 0.508099 0.0363876  0.455513
34915 0.667556 0.248449  0.083995
44712 0.0592017 0.629814  0.310985
36423 0.342249 0.333799  0.323952
44364 0.449094 0.075718  0.475188
18388 0.367257 0.432498  0.200245
1266 0.218095 0.568907  0.212998
40953 0.283978 0.49983  0.216192
41523 0.194775 0.0210236  0.784202
11725 0.253307 0.46638  0.280313
44172 0.32025 0.350292  0.329459
36708 0.209027 0.352054  0.438919
33016 0.033293 0.472422  0.494285
43948 0.0507224 0.622235  0.327043
46555 0.681008 0.0540383  0.264954
25687 0.0649073 0.651498  0.283594
28054 0.279895 0.460233  0.259872
2616 0.182281 0.473558  0.344162
29812 0.0792425 0.449349  0.471408
40396 0.294001 0.314509  0.39149
45629 0.276211 0.0476259  0.676163
2419 0.389587 0.43015  0.180262
6564 0.348687 0.373946  0.277367
34097 0.0525765 0.516708  0.430716
22426 0.525748 0.28678  0.187472
12305 0.239777 0.523199  0.237023
35415 0.675112 0.160791  0.164098
37237 0.321515 0.19072  0.487765
35187 0.196227 0.446995  0.356778
47032 0.127185 0.491401  0.381413
35221 0.0796179 0.502109  0.418273
35255 0.11617 0.362322  0.521507
44944 0.165415 0.282031  0.552555
39767 0.531508 0.223535  0.244957
8275 0.437768 0.14854  0.413692
41433 0.178553 0.264817  0.556631
43398 0.0261224 0.0517997  0.922078
33350 0.263273 0.213465  0.523262
35235 0.143064 0.539806  0.31713
14065 0.6789 0.182914  0.138187
43943 0.277442 0.243312  0.479246
46342 0.560253 0.225219  0.214528
43942 0.217397 0.282854  0.499749
41563 0.529087 0.140169  0.330743
27914 0.351287 0.383043  0.265671
11143 0.194124 0.419504  0.386372
34262 0.515103 0.202843  0.282054
16331 0.777226 0.0541655  0.168609
26417 0.313293 0.561938  0.124769
38821 0.0294175 0.46081  0.509773
9046 0.350246 0.292031  0.357723
29022 0.367913 0.06491  0.567177
7288 0.387427 0.0439155  0.568658
41612 0.317626 0.355695  0.326679
14386 0.320822 0.367152  0.312026
32360 0.416998 0.20308  0.379921
35850 0.404134 0.114785  0.481081
32309 0.124692 0.29927  0.576038
44846 0.500667 0.127548  0.371785
1244 0.400534 0.527995  0.0714707
15662 0.539985 0.24498  0.215034
42297 0.299859 0.598389  0.101753
39235 0.303593 0.0694296  0.626977
41572 0.371665 0.501854  0.126482
43032 0.412017 0.290963  0.29702
33672 0.204729 0.442869  0.352402
41015 0.202722 0.416734  0.380544
47894 0.369671 0.458481  0.171848
46917 0.329441 0.379347  0.291212
27972 0.350208 0.444908  0.204884
36453 0.0917926 0.436711  0.471497
7897 0.419807 0.401814  0.178378
34001 0.550942 0.128442  0.320616
33308 0.284672 0.487205  0.228123
32348 0.26872 0.331304  0.399975
43420 0.331281 0.260417  0.408302
43392 0.351373 0.192795  0.455832
45391 0.445236 0.499644  0.0551196
32200 0.703708 0.0641831  0.232109
13277 0.131277 0.195521  0.673202
12020 0.110941 0.497515  0.391544
44561 0.500085 0.0598592  0.440056
14051 0.48419 0.112025  0.403785
37265 0.311717 0.437644  0.250638
48119 0.151449 0.333582  0.514968
29601 0.263619 0.523479  0.212902
47625 0.240773 0.310269  0.448958
33890 0.402353 0.410756  0.18689
25319 0.430195 0.0362158  0.533589
22158 0.521427 0.00741329  0.471159
5321 0.0784772 0.435177  0.486346
47536 0.376564 0.0187816  0.604654
35414 0.0712082 0.433923  0.494868
36434 0.309991 0.424326  0.265683
21030 0.308517 0.367108  0.324376
4973 0.48994 0.110587  0.399473
47294 0.3685 0.351401  0.280099
33209 0.434543 0.328306  0.237151
18622 0.435296 0.417409  0.147295
47550 0.483986 0.481609  0.0344053
41803 0.0454222 0.489705  0.464873
18296 0.0797047 0.137051  0.783245
39189 0.754576 0.228826  0.0165986
13273 0.0935785 0.587121  0.319301
44485 0.0964282 0.533478  0.370094
988 0.0257541 0.304175  0.670071
15438 0.427872 0.350058  0.22207
46007 0.114082 0.405924  0.479995
47276 0.516527 0.316293  0.16718
2951 0.452179 0.203158  0.344663
42733 0.216018 0.372018  0.411964
1422 0.440174 0.44209  0.117737
26447 0.340311 0.307635  0.352054
41432 0.00871049 0.49464  0.49665
24263 0.220148 0.394291  0.385561
8430 0.17421 0.490186  0.335604
2147 0.112612 0.387712  0.499675
17837 0.524871 0.240584  0.234545
34191 0.451429 0.44265  0.10592
45089 0.503242 0.390988  0.105769
26791 0.604206 0.242496  0.153298
4126 0.104447 0.725855  0.169699
46801 0.122762 0.263277  0.613961
30200 0.74702 0.163822  0.0891579
11259 0.0648607 0.476997  0.458142
14116 0.0861017 0.291331  0.622567
33004 0.490131 0.222888  0.286981
45419 0.205075 0.376395  0.41853
9384 0.624115 0.361878  0.0140067
47987 0.286303 0.35041  0.363287
28954 0.181627 0.676585  0.141788
39378 0.486263 0.443022  0.0707149
44854 0.239917 0.307411  0.452672
19497 0.187609 0.758859  0.0535321
43311 0.589478 0.0620342  0.348488
36333 0.605593 0.352288  0.0421186
42431 0.389492 0.482742  0.127766
44015 0.291669 0.543166  0.165165
44479 0.280023 0.346261  0.373716
47287 0.505659 0.258979  0.235361
45753 0.331096 0.634945  0.0339588
24553 0.614 0.0709032  0.315097
44047 0.234151 0.214704  0.551145
47420 0.190473 0.745094  0.0644332
32338 0.449517 0.0473736  0.50311
37694 0.375396 0.117533  0.507071
46036 0.437476 0.296742  0.265782
49991 0.141225 0.464955  0.393821
15461 0.0610623 0.304942  0.633995
38601 0.475028 0.4271  0.0978726
8570 0.0674145 0.430166  0.502419
7606 0.392949 0.313003  0.294048
26109 0.183923 0.416826  0.399251
38100 0.668786 0.0965291  0.234685
4271 0.569257 0.33031  0.100433
8164 0.247141 0.226931  0.525928
36557 0.131692 0.58484  0.283468
22981 0.290555 0.296884  0.41256
18097 0.204341 0.584961  0.210697
40126 0.471012 0.503109  0.0258794
12380 0.177137 0.426171  0.396692
49925 0.48155 0.433434  0.0850156
2111 0.396374 0.346599  0.257027
11176 0.375866 0.414883  0.209251
34068 0.4067 0.168851  0.42445
19190 0.0429333 0.373747  0.583319
44606 0.614558 0.285829  0.0996124
40672 0.284254 0.215003  0.500743
26484 0.411568 0.0264918  0.561941
48982 0.280191 0.413712  0.306097
41355 0.215264 0.362542  0.422195
30132 0.359548 0.303608  0.336844
41947 0.40558 0.172027  0.422392
41090 0.553647 0.141226  0.305126
37746 0.18074 0.348879  0.470382
23358 0.404356 0.575807  0.0198372
15817 0.0609782 0.359221  0.579801
47009 0.129708 0.56616  0.304132
13882 0.292301 0.134159  0.57354
28187 0.28494 0.201411  0.513648
1086 0.426572 0.503432  0.0699962
1660 0.472991 0.228847  0.298162
34544 0.0938235 0.543242  0.362934
46480 0.0244406 0.829206  0.146353
27226 0.492653 0.219099  0.288248
4724 0.160829 0.379734  0.459437
28109 0.378695 0.357264  0.264041
18144 0.220707 0.627427  0.151865
36657 0.269521 0.585688  0.14479
28598 0.163712 0.16987  0.666419
45696 0.762144 0.0947948  0.143062
5984 0.170819 0.614838  0.214344
22470 0.154355 0.365299  0.480345
6596 0.128933 0.494535  0.376532
39527 0.127048 0.473216  0.399736
33488 0.621654 0.331911  0.0464349
40169 0.194841 0.349533  0.455627
33790 0.305389 0.411871  0.28274
42296 0.564426 0.0756423  0.359932
47226 0.242982 0.34457  0.412447
16200 0.311935 0.358751  0.329314
25411 0.567616 0.338783  0.0936016
4540 0.435742 0.51012  0.0541375
9543 0.508558 0.329688  0.161754
47548 0.443829 0.283081  0.27309
21311 0.434006 0.417524  0.14847
2762 0.416555 0.440642  0.142804
31316 0.223288 0.438018  0.338693
46092 0.41224 0.453851  0.133909
48010 0.417179 0.0892132  0.493607
39570 0.356935 0.192668  0.450397
7834 0.350566 0.614619  0.0348148
48958 0.263956 0.409583  0.326461
41450 0.052928 0.616368  0.330704
12778 0.570307 0.184988  0.244705
45845 0.0359091 0.817473  0.146618
2224 0.442556 0.245434  0.31201
36966 0.351592 0.402156  0.246252
20483 0.312512 0.590724  0.0967644
17844 0.547827 0.176427  0.275746
31122 0.149615 0.458113  0.392272
29444 0.477158 0.50586  0.0169814
18755 0.0969904 0.747683  0.155326
36810 0.409031 0.18694  0.404028
30483 0.749144 0.00868613  0.24217
47293 0.770944 0.0901089  0.138947
35130 0.243124 0.326829  0.430048
26671 0.210419 0.374812  0.41477
30531 0.52619 0.0314775  0.442332
32288 0.282575 0.11904  0.598385
43856 0.45162 0.101048  0.447332
35631 0.503649 0.406418  0.0899335
37876 0.552125 0.265208  0.182668
7615 0.363541 0.422184  0.214275
23177 0.568362 0.0265933  0.405045
6106 0.164515 0.328253  0.507232
40536 0.0241584 0.613217  0.362624
7116 0.308289 0.294734  0.396977
17680 0.408103 0.275516  0.316381
27669 0.207508 0.500754  0.291738
38081 0.094221 0.378831  0.526948
37672 0.0763682 0.681565  0.242067
19066 0.0548399 0.570324  0.374836
40472 0.0283801 0.479235  0.492385
43719 0.438963 0.206938  0.354098
35669 0.162414 0.0690548  0.768532
35629 0.470476 0.27619  0.253334
22489 0.328606 0.0952625  0.576132
45807 0.494502 0.484944  0.0205536
11999 0.65817 0.123108  0.218721
47426 0.11077 0.493964  0.395266
36248 0.547838 0.332157  0.120004
12341 0.252093 0.47505  0.272857
38297 0.578307 0.120887  0.300806
49837 0.322905 0.0499107  0.627184
20309 0.640676 0.0417865  0.317537
26694 0.880997 0.0791237  0.0398791
24845 0.286676 0.458868  0.254457
7319 0.0572596 0.771452  0.171288
48045 0.0976413 0.444415  0.457944
11219 0.318907 0.251885  0.429208
37360 0.288628 0.528831  0.182541
48603 0.278938 0.359362  0.3617
21921 0.281638 0.660193  0.0581689
45071 0.0600193 0.0892412  0.85074
41700 0.190458 0.383328  0.426214
19773 0.343429 0.414454  0.242118
13509 0.0633161 0.582408  0.354276
47642 0.288997 0.588841  0.122162
45310 0.295731 0.161887  0.542382
42113 0.286727 0.619336  0.0939372
41443 0.343108 0.343906  0.312986
34519 0.0240934 0.34563  0.630277
11465 0.338357 0.258768  0.402874
40666 0.323606 0.26816  0.408235
47384 0.0710289 0.032566  0.896405
39605 0.129977 0.493782  0.376241
43896 0.202252 0.320124  0.477624
30610 0.213894 0.693833  0.0922726
45545 0.418171 0.213892  0.367937
36826 0.103622 0.555352  0.341026
29111 0.40955 0.0743527  0.516097
41134 0.149019 0.483028  0.367952
34602 0.310767 0.345252  0.343982
46332 0.229211 0.230326  0.540463
30278 0.0372374 0.79106  0.171703
47197 0.35882 0.25669  0.384489
39342 0.49795 0.0223238  0.479726
14244 0.33593 0.353271  0.310799
44091 0.172892 0.751562  0.0755457
12139 0.436617 0.396501  0.166883
43093 0.551314 0.417442  0.0312443
46703 0.286911 0.522988  0.190101
13821 0.444465 0.422864  0.132672
12624 0.0403105 0.825361  0.134328
22882 0.37963 0.203157  0.417213
35721 0.450369 0.146627  0.403004
39161 0.135866 0.469065  0.395069
33455 0.0602929 0.860415  0.0792919
1140 0.0805474 0.500475  0.418977
1922 0.721925 0.239537  0.0385381
43296 0.171756 0.373047  0.455197
45708 0.319064 0.328065  0.352872
25245 0.035295 0.42529  0.539415
9912 0.299551 0.598142  0.102307
9252 0.23015 0.267495  0.502355
41142 0.209091 0.0363333  0.754576
46374 0.579422 0.140974  0.279604
34709 0.14074 0.0139506  0.845309
46387 0.165304 0.567746  0.26695
8461 0.0185271 0.362616  0.618857
38205 0.430913 0.22285  0.346237
17132 0.221635 0.22665  0.551715
20286 0.387304 0.0711469  0.541549
12202 0.110074 0.728938  0.160988
47956 0.58058 0.321139  0.0982809
9076 0.718291 0.122013  0.159696
48730 0.446136 0.241528  0.312337
18630 0.416082 0.463406  0.120512
31006 0.586821 0.191472  0.221707
33313 0.242895 0.328865  0.428239
35300 0.324029 0.377393  0.298578
16731 0.43883 0.180532  0.380638
19668 0.503899 0.0557636  0.440337
41176 0.679344 0.0314591  0.289197
483 0.417947 0.124418  0.457636
33108 0.359615 0.35095  0.289435
45416 0.244185 0.692895  0.0629201
45404 0.50062 0.297298  0.202081
6975 0.480932 0.170398  0.34867
34589 0.250119 0.342123  0.407759
41340 0.121489 0.458717  0.419794
39340 0.278109 0.479213  0.242678
21597 0.314294 0.132649  0.553057
2191 0.176049 0.783795  0.0401562
16693 0.748828 0.203255  0.0479163
39265 0.795465 0.187896  0.0166393
49509 0.290345 0.332615  0.37704
27045 0.23574 0.60603  0.158229
34104 0.231034 0.482335  0.286631
31419 0.373561 0.611219  0.0152202
18652 0.799407 0.160899  0.0396939
44570 0.312951 0.461304  0.225745
35227 0.217123 0.304473  0.478404
38835 0.194694 0.438992  0.366315
47416 0.579523 0.0333307  0.387147
38303 0.12072 0.329921  0.549359
12582 0.244567 0.357498  0.397935
45711 0.293025 0.601923  0.105052
15944 0.443172 0.387843  0.168986
43082 0.357629 0.253154  0.389217
20887 0.154628 0.245087  0.600285
36571 0.487225 0.42162  0.0911552
475 0.454469 0.453361  0.09217
41796 0.0680436 0.528648  0.403308
42265 0.214457 0.575811  0.209732
39225 0.113353 0.271955  0.614691
18133 0.15012 0.365589  0.484291
33694 0.263785 0.251497  0.484718
14661 0.77783 0.0651  0.15707
44927 0.274733 0.319315  0.405952
45305 0.399785 0.304879  0.295336
15944 0.128678 0.235726  0.635597
37185 0.312775 0.103401  0.583824
22851 0.301706 0.235716  0.462578
44831 0.199471 0.629431  0.171097
45475 0.197357 0.0538029  0.74884
13683 0.159134 0.283256  0.557611
11556 0.388533 0.451188  0.160279
167 0.448013 0.379894  0.172093
24936 0.117812 0.764129  0.118059
26920 0.0805559 0.348166  0.571278
42437 0.389126 0.100545  0.510329
46363 0.281499 0.32228  0.396221
46431 0.164184 0.475334  0.360482
32616 0.445106 0.259333  0.295561
38645 0.614335 0.0163528  0.369313
35738 0.553825 0.426287  0.0198886
21211 0.373689 0.350694  0.275618
35030 0.451563 0.488968  0.0594688
14722 0.192764 0.380514  0.426722
27177 0.279204 0.408733  0.312063
25488 0.229843 0.488782  0.281375
38636 0.367093 0.42214  0.210767
46424 0.0805483 0.426131  0.49332
46261 0.762517 0.211015  0.0264685
28132 0.0570464 0.257442  0.685512
10197 0.095337 0.578008  0.326655
29099 0.528234 0.146748  0.325018
8615 0.0806415 0.621032  0.298326
37772 0.622986 0.229629  0.147385
12161 0.0652272 0.800844  0.133929
39938 0.519226 0.229979  0.250795
6733 0.460008 0.313702  0.22629
47304 0.204422 0.408749  0.386829
6309 0.207386 0.319773  0.472841
35851 0.258635 0.316574  0.42479
