12141 0.475622 0.307708  0.21667
3364 0.499793 0.161598  0.33861
4555 0.325019 0.464195  0.210786
11898 0.534587 0.415127  0.0502859
7637 0.0530228 0.474468  0.472509
12254 0.297935 0.357376  0.344689
3746 0.286371 0.0964244  0.617204
11691 0.325568 0.327865  0.346566
152 0.200615 0.545007  0.254378
8126 0.0413012 0.49307  0.465629
6222 0.177238 0.479344  0.343417
7860 0.25719 0.336237  0.406573
6456 0.395995 0.343901  0.260104
279 0.463277 0.313813  0.22291
6271 0.836473 0.134163  0.0293644
833 0.434537 0.125743  0.43972
11387 0.514929 0.133243  0.351828
52 0.32501 0.250147  0.424844
252 0.487472 0.223124  0.289403
1906 0.186251 0.268809  0.54494
2509 0.0403128 0.488793  0.470894
3923 0.213826 0.583158  0.203016
825 0.321884 0.323943  0.354173
12223 0.571535 0.293458  0.135007
147 0.69267 0.169162  0.138169
11945 0.428693 0.33897  0.232337
12202 0.253277 0.195016  0.551707
5475 0.778791 0.0128303  0.208379
12502 0.784336 0.0239649  0.191699
12290 0.140063 0.44342  0.416517
742 0.360575 0.195266  0.444158
2620 0.205467 0.25586  0.538673
5247 0.415888 0.289167  0.294945
3883 0.689869 0.0697181  0.240413
154 0.172476 0.223835  0.603689
5449 0.53042 0.269328  0.200252
740 0.361114 0.328176  0.31071
6509 0.207983 0.454825  0.337193
11591 0.503341 0.420974  0.0756857
3859 0.500071 0.028242  0.471687
11592 0.519678 0.15096  0.329362
11695 0.0252155 0.44908  0.525705
11690 0.521722 0.392493  0.085785
2594 0.282605 0.388816  0.328579
12185 0.167895 0.542095  0.29001
8957 0.0446812 0.898763  0.056556
11701 0.355205 0.35117  0.293625
5246 0.315863 0.398972  0.285165
11748 0.529145 0.0347905  0.436064
11356 0.243581 0.0398968  0.716522
12268 0.200858 0.170269  0.628874
3341 0.108066 0.412492  0.479442
12075 0.223131 0.591168  0.185701
723 0.257218 0.651219  0.091563
4312 0.394424 0.494105  0.111471
4041 0.554516 0.137472  0.308012
11256 0.445249 0.350996  0.203755
664 0.250874 0.39489  0.354237
10995 0.33919 0.164185  0.496625
12499 0.0781496 0.41379  0.50806
6499 0.218128 0.368582  0.41329
11425 0.202624 0.489594  0.307782
5451 0.544374 0.0489855  0.40664
11581 0.0413638 0.336981  0.621655
5487 0.211018 0.271283  0.517699
11904 0.722144 0.0331502  0.244706
12113 0.0370771 0.830064  0.132859
3434 0.260662 0.340479  0.398858
1551 0.374585 0.128064  0.497351
6348 0.108119 0.503714  0.388167
4330 0.0497885 0.749139  0.201073
4518 0.106731 0.232177  0.661092
5252 0.426728 0.0296999  0.543572
7666 0.0404367 0.295712  0.663851
12205 0.324329 0.280205  0.395466
8564 0.516305 0.153109  0.330586
4417 0.438332 0.213451  0.348217
11799 0.309693 0.504538  0.185769
7730 0.375255 0.396067  0.228678
2328 0.200234 0.1926  0.607166
11963 0.504036 0.172883  0.32308
1039 0.506719 0.243545  0.249735
701 0.155407 0.440124  0.404468
6422 0.368309 0.244997  0.386694
125 0.0117979 0.528224  0.459978
12211 0.412369 0.569489  0.0181425
7707 0.415792 0.242749  0.341459
7367 0.116706 0.289372  0.593922
12479 0.316779 0.585638  0.0975828
11691 0.233555 0.269019  0.497426
2455 0.0516363 0.778755  0.169609
12168 0.460226 0.194571  0.345203
3412 0.0903838 0.574088  0.335529
11523 0.163856 0.10495  0.731194
7563 0.472124 0.0977966  0.430079
3365 0.617205 0.160122  0.222673
6049 0.037276 0.493899  0.468825
6302 0.55519 0.239857  0.204953
5485 0.348165 0.214928  0.436907
3347 0.494784 0.0935799  0.411636
648 0.522406 0.00915362  0.46844
2688 0.203004 0.566156  0.230839
2407 0.284262 0.0391049  0.676634
12453 0.379323 0.192321  0.428357
2515 0.221962 0.738822  0.039216
2080 0.124977 0.14834  0.726683
8983 0.432852 0.0785917  0.488556
12507 0.220236 0.482038  0.297725
3368 0.521595 0.0100843  0.468321
7524 0.342093 0.2403  0.417608
4961 0.226366 0.151596  0.622038
7837 0.0970929 0.346738  0.556169
7282 0.51308 0.280046  0.206874
3917 0.187076 0.498664  0.31426
3758 0.28405 0.358492  0.357458
12070 0.404099 0.420877  0.175024
7767 0.458915 0.451676  0.0894082
11908 0.584017 0.0430741  0.372909
4017 0.367234 0.615928  0.0168382
6493 0.406206 0.19693  0.396864
7427 0.503103 0.0157115  0.481186
11862 0.406264 0.33503  0.258706
3572 0.149329 0.505617  0.345054
3382 0.19364 0.378199  0.42816
557 0.251473 0.0775542  0.670973
679 0.770727 0.089807  0.139466
447 0.248905 0.0273025  0.723793
3839 0.249651 0.575549  0.174799
11643 0.422234 0.174688  0.403078
11918 0.434226 0.0545105  0.511264
12180 0.476246 0.359781  0.163973
12185 0.277229 0.381709  0.341062
11837 0.3496 0.0546712  0.595729
3341 0.523054 0.348516  0.12843
2001 0.161506 0.162352  0.676142
2043 0.447747 0.037977  0.514276
1148 0.0354256 0.4725  0.492075
4276 0.206109 0.265909  0.527983
12126 0.487868 0.167785  0.344347
12153 0.0648921 0.513718  0.42139
1071 0.266202 0.665034  0.0687636
670 0.329169 0.288891  0.38194
12444 0.43616 0.379906  0.183935
2501 0.319325 0.0762612  0.604414
4096 0.36595 0.256141  0.377909
11526 0.131347 0.480116  0.388537
11067 0.256094 0.369056  0.37485
3996 0.480897 0.133162  0.385941
7437 0.567408 0.231732  0.20086
4311 0.31446 0.191139  0.494401
126 0.46997 0.00907502  0.520955
11903 0.494085 0.491256  0.0146596
3371 0.133548 0.324907  0.541545
798 0.437741 0.31944  0.242819
3843 0.333091 0.12886  0.538049
6403 0.429914 0.103733  0.466352
11923 0.583908 0.408344  0.00774824
10788 0.252506 0.542214  0.205279
300 0.333472 0.153242  0.513286
2516 0.431442 0.0689758  0.499582
3519 0.345219 0.220616  0.434165
7481 0.0599915 0.069378  0.87063
11814 0.437999 0.185634  0.376366
9676 0.416099 0.0983224  0.485578
278 0.131662 0.302779  0.565559
12236 0.351168 0.251397  0.397435
7421 0.141501 0.63023  0.228269
4761 0.136416 0.59792  0.265664
11443 0.189163 0.529654  0.281183
6330 0.255541 0.648664  0.0957946
543 0.200776 0.51711  0.282114
6124 0.341443 0.215002  0.443555
3971 0.364295 0.302654  0.333051
4653 0.272206 0.662798  0.0649958
3757 0.390242 0.392013  0.217745
4064 0.447335 0.230824  0.321842
786 0.255871 0.428045  0.316084
2450 0.0885266 0.461306  0.450167
3900 0.346475 0.238874  0.414651
5250 0.10552 0.187076  0.707404
407 0.574193 0.0879496  0.337858
7367 0.0706665 0.287288  0.642045
741 0.123146 0.35362  0.523234
2509 0.36906 0.20304  0.4279
556 0.530461 0.189095  0.280445
11192 0.0424663 0.340826  0.616708
7790 0.419671 0.262153  0.318176
2034 0.601181 0.143679  0.25514
7376 0.177231 0.581064  0.241706
2450 0.352975 0.159074  0.487951
5735 0.138912 0.383259  0.477829
1373 0.527631 0.28633  0.186039
4122 0.212596 0.423303  0.364101
125 0.107258 0.430753  0.461989
3787 0.0489132 0.325911  0.625176
2512 0.25117 0.587631  0.161199
3383 0.110337 0.253453  0.63621
5450 0.211733 0.542107  0.246159
3614 0.11959 0.476023  0.404388
12493 0.480511 0.127974  0.391516
2685 0.438096 0.375861  0.186042
6451 0.0649151 0.460519  0.474566
1754 0.377158 0.473269  0.149573
4027 0.0999166 0.594505  0.305579
1053 0.486493 0.150734  0.362773
4537 0.691537 0.0953066  0.213157
5228 0.280009 0.219096  0.500896
2333 0.278437 0.348935  0.372628
411 0.118095 0.357293  0.524612
11955 0.38884 0.20681  0.404349
11592 0.576869 0.104299  0.318832
7804 0.219035 0.338677  0.442288
2512 0.435386 0.178235  0.386379
11772 0.410566 0.342367  0.247067
8262 0.371569 0.209664  0.418767
6549 0.544428 0.13734  0.318232
3758 0.591038 0.35351  0.0554518
11647 0.14744 0.835361  0.0171986
7608 0.323168 0.21486  0.461973
5945 0.400956 0.266293  0.332751
7844 0.333644 0.0443568  0.621999
6259 0.197571 0.282155  0.520273
11520 0.42687 0.538534  0.0345964
3956 0.275982 0.0767338  0.647284
6476 0.606062 0.0280122  0.365926
474 0.330531 0.248315  0.421153
4416 0.208716 0.351715  0.439569
5246 0.174042 0.492793  0.333165
5246 0.192391 0.279943  0.527665
3277 0.215804 0.578862  0.205334
12438 0.807141 0.044408  0.148451
127 0.387555 0.343824  0.268621
7405 0.184163 0.379439  0.436399
852 0.010236 0.692859  0.296905
5428 0.323056 0.23078  0.446164
7526 0.381283 0.200476  0.418241
799 0.484386 0.311354  0.20426
5469 0.681033 0.295529  0.0234382
2037 0.569795 0.296176  0.13403
6464 0.277424 0.456626  0.26595
6384 0.157489 0.584789  0.257722
1875 0.309031 0.404531  0.286438
4043 0.492035 0.051538  0.456427
5144 0.243962 0.411096  0.344943
4540 0.202789 0.131441  0.66577
7845 0.358454 0.256675  0.384871
4924 0.386407 0.181729  0.431864
7808 0.266084 0.588752  0.145164
5246 0.513851 0.289923  0.196226
3363 0.433192 0.361186  0.205623
3343 0.601286 0.257232  0.141482
6324 0.370781 0.106378  0.522841
11879 0.632026 0.0661996  0.301775
11076 0.290644 0.417762  0.291594
3798 0.0873056 0.171407  0.741288
7407 0.387264 0.0650959  0.54764
5735 0.133501 0.42716  0.439339
11596 0.439313 0.115989  0.444698
467 0.032371 0.467723  0.499906
2324 0.358084 0.3524  0.289516
2132 0.332409 0.505757  0.161834
786 0.272197 0.359936  0.367867
3190 0.579928 0.258516  0.161556
12213 0.572474 0.123279  0.304247
301 0.192994 0.60637  0.200636
12225 0.376676 0.187004  0.436319
5247 0.248225 0.326127  0.425649
9080 0.361152 0.0213273  0.617521
2627 0.419517 0.40159  0.178894
2123 0.0921189 0.749098  0.158783
11417 0.351934 0.397963  0.250103
5450 0.361503 0.221956  0.416541
12025 0.313988 0.577231  0.108781
4096 0.166411 0.128641  0.704948
5073 0.222701 0.239267  0.538033
7615 0.573038 0.15457  0.272392
6708 0.504995 0.0330229  0.461982
2944 0.447152 0.248295  0.304553
1954 0.51296 0.447468  0.0395727
12503 0.356644 0.428511  0.214844
8425 0.398053 0.487785  0.114162
3905 0.0825146 0.639362  0.278123
35 0.40557 0.407675  0.186754
11807 0.483805 0.35479  0.161406
3341 0.325126 0.39736  0.277514
11802 0.189526 0.114888  0.695587
5468 0.368278 0.502098  0.129624
5239 0.152239 0.0886409  0.75912
5487 0.170133 0.127611  0.702256
8290 0.310992 0.447661  0.241347
12288 0.416984 0.190922  0.392094
2316 0.509271 0.356183  0.134546
8806 0.701286 0.0520316  0.246682
6514 0.18982 0.431372  0.378808
4040 0.277895 0.306273  0.415832
11350 0.158118 0.679715  0.162167
3411 0.464911 0.479156  0.0559327
3771 0.452399 0.275091  0.272509
3857 0.48707 0.371022  0.141909
3341 0.318048 0.206389  0.475563
6031 0.45078 0.493178  0.0560417
3340 0.456186 0.311277  0.232536
12256 0.571986 0.21568  0.212334
2508 0.316472 0.303517  0.38001
12220 0.154918 0.685428  0.159655
5474 0.559898 0.222479  0.217624
6533 0.0921961 0.785156  0.122648
11412 0.307367 0.344132  0.348501
3362 0.0196899 0.296939  0.683371
7429 0.314551 0.501141  0.184308
8124 0.20552 0.694431  0.100049
3442 0.382598 0.213607  0.403795
11890 0.316919 0.402778  0.280303
11407 0.22246 0.290005  0.487536
6281 0.437147 0.213564  0.349288
12443 0.338682 0.330489  0.33083
11376 0.25931 0.402366  0.338324
5758 0.163466 0.305479  0.531055
4636 0.154244 0.345745  0.500011
3503 0.168154 0.481262  0.350583
5247 0.447886 0.294947  0.257167
8888 0.100792 0.742087  0.15712
2451 0.545573 0.0212595  0.433167
5473 0.259288 0.263744  0.476969
8975 0.123535 0.499256  0.377209
4017 0.257823 0.529343  0.212834
12468 0.41123 0.562593  0.0261765
3365 0.0971236 0.659046  0.24383
8280 0.653019 0.169117  0.177864
1376 0.186986 0.650716  0.162298
12426 0.714661 0.117594  0.167745
6015 0.233168 0.383183  0.38365
11769 0.218526 0.322027  0.459447
2230 0.208459 0.514996  0.276545
5254 0.361003 0.395467  0.24353
11097 0.351414 0.13509  0.513496
125 0.256114 0.116032  0.627854
2507 0.562391 0.0614009  0.376208
2031 0.00850229 0.283937  0.707561
3333 0.0321893 0.901536  0.0662748
2503 0.402052 0.14444  0.453508
486 0.35403 0.591096  0.0548741
11062 0.395131 0.312534  0.292335
11470 0.496141 0.108775  0.395084
3219 0.25488 0.033152  0.711968
2325 0.0317359 0.310121  0.658143
8814 0.24066 0.689365  0.0699744
8810 0.38682 0.191876  0.421304
742 0.368439 0.0592067  0.572354
154 0.448897 0.239336  0.311767
11037 0.546375 0.0865167  0.367109
12262 0.267215 0.352565  0.38022
6373 0.186857 0.221451  0.591692
11411 0.742931 0.217571  0.0394981
886 0.29495 0.415731  0.289318
11298 0.0358542 0.375809  0.588337
460 0.419449 0.183398  0.397153
3442 0.227552 0.338438  0.43401
56 0.0337712 0.159469  0.80676
4518 0.647533 0.0151524  0.337315
11692 0.412218 0.367328  0.220454
2518 0.37781 0.359377  0.262814
8928 0.545524 0.349649  0.104827
7933 0.366627 0.412439  0.220934
7776 0.053634 0.430055  0.516311
2453 0.387302 0.254949  0.357749
12443 0.772387 0.0797782  0.147834
12245 0.0784722 0.435494  0.486034
7821 0.304318 0.193101  0.502581
2596 0.0166007 0.548414  0.434985
1062 0.425249 0.132014  0.442737
11075 0.497851 0.381859  0.120289
3347 0.299102 0.33314  0.367758
2412 0.334718 0.500769  0.164513
6186 0.339648 0.30638  0.353973
4540 0.42479 0.415323  0.159887
2038 0.180377 0.539418  0.280205
3369 0.229586 0.271028  0.499386
12507 0.303973 0.376199  0.319828
4209 0.30897 0.200383  0.490647
4686 0.124384 0.360481  0.515135
8002 0.192916 0.158044  0.649041
3942 0.271916 0.669338  0.0587463
9756 0.511239 0.249288  0.239473
2337 0.73634 0.131155  0.132505
12344 0.565321 0.264156  0.170522
12443 0.492328 0.216041  0.291631
5153 0.401207 0.131654  0.467139
5481 0.48971 0.0218517  0.488438
12186 0.218229 0.690587  0.0911833
3333 0.416108 0.214432  0.369459
4700 0.470469 0.263895  0.265635
3887 0.587922 0.0951553  0.316922
11059 0.401658 0.169124  0.429218
411 0.407079 0.316511  0.276411
391 0.247607 0.212296  0.540097
11773 0.263195 0.571528  0.165277
11484 0.365236 0.315274  0.31949
11751 0.170099 0.370656  0.459245
12186 0.436786 0.257544  0.30567
5429 0.0512696 0.473416  0.475314
6431 0.333934 0.195896  0.47017
11706 0.470157 0.0709635  0.458879
4038 0.63862 0.0709616  0.290419
1911 0.128891 0.301865  0.569244
5429 0.337267 0.4108  0.251933
11346 0.714071 0.220575  0.0653546
1681 0.55572 0.301305  0.142975
12422 0.248381 0.511027  0.240592
1975 0.159769 0.403395  0.436836
6385 0.345141 0.274267  0.380592
1526 0.3387 0.435617  0.225684
3534 0.113571 0.452952  0.433477
2025 0.220081 0.00986108  0.770058
2337 0.687908 0.193996  0.118097
11576 0.362347 0.304761  0.332892
6284 0.297388 0.154247  0.548366
11758 0.663877 0.194208  0.141915
12230 0.445709 0.384795  0.169495
2051 0.285334 0.373067  0.341599
7576 0.385863 0.373419  0.240718
7540 0.125306 0.434595  0.440099
4059 0.0690593 0.583453  0.347487
3906 0.0323473 0.461458  0.506195
8442 0.051939 0.426968  0.521093
3490 0.49667 0.243017  0.260314
5251 0.386291 0.314117  0.299592
4425 0.219558 0.269883  0.510559
5481 0.200561 0.360303  0.439136
11646 0.308984 0.239294  0.451721
11703 0.137575 0.382042  0.480382
3374 0.358774 0.452337  0.188889
11443 0.468571 0.0641562  0.467273
11904 0.248397 0.636319  0.115284
11773 0.361445 0.232512  0.406043
113 0.339231 0.404877  0.255892
2235 0.110677 0.391686  0.497637
3412 0.260084 0.179966  0.55995
2004 0.105149 0.364802  0.530049
3204 0.0319224 0.36088  0.607197
11377 0.0751622 0.372773  0.552065
6207 0.282712 0.248925  0.468364
12436 0.240993 0.367603  0.391404
2503 0.264619 0.364666  0.370715
3529 0.207477 0.652924  0.139598
7562 0.464454 0.229361  0.306186
1549 0.416682 0.543833  0.0394845
5472 0.298705 0.482088  0.219207
6441 0.406063 0.158103  0.435835
7940 0.271964 0.535106  0.19293
7933 0.316102 0.529697  0.154201
12210 0.0920037 0.159081  0.748916
5739 0.609657 0.158393  0.23195
12134 0.44642 0.392389  0.16119
5246 0.128676 0.436562  0.434761
250 0.279816 0.443025  0.277159
279 0.248341 0.381494  0.370165
4306 0.380413 0.150749  0.468837
2592 0.749823 0.057928  0.192249
3210 0.219288 0.329112  0.451601
7742 0.422237 0.520423  0.0573407
11942 0.315041 0.28135  0.403608
13 0.208172 0.56824  0.223589
4034 0.366951 0.226999  0.40605
5487 0.0898354 0.501356  0.408809
7910 0.42174 0.241276  0.336984
8580 0.442081 0.321344  0.236575
7789 0.254654 0.430139  0.315207
1399 0.483853 0.0755251  0.440622
4046 0.227958 0.332019  0.440024
4786 0.12532 0.43462  0.44006
6929 0.351661 0.21461  0.433729
1109 0.530139 0.280989  0.188872
2503 0.253844 0.587417  0.158739
11903 0.323677 0.297488  0.378835
2639 0.501534 0.236684  0.261781
11833 0.273743 0.138522  0.587736
2500 0.353047 0.360439  0.286515
6500 0.339816 0.324917  0.335267
5594 0.148588 0.119963  0.731448
7367 0.361587 0.258184  0.380229
11557 0.526892 0.00754155  0.465566
2509 0.356981 0.138346  0.504674
5474 0.0844989 0.448863  0.466638
5958 0.0927739 0.350465  0.556761
11327 0.260744 0.111418  0.627838
154 0.360587 0.34784  0.291573
7784 0.22545 0.392304  0.382246
11764 0.577675 0.287877  0.134448
5481 0.0894337 0.799669  0.110897
1977 0.260159 0.102437  0.637404
1726 0.401546 0.144175  0.454279
942 0.414269 0.383933  0.201798
7525 0.365298 0.266813  0.36789
4315 0.33581 0.422438  0.241751
6108 0.396907 0.40938  0.193713
12124 0.404631 0.184438  0.410932
7382 0.441564 0.0802145  0.478221
7333 0.147972 0.272578  0.57945
7407 0.0187741 0.270734  0.710492
12173 0.0857079 0.45457  0.459723
12196 0.163531 0.444782  0.391687
301 0.774485 0.114597  0.110917
12363 0.435002 0.366805  0.198194
12018 0.203 0.0481275  0.748872
648 0.421887 0.454841  0.123272
12149 0.57676 0.161939  0.261301
5256 0.475995 0.0893174  0.434688
836 0.504155 0.0153146  0.48053
720 0.0237235 0.780647  0.195629
4577 0.343844 0.3652  0.290955
3378 0.157952 0.523174  0.318873
3369 0.100187 0.386151  0.513661
11591 0.488059 0.284408  0.227533
8977 0.397345 0.423071  0.179584
6029 0.158418 0.370048  0.471533
1290 0.288103 0.329705  0.382192
11592 0.479071 0.233145  0.287784
7486 0.514958 0.339449  0.145593
11927 0.650168 0.279041  0.0707913
11695 0.15683 0.117073  0.726097
7045 0.0990258 0.395534  0.50544
4008 0.393601 0.170829  0.43557
11939 0.275724 0.264917  0.459359
2308 0.193203 0.491196  0.315601
12113 0.424465 0.362651  0.212884
11759 0.56082 0.219242  0.219938
6538 0.298995 0.267979  0.433027
4534 0.0690393 0.460402  0.470559
11700 0.309972 0.254574  0.435454
4103 0.700027 0.100198  0.199775
11503 0.637125 0.161492  0.201382
5994 0.0477086 0.341822  0.610469
2205 0.372832 0.496006  0.131162
11893 0.425771 0.148739  0.425489
2518 0.547571 0.0722203  0.380209
813 0.0759714 0.422979  0.501049
6486 0.264106 0.491598  0.244297
4767 0.258353 0.598164  0.143483
1150 0.146851 0.284692  0.568458
5474 0.0333473 0.173184  0.793469
11903 0.694929 0.279567  0.0255039
7812 0.477401 0.106411  0.416188
2322 0.125072 0.199058  0.67587
2339 0.667201 0.129602  0.203197
11932 0.402303 0.295356  0.302341
3336 0.459128 0.177632  0.36324
34 0.549562 0.240777  0.20966
7580 0.189725 0.0726309  0.737644
11026 0.0782509 0.573935  0.347814
11285 0.283959 0.549036  0.167005
2213 0.283873 0.441481  0.274646
7615 0.322665 0.272308  0.405027
3333 0.484538 0.265671  0.249791
656 0.0199253 0.682008  0.298067
12164 0.1668 0.325423  0.507777
5736 0.24477 0.390325  0.364905
2504 0.198886 0.738711  0.0624025
11594 0.0799081 0.66458  0.255512
11769 0.139923 0.383388  0.476689
3365 0.485877 0.292157  0.221966
2023 0.272417 0.483853  0.24373
300 0.323146 0.314982  0.361872
33 0.640653 0.116037  0.24331
6684 0.243725 0.590222  0.166053
3899 0.310557 0.379784  0.309659
2326 0.502256 0.046147  0.451597
8768 0.307953 0.450214  0.241834
5472 0.497944 0.23529  0.266765
157 0.210936 0.0291716  0.759893
2688 0.415975 0.253426  0.330598
7180 0.435859 0.335202  0.228939
11425 0.410655 0.275722  0.313623
12454 0.286185 0.246723  0.467093
4045 0.299545 0.387348  0.313108
11768 0.259288 0.451709  0.289003
11561 0.105373 0.0801587  0.814469
1558 0.392115 0.245403  0.362482
7347 0.290037 0.150116  0.559847
4413 0.39475 0.409242  0.196008
650 0.440961 0.33444  0.224599
5429 0.0765214 0.676649  0.24683
5994 0.43157 0.293918  0.274512
281 0.391965 0.208122  0.399913
8806 0.289452 0.50144  0.209108
12294 0.49858 0.292354  0.209066
5129 0.338947 0.327313  0.33374
5479 0.731052 0.21962  0.0493278
11777 0.385265 0.298232  0.316503
11595 0.206595 0.0843561  0.709049
740 0.263809 0.337664  0.398527
6280 0.420842 0.186962  0.392196
5953 0.026248 0.191863  0.781889
5081 0.551652 0.277677  0.170671
11428 0.325573 0.460421  0.214006
2516 0.33199 0.20896  0.45905
4102 0.123999 0.065947  0.810054
797 0.366993 0.398098  0.234909
2330 0.124398 0.30084  0.574761
5229 0.0670035 0.351041  0.581955
6175 0.306209 0.413535  0.280256
8500 0.306651 0.578397  0.114952
5250 0.526627 0.0244964  0.448877
11852 0.478015 0.34155  0.180435
7659 0.18024 0.476743  0.343017
8181 0.266443 0.448538  0.285018
3232 0.362601 0.346733  0.290666
5158 0.364278 0.150609  0.485113
822 0.175714 0.331031  0.493255
9111 0.361141 0.43037  0.208489
250 0.0429507 0.278166  0.678884
125 0.264352 0.256827  0.478821
11641 0.211001 0.269344  0.519655
6042 0.447255 0.357676  0.195069
5966 0.337302 0.15915  0.503548
4003 0.243199 0.330555  0.426246
12221 0.373713 0.174393  0.451893
5201 0.236834 0.0821888  0.680977
3347 0.40644 0.345042  0.248517
218 0.200202 0.0951591  0.704639
11643 0.312373 0.381506  0.306121
1966 0.462298 0.0767965  0.460906
6662 0.205467 0.288374  0.506159
2001 0.0252902 0.49505  0.47966
7450 0.293794 0.200573  0.505633
11700 0.379481 0.495373  0.125145
7535 0.255952 0.202234  0.541813
12139 0.264612 0.245484  0.489904
4319 0.303311 0.595568  0.101121
11752 0.338034 0.212668  0.449298
32 0.170165 0.437744  0.392091
5475 0.558497 0.282811  0.158692
1561 0.414054 0.350181  0.235765
3793 0.105006 0.605324  0.28967
3368 0.342941 0.238347  0.418712
7412 0.833493 0.0497896  0.116717
6409 0.240795 0.597141  0.162065
7069 0.451271 0.0301401  0.518589
7660 0.257857 0.360926  0.381217
12385 0.218091 0.422196  0.359713
5300 0.362647 0.529955  0.107398
3442 0.130901 0.305379  0.56372
120 0.39699 0.384788  0.218223
3410 0.0671315 0.75959  0.173278
5486 0.12952 0.26557  0.60491
2763 0.761755 0.130026  0.108219
6243 0.0430031 0.397173  0.559824
7520 0.244858 0.430533  0.324609
7070 0.120461 0.41428  0.465259
12185 0.623784 0.182893  0.193322
11512 0.52728 0.15443  0.31829
3799 0.286774 0.373452  0.339774
7747 0.0991993 0.258879  0.641922
507 0.346711 0.427668  0.225621
2511 0.521858 0.112148  0.365994
5470 0.210531 0.364712  0.424757
3558 0.397181 0.38558  0.21724
186 0.261964 0.450481  0.287556
3357 0.757745 0.161835  0.0804203
3507 0.462295 0.183419  0.354286
3410 0.528437 0.359787  0.111777
12123 0.422205 0.11735  0.460445
3791 0.0629088 0.399643  0.537448
2232 0.0634321 0.672161  0.264407
3608 0.45793 0.48473  0.0573402
2482 0.528786 0.0987286  0.372485
9010 0.145588 0.621012  0.233399
7317 0.419128 0.135158  0.445714
6401 0.354068 0.0565234  0.589408
11885 0.391385 0.219362  0.389253
2321 0.428453 0.276788  0.294758
5484 0.296299 0.350582  0.353119
4965 0.10721 0.524473  0.368316
2487 0.614773 0.108217  0.27701
786 0.0895338 0.269826  0.640641
210 0.332541 0.446791  0.220668
11421 0.172973 0.76688  0.0601474
404 0.0468388 0.555352  0.397809
5156 0.772055 0.187873  0.0400718
3916 0.473346 0.454029  0.072625
301 0.245774 0.116936  0.637289
4800 0.44685 0.338354  0.214796
5486 0.284567 0.365028  0.350406
12130 0.433669 0.49461  0.0717201
793 0.242262 0.258365  0.499373
641 0.128378 0.373767  0.497855
5527 0.265481 0.0518989  0.68262
2407 0.356857 0.258609  0.384534
3894 0.212181 0.261117  0.526703
6377 0.333653 0.31299  0.353357
11447 0.253244 0.468626  0.278129
6452 0.421455 0.556183  0.0223625
7503 0.324947 0.332325  0.342727
12332 0.480179 0.0584697  0.461352
3371 0.562501 0.414477  0.0230226
4052 0.600713 0.310148  0.0891395
1719 0.551587 0.172879  0.275534
7057 0.157972 0.399152  0.442876
4639 0.226827 0.347396  0.425777
12364 0.84557 0.0455153  0.108914
12508 0.366389 0.417316  0.216294
5474 0.10667 0.550628  0.342702
6271 0.0961572 0.812294  0.091549
6008 0.277542 0.309484  0.412974
5228 0.370147 0.557236  0.0726176
11434 0.126295 0.691821  0.181884
7599 0.409123 0.311587  0.27929
7851 0.481144 0.113737  0.405118
35 0.731763 0.0428473  0.225389
11525 0.334764 0.394822  0.270414
11532 0.37827 0.58433  0.0373997
741 0.401291 0.126849  0.47186
4956 0.476236 0.100272  0.423492
55 0.468333 0.0867744  0.444892
12123 0.292851 0.341421  0.365728
4018 0.353779 0.35198  0.294241
449 0.455568 0.485982  0.05845
7862 0.253503 0.542494  0.204003
6161 0.0675974 0.579637  0.352765
12102 0.458087 0.450359  0.0915536
3369 0.257233 0.317696  0.425071
2106 0.233658 0.466878  0.299464
5479 0.421545 0.0850989  0.493356
3365 0.636833 0.182006  0.181161
6772 0.335358 0.375293  0.289348
1399 0.0901346 0.805654  0.104212
2326 0.431458 0.105054  0.463489
11173 0.373367 0.482843  0.14379
4640 0.753708 0.132282  0.114009
12422 0.6636 0.0181523  0.318248
5080 0.48787 0.10778  0.40435
4648 0.30953 0.502152  0.188318
3370 0.498506 0.0167646  0.48473
6039 0.244918 0.331153  0.423929
4307 0.662289 0.00993952  0.327771
2031 0.305256 0.375647  0.319097
7786 0.26346 0.442888  0.293652
7551 0.497834 0.352391  0.149776
7415 0.828324 0.158818  0.0128582
7596 0.206481 0.693589  0.0999301
1525 0.195446 0.466463  0.338091
403 0.528672 0.136645  0.334683
11581 0.222532 0.619096  0.158372
32 0.110214 0.365147  0.524639
7839 0.0905549 0.310606  0.598839
474 0.373727 0.29898  0.327293
3764 0.601105 0.340723  0.0581724
4383 0.436318 0.271989  0.291693
5246 0.0957455 0.417617  0.486638
7459 0.364027 0.481553  0.15442
7575 0.125728 0.564389  0.309882
6409 0.439766 0.400532  0.159702
3899 0.435862 0.509188  0.0549502
11987 0.426021 0.135373  0.438606
9846 0.331671 0.355297  0.313033
5479 0.320274 0.380951  0.298776
11766 0.168166 0.405783  0.426051
4415 0.318613 0.353058  0.328329
3413 0.381851 0.476895  0.141254
2332 0.393816 0.29422  0.311965
5964 0.50991 0.26398  0.22611
2925 0.52405 0.226704  0.249247
146 0.133492 0.449059  0.417449
7461 0.240684 0.493749  0.265566
11504 0.387846 0.43489  0.177264
5428 0.324482 0.537097  0.13842
11900 0.168737 0.0288037  0.802459
5247 0.0832903 0.323203  0.593507
10251 0.178036 0.16816  0.653804
12126 0.457808 0.469895  0.0722971
4212 0.463648 0.347358  0.188994
6367 0.531071 0.0526511  0.416278
5246 0.309236 0.327403  0.36336
3360 0.0304815 0.539629  0.429889
55 0.218326 0.128152  0.653523
12253 0.545447 0.413627  0.0409265
300 0.248468 0.212204  0.539328
6901 0.383756 0.218814  0.39743
6403 0.239839 0.562483  0.197678
4032 0.297865 0.380741  0.321394
155 0.294885 0.160794  0.544321
2504 0.451898 0.306751  0.24135
2109 0.658426 0.302399  0.0391749
8312 0.323284 0.286324  0.390392
444 0.225971 0.365139  0.40889
6416 0.363107 0.344053  0.29284
5995 0.43155 0.31405  0.2544
3219 0.450583 0.422884  0.126533
2625 0.460544 0.286338  0.253118
11701 0.26546 0.702697  0.0318435
7377 0.388909 0.405941  0.20515
12157 0.262569 0.27612  0.461311
1531 0.16791 0.250217  0.581873
797 0.490834 0.351311  0.157855
4003 0.201183 0.564489  0.234328
4539 0.114209 0.440971  0.44482
6153 0.337064 0.292824  0.370112
5428 0.0872916 0.42585  0.486859
11442 0.381603 0.387409  0.230989
9103 0.388464 0.114008  0.497527
6247 0.180214 0.444454  0.375332
7533 0.267386 0.306702  0.425913
4527 0.0107159 0.577973  0.411311
6769 0.150102 0.668742  0.181156
4316 0.393275 0.401406  0.205318
2587 0.34156 0.1237  0.53474
665 0.252905 0.224985  0.52211
11810 0.810285 0.112049  0.077666
442 0.48619 0.0969315  0.416878
6723 0.230827 0.243354  0.525819
12138 0.316382 0.201457  0.482161
4543 0.602087 0.0268618  0.371051
155 0.300553 0.311352  0.388095
5947 0.231684 0.6489  0.119415
3971 0.420235 0.0351275  0.544638
7721 0.177913 0.363074  0.459012
1953 0.122498 0.408043  0.469459
12231 0.241199 0.300227  0.458574
6136 0.386409 0.164338  0.449253
7401 0.352338 0.319456  0.328206
7652 0.108371 0.394278  0.497351
12145 0.38708 0.324814  0.288106
8265 0.152388 0.507648  0.339964
11873 0.370089 0.44881  0.181102
188 0.0313742 0.376642  0.591984
3371 0.314514 0.58648  0.0990058
4510 0.76655 0.119189  0.114261
696 0.256024 0.490392  0.253584
154 0.253103 0.634716  0.112181
7592 0.0182137 0.568015  0.413771
12487 0.346924 0.31156  0.341516
11110 0.0647207 0.195008  0.740272
1375 0.58525 0.222692  0.192058
11871 0.028411 0.735436  0.236153
2093 0.374925 0.587457  0.0376179
7773 0.445411 0.203446  0.351144
2500 0.238017 0.377711  0.384272
2322 0.269746 0.657043  0.0732103
6824 0.424206 0.512503  0.0632906
34 0.156176 0.534584  0.30924
2505 0.185731 0.406604  0.407665
2011 0.456363 0.488579  0.0550578
11129 0.343673 0.342011  0.314316
11706 0.501067 0.464839  0.0340938
677 0.266092 0.29763  0.436278
11274 0.577717 0.207022  0.215261
12413 0.757816 0.218496  0.0236877
12490 0.52476 0.112612  0.362628
3383 0.552912 0.354822  0.0922655
301 0.704299 0.142569  0.153132
11096 0.260606 0.220417  0.518978
2332 0.434253 0.244127  0.32162
11373 0.49727 0.412066  0.0906644
11615 0.352997 0.260743  0.386261
4100 0.330744 0.191055  0.478201
12205 0.249457 0.490303  0.26024
11865 0.415016 0.328491  0.256493
11823 0.288518 0.612542  0.0989401
7510 0.43252 0.197145  0.370335
7875 0.391743 0.414681  0.193575
12038 0.28848 0.391938  0.319582
3855 0.333719 0.407716  0.258565
4535 0.395433 0.0434008  0.561166
835 0.394486 0.140591  0.464923
2534 0.490581 0.400731  0.108688
2123 0.124683 0.143127  0.73219
11748 0.266208 0.295959  0.437833
11305 0.147367 0.529277  0.323356
12135 0.369479 0.160597  0.469924
2500 0.301703 0.412144  0.286154
11891 0.27109 0.127714  0.601196
2323 0.332269 0.270133  0.397598
11687 0.58517 0.362495  0.0523343
11769 0.224275 0.232186  0.543539
3758 0.613865 0.018648  0.367487
3347 0.502244 0.110183  0.387573
12161 0.227297 0.311878  0.460825
5429 0.504583 0.111741  0.383676
3371 0.316829 0.243102  0.440069
7581 0.118964 0.172858  0.708178
11787 0.526154 0.173922  0.299924
4531 0.180586 0.400472  0.418942
2357 0.0739669 0.128139  0.797894
2519 0.562859 0.0685336  0.368607
11686 0.361193 0.221765  0.417042
6409 0.667467 0.295619  0.0369132
6340 0.462763 0.303953  0.233284
2669 0.334482 0.27519  0.390328
475 0.360172 0.490413  0.149415
6063 0.605026 0.181379  0.213596
11811 0.28706 0.323081  0.38986
3403 0.406444 0.488656  0.1049
12287 0.204142 0.403759  0.392099
4477 0.702484 0.0804923  0.217024
11254 0.528557 0.259111  0.212331
5130 0.608895 0.229557  0.161548
3370 0.498085 0.455196  0.0467191
7931 0.273567 0.570864  0.15557
811 0.387189 0.390569  0.222243
3204 0.44712 0.14758  0.4053
12434 0.239922 0.693262  0.0668157
5255 0.325037 0.397252  0.277711
8387 0.0783668 0.431389  0.490244
2111 0.662871 0.0119643  0.325165
9759 0.140575 0.266845  0.592579
202 0.562367 0.0635657  0.374067
7623 0.288529 0.119705  0.591766
443 0.387004 0.0709778  0.542018
3169 0.203589 0.300159  0.496252
12109 0.217635 0.447706  0.334659
7724 0.332235 0.0955687  0.572197
3365 0.670788 0.240314  0.088898
11374 0.235722 0.528107  0.236171
4790 0.279837 0.592768  0.127395
11948 0.424921 0.0471583  0.527921
12440 0.7769 0.172939  0.0501603
4613 0.435315 0.217741  0.346944
5763 0.365466 0.31138  0.323155
879 0.35327 0.34629  0.30044
4699 0.334666 0.406214  0.25912
3872 0.42472 0.42934  0.14594
11756 0.155707 0.428414  0.415879
12504 0.44718 0.0298507  0.522969
3759 0.26806 0.243249  0.488691
7998 0.130567 0.635081  0.234352
5473 0.172647 0.297156  0.530197
3410 0.290129 0.180726  0.529145
11353 0.351473 0.169196  0.479331
898 0.330243 0.370869  0.298888
6229 0.168928 0.583855  0.247216
12122 0.294518 0.555944  0.149538
837 0.0340389 0.445987  0.519974
489 0.297107 0.353568  0.349325
5452 0.533044 0.209642  0.257314
557 0.330148 0.234629  0.435223
11773 0.435881 0.313463  0.250657
1039 0.325447 0.079016  0.595537
370 0.34259 0.224574  0.432836
2456 0.564447 0.373843  0.0617101
5247 0.096331 0.625868  0.277801
4007 0.330785 0.357148  0.312067
3232 0.399783 0.246677  0.35354
4988 0.0144797 0.47023  0.51529
6092 0.407153 0.273943  0.318904
2101 0.0278983 0.423331  0.54877
6550 0.533666 0.426929  0.0394051
5477 0.52967 0.404008  0.0663222
12503 0.922971 0.0317871  0.0452419
3370 0.353763 0.298227  0.34801
5428 0.486823 0.244435  0.268742
4766 0.580331 0.13502  0.284649
12509 0.432696 0.161599  0.405705
11159 0.514344 0.396155  0.0895009
5486 0.0237652 0.345394  0.630841
11313 0.307714 0.188746  0.50354
11187 0.440152 0.514176  0.0456712
2329 0.0677403 0.521395  0.410865
4422 0.363537 0.161276  0.475187
7540 0.0322127 0.603079  0.364708
7935 0.209022 0.239697  0.551281
7958 0.306214 0.499411  0.194374
2230 0.588203 0.187451  0.224346
4024 0.730144 0.181186  0.0886697
2659 0.240601 0.507184  0.252215
11806 0.366172 0.294178  0.339651
5247 0.485579 0.400248  0.114173
546 0.108463 0.691861  0.199676
6871 0.196568 0.223491  0.579941
3381 0.242051 0.401995  0.355954
6344 0.699713 0.186961  0.113326
11135 0.278672 0.145883  0.575445
123 0.385814 0.367266  0.24692
547 0.265275 0.591265  0.143461
11769 0.362565 0.293446  0.343989
8832 0.533054 0.215297  0.251648
4025 0.355419 0.461186  0.183395
3757 0.225438 0.327973  0.446589
11135 0.293446 0.345668  0.360886
1454 0.535961 0.261106  0.202933
4002 0.281344 0.571852  0.146804
531 0.570562 0.067904  0.361534
435 0.432638 0.207106  0.360256
4911 0.900224 0.0296702  0.0701053
5450 0.29625 0.418597  0.285153
3941 0.202989 0.388872  0.408139
11140 0.397123 0.200145  0.402733
6553 0.0324152 0.214619  0.752966
5174 0.255478 0.51254  0.231982
12205 0.314868 0.28566  0.399472
2109 0.312326 0.355809  0.331865
6012 0.221202 0.365251  0.413547
11012 0.182948 0.493098  0.323954
12307 0.143813 0.630823  0.225364
5246 0.0175115 0.513936  0.468553
3368 0.150783 0.581747  0.26747
11080 0.559127 0.380972  0.0599017
12212 0.0484405 0.385034  0.566526
5451 0.345538 0.450719  0.203743
6463 0.179353 0.343859  0.476788
5473 0.556619 0.193284  0.250097
5414 0.246286 0.328795  0.42492
11862 0.623865 0.36145  0.0146853
414 0.637527 0.0793556  0.283118
11103 0.305306 0.49747  0.197224
5075 0.177175 0.492613  0.330211
7369 0.422827 0.49662  0.0805535
645 0.419837 0.230619  0.349544
2239 0.27247 0.350901  0.376629
3537 0.536074 0.248904  0.215023
4527 0.605519 0.0888002  0.30568
1580 0.354556 0.45778  0.187664
12359 0.337674 0.482808  0.179519
743 0.141515 0.0832427  0.775242
12121 0.0483884 0.528545  0.423066
2509 0.448934 0.276672  0.274394
11759 0.304167 0.569914  0.125919
12198 0.311621 0.458323  0.230055
5211 0.314457 0.377366  0.308177
4008 0.306706 0.341719  0.351575
4719 0.585961 0.0225207  0.391518
6105 0.29376 0.265806  0.440434
6504 0.387564 0.372501  0.239935
7477 0.507104 0.097071  0.395825
7577 0.24652 0.0135814  0.739899
7481 0.44471 0.195292  0.359998
740 0.367478 0.262231  0.370291
2580 0.349402 0.372496  0.278102
2328 0.0411216 0.571934  0.386944
4324 0.513864 0.0227655  0.46337
11952 0.147648 0.413298  0.439053
1681 0.0110199 0.478132  0.510848
7453 0.19585 0.170401  0.633749
6312 0.275316 0.371731  0.352953
1031 0.703409 0.270493  0.026099
10164 0.454978 0.263574  0.281448
5433 0.450612 0.0353223  0.514065
6493 0.400781 0.397896  0.201323
2518 0.0312916 0.235478  0.73323
4552 0.172564 0.382526  0.44491
3810 0.359768 0.220947  0.419284
11778 0.429017 0.16125  0.409733
407 0.700009 0.268255  0.0317357
11955 0.0903097 0.461838  0.447852
11945 0.0910977 0.52026  0.388643
2323 0.364089 0.256436  0.379475
1875 0.465073 0.437155  0.0977725
11829 0.3192 0.362146  0.318654
7570 0.122548 0.334311  0.543141
12289 0.437718 0.43422  0.128063
6204 0.478144 0.424333  0.0975235
810 0.218781 0.666049  0.11517
2039 0.293283 0.555101  0.151615
5846 0.359024 0.372922  0.268054
3629 0.384775 0.364904  0.250321
3362 0.0717497 0.0536277  0.874623
6808 0.407924 0.378472  0.213603
11910 0.505531 0.216091  0.278379
11775 0.537713 0.218174  0.244113
1679 0.438784 0.370236  0.19098
12045 0.184283 0.153982  0.661736
7773 0.159797 0.452511  0.387693
5955 0.563686 0.100928  0.335386
6846 0.567159 0.200815  0.232026
4501 0.466057 0.246286  0.287658
12158 0.192115 0.639283  0.168603
6185 0.624537 0.319095  0.0563683
155 0.305042 0.207516  0.487443
1602 0.450287 0.224214  0.325499
4519 0.371502 0.212193  0.416305
4536 0.0656346 0.623629  0.310736
11007 0.108102 0.395728  0.496169
2336 0.295496 0.382462  0.322042
1145 0.463669 0.204269  0.332062
3972 0.0184518 0.35577  0.625778
7427 0.452492 0.305226  0.242282
6449 0.198396 0.128161  0.673443
4763 0.292928 0.290233  0.416839
4217 0.289038 0.382628  0.328334
3369 0.0384119 0.596525  0.365063
4519 0.0410713 0.584182  0.374746
2107 0.26154 0.378543  0.359917
3383 0.276417 0.336626  0.386957
12050 0.492466 0.43826  0.0692735
11599 0.432809 0.199205  0.367986
1070 0.4026 0.0990096  0.49839
2517 0.277127 0.318071  0.404801
3364 0.293765 0.182097  0.524138
6347 0.405265 0.443404  0.151331
3333 0.363743 0.272247  0.364011
12217 0.813171 0.0889022  0.0979264
1552 0.421898 0.250562  0.32754
3368 0.0578883 0.582541  0.35957
4536 0.378239 0.457216  0.164545
12255 0.401542 0.236947  0.361511
411 0.309117 0.269795  0.421087
11211 0.128145 0.437116  0.434739
2300 0.143155 0.0557258  0.801119
12172 0.418418 0.160776  0.420806
5988 0.453668 0.406111  0.140222
12363 0.150573 0.37665  0.472776
4510 0.249884 0.362506  0.38761
3332 0.174965 0.644099  0.180935
11779 0.272793 0.178606  0.548602
6983 0.601568 0.197811  0.200621
4519 0.378527 0.361611  0.259862
5473 0.610114 0.240752  0.149134
647 0.165048 0.62757  0.207382
1549 0.440609 0.0917766  0.467615
12219 0.0311316 0.449183  0.519685
2508 0.630706 0.163761  0.205533
11798 0.349683 0.335957  0.31436
11773 0.127639 0.747501  0.12486
5256 0.0874628 0.636814  0.275723
5247 0.331161 0.428023  0.240816
7633 0.398595 0.123001  0.478404
6340 0.655628 0.156151  0.188221
400 0.253474 0.450024  0.296502
7925 0.234067 0.358648  0.407285
8809 0.404762 0.255589  0.339649
5972 0.637973 0.173587  0.188441
3758 0.423344 0.209694  0.366962
1562 0.523322 0.345544  0.131134
3846 0.319035 0.557186  0.123779
12443 0.544777 0.128618  0.326605
2217 0.400132 0.463593  0.136275
11748 0.574315 0.0863798  0.339305
5247 0.320598 0.479762  0.19964
5971 0.470447 0.252508  0.277044
12273 0.730724 0.233335  0.0359407
8555 0.182641 0.352666  0.464693
441 0.275726 0.218071  0.506203
11915 0.484254 0.0506403  0.465106
4956 0.344187 0.226613  0.4292
5428 0.426022 0.406707  0.167271
3412 0.271248 0.133381  0.595371
407 0.278222 0.36592  0.355859
125 0.0846969 0.469199  0.446104
5464 0.0897237 0.274345  0.635931
4201 0.46918 0.31586  0.21496
7496 0.164724 0.525959  0.309316
7766 0.252933 0.16374  0.583327
5225 0.709044 0.142751  0.148205
4523 0.49562 0.471268  0.033112
2690 0.0587935 0.424884  0.516323
7911 0.227832 0.516937  0.255231
8940 0.404473 0.314125  0.281401
8953 0.494798 0.0105775  0.494625
11870 0.313679 0.299287  0.387033
3368 0.419755 0.448625  0.13162
11597 0.482747 0.0746037  0.442649
7794 0.309592 0.297471  0.392937
11423 0.205784 0.435203  0.359013
5983 0.119071 0.229875  0.651054
2033 0.624435 0.225482  0.150083
6448 0.304055 0.482735  0.21321
3576 0.325959 0.285124  0.388917
2636 0.216211 0.348715  0.435073
2102 0.449311 0.269102  0.281588
6414 0.132327 0.324115  0.543559
7896 0.114893 0.337573  0.547534
8818 0.0485002 0.651354  0.300145
3445 0.274904 0.504539  0.220557
3574 0.0972882 0.0217615  0.88095
11068 0.368621 0.278748  0.352631
6353 0.362858 0.534964  0.102178
8073 0.0552685 0.868871  0.0758606
12188 0.235543 0.563712  0.200745
12202 0.188646 0.601813  0.209541
109 0.586717 0.291289  0.121993
4198 0.508094 0.337565  0.154341
11684 0.339748 0.246186  0.414065
4526 0.0129125 0.797038  0.190049
1398 0.42302 0.568872  0.0081086
3971 0.171516 0.240183  0.5883
11425 0.202784 0.282321  0.514895
6120 0.0628847 0.566664  0.370451
3858 0.305918 0.408805  0.285277
11773 0.593947 0.13121  0.274844
11820 0.349913 0.284889  0.365198
11422 0.44245 0.243377  0.314173
11792 0.184675 0.473236  0.34209
11568 0.447545 0.453252  0.0992028
662 0.311348 0.478006  0.210646
2516 0.463431 0.069358  0.467211
12507 0.144477 0.308837  0.546686
12285 0.335288 0.322138  0.342574
3443 0.364613 0.145182  0.490205
4993 0.183862 0.447047  0.369091
3969 0.349039 0.21431  0.43665
6246 0.16578 0.690757  0.143462
7623 0.0452393 0.499132  0.455629
6399 0.558371 0.273331  0.168299
5428 0.557471 0.345001  0.0975271
5244 0.236044 0.589237  0.174719
11451 0.533772 0.0657955  0.400433
6048 0.729348 0.133635  0.137017
11382 0.40833 0.0177573  0.573913
8510 0.472367 0.100797  0.426836
12015 0.413894 0.204413  0.381693
12443 0.552079 0.123784  0.324137
12442 0.84618 0.134998  0.0188219
6078 0.30589 0.289183  0.404927
7512 0.207307 0.399085  0.393609
3438 0.619523 0.346868  0.033609
3338 0.362625 0.254226  0.383149
12074 0.310849 0.377593  0.311558
11446 0.659405 0.115838  0.224757
11768 0.243779 0.390273  0.365948
4565 0.223907 0.457791  0.318301
