14805 0.453953 0.291449  0.254598
14968 0.293422 0.270775  0.435803
4569 0.459727 0.102923  0.43735
11571 0.456035 0.504553  0.0394118
6349 0.479445 0.164821  0.355735
5188 0.113867 0.017767  0.868366
1740 0.325653 0.271009  0.403339
18331 0.321532 0.376222  0.302246
2646 0.250315 0.627193  0.122493
12170 0.47838 0.321588  0.200032
344 0.17211 0.406034  0.421856
12382 0.202442 0.607174  0.190384
640 0.311835 0.59076  0.0974046
13975 0.605678 0.19044  0.203882
17578 0.196398 0.262028  0.541574
7356 0.117356 0.205265  0.677378
12150 0.213551 0.406161  0.380288
12268 0.228887 0.191832  0.579282
729 0.355492 0.257713  0.386795
12183 0.212629 0.540487  0.246884
9763 0.418355 0.271416  0.310229
7177 0.0879776 0.340558  0.571464
14854 0.718043 0.261901  0.0200559
903 0.58649 0.147767  0.265743
2111 0.3995 0.425124  0.175376
10106 0.582509 0.204646  0.212845
5265 0.0511504 0.349818  0.599032
549 0.177073 0.228651  0.594276
10137 0.418691 0.333372  0.247937
745 0.32567 0.06971  0.60462
2098 0.482629 0.080928  0.436443
15734 0.532775 0.107499  0.359726
13815 0.351316 0.36169  0.286994
2282 0.125813 0.553949  0.320238
195 0.443691 0.375481  0.180828
8209 0.397892 0.526233  0.0758754
7268 0.220316 0.495667  0.284017
2749 0.550509 0.123764  0.325727
2153 0.38721 0.261376  0.351414
3894 0.106665 0.393196  0.500139
18265 0.105686 0.368294  0.52602
9406 0.489143 0.484356  0.0265008
5854 0.291272 0.179405  0.529323
761 0.432183 0.175807  0.39201
6850 0.338481 0.13478  0.526738
14786 0.470335 0.41861  0.111055
5431 0.324246 0.423062  0.252692
711 0.433886 0.519435  0.0466786
11965 0.0519712 0.875674  0.0723547
10155 0.412948 0.257532  0.329521
17385 0.104722 0.84126  0.0540175
16510 0.254024 0.734596  0.0113793
8705 0.0628945 0.143984  0.793121
2309 0.514801 0.264967  0.220232
7283 0.655994 0.221344  0.122662
11945 0.421002 0.305226  0.273771
4284 0.0195153 0.59353  0.386954
9896 0.234186 0.741904  0.02391
7141 0.30909 0.0851505  0.60576
18571 0.203465 0.397038  0.399497
16084 0.183338 0.427957  0.388705
6836 0.128836 0.437135  0.434029
1589 0.0938026 0.410707  0.49549
5455 0.441323 0.0848826  0.473795
9630 0.443474 0.46907  0.0874558
11609 0.3926 0.132211  0.475189
5451 0.138206 0.498441  0.363353
7234 0.168344 0.202646  0.62901
1608 0.256218 0.529461  0.214321
5137 0.872234 0.0430999  0.0846656
13776 0.58473 0.176664  0.238606
11087 0.122239 0.348033  0.529727
11803 0.0756178 0.550542  0.37384
2790 0.338374 0.271794  0.389833
11672 0.203248 0.434295  0.362457
14777 0.374692 0.360494  0.264814
815 0.574089 0.200555  0.225356
691 0.0830602 0.439899  0.477041
4734 0.391612 0.0350392  0.573348
13305 0.418492 0.265915  0.315592
7630 0.407498 0.386042  0.20646
11424 0.554769 0.0439167  0.401314
6468 0.186819 0.317959  0.495222
9536 0.525043 0.397711  0.0772463
7102 0.200001 0.41878  0.381219
11257 0.4794 0.257039  0.263561
11779 0.621482 0.309514  0.0690037
647 0.558836 0.432976  0.00818762
7356 0.148329 0.592601  0.259069
1439 0.472232 0.0843364  0.443432
9706 0.455529 0.291557  0.252914
4719 0.225195 0.446263  0.328542
2831 0.157927 0.480153  0.361919
7263 0.460924 0.329736  0.20934
484 0.58578 0.050485  0.363735
10205 0.464804 0.092688  0.442508
10159 0.463231 0.497175  0.0395941
11713 0.320304 0.305638  0.374058
9928 0.499527 0.363102  0.137371
375 0.452075 0.310005  0.237921
13744 0.138606 0.629848  0.231546
8088 0.176384 0.478047  0.345569
8342 0.484262 0.0915686  0.424169
12724 0.186149 0.269795  0.544056
10216 0.498215 0.447823  0.0539622
6134 0.368406 0.174051  0.457543
810 0.34558 0.355388  0.299032
11219 0.340725 0.360937  0.298339
11424 0.393289 0.592541  0.0141698
5037 0.471966 0.502212  0.0258225
7756 0.454092 0.22149  0.324418
11742 0.51835 0.176376  0.305275
13990 0.40545 0.334853  0.259697
12866 0.279316 0.243567  0.477116
5738 0.299032 0.359102  0.341866
293 0.374082 0.517238  0.10868
10042 0.460938 0.4354  0.103662
8516 0.417798 0.331656  0.250546
2351 0.455479 0.19013  0.35439
11791 0.65234 0.142239  0.205421
13020 0.375606 0.0922304  0.532164
9663 0.535228 0.450692  0.0140797
13316 0.596617 0.194027  0.209356
7386 0.714007 0.169503  0.11649
9473 0.472791 0.187729  0.339481
16662 0.0379543 0.274444  0.687602
10031 0.720077 0.198912  0.0810114
3939 0.012721 0.496473  0.490806
7548 0.577147 0.342895  0.0799586
6852 0.356756 0.34956  0.293684
3346 0.0650634 0.439548  0.495389
8773 0.0701766 0.601789  0.328034
12057 0.287148 0.462957  0.249895
3326 0.213651 0.726682  0.0596666
3097 0.526123 0.125644  0.348233
6509 0.1605 0.424008  0.415492
137 0.161328 0.284184  0.554488
11212 0.423619 0.207743  0.368638
7495 0.219187 0.351811  0.429001
15650 0.409607 0.517987  0.0724062
12553 0.105721 0.416123  0.478156
2628 0.240321 0.362779  0.396899
15751 0.26194 0.640354  0.0977067
11498 0.217809 0.508561  0.27363
6346 0.224511 0.318551  0.456938
18831 0.531195 0.12562  0.343185
18129 0.549503 0.0568323  0.393665
1442 0.457299 0.0974369  0.445264
16706 0.218333 0.396214  0.385453
14871 0.177129 0.404728  0.418143
9963 0.138289 0.375268  0.486443
14618 0.194555 0.582717  0.222727
473 0.175751 0.673722  0.150527
7473 0.373044 0.28908  0.337876
9904 0.0743955 0.805218  0.120386
12457 0.0772045 0.286123  0.636672
1663 0.447305 0.339097  0.213598
12425 0.114068 0.423492  0.46244
3909 0.300943 0.46785  0.231208
1471 0.238253 0.223426  0.538322
2950 0.122558 0.271423  0.606019
2719 0.496735 0.125978  0.377287
334 0.194914 0.755513  0.0495722
16584 0.351298 0.440666  0.208035
6937 0.197189 0.537159  0.265652
6497 0.176763 0.706935  0.116303
8011 0.437199 0.33845  0.224351
10095 0.636021 0.21642  0.147559
11696 0.142404 0.376864  0.480733
175 0.0525215 0.418714  0.528765
7688 0.436851 0.328314  0.234835
6337 0.868814 0.0436643  0.0875215
17767 0.384394 0.285513  0.330093
12047 0.263309 0.419812  0.316879
12335 0.311378 0.659003  0.0296189
16524 0.239603 0.652423  0.107974
1489 0.392318 0.369553  0.238129
12062 0.334431 0.24561  0.419959
10116 0.422291 0.37166  0.206049
312 0.344265 0.150973  0.504761
13692 0.116766 0.409119  0.474115
9909 0.232696 0.400928  0.366376
9674 0.161022 0.334599  0.504379
15650 0.531326 0.38454  0.0841337
7668 0.717354 0.236019  0.0466267
12425 0.444437 0.409052  0.146511
7505 0.378523 0.312236  0.309241
2238 0.422114 0.445872  0.132014
15713 0.197158 0.390274  0.412567
14782 0.313361 0.402413  0.284226
739 0.725141 0.208237  0.0666212
18352 0.300079 0.647193  0.0527285
6389 0.261319 0.330724  0.407958
18751 0.196806 0.697092  0.106101
2594 0.244556 0.387863  0.367581
9939 0.389372 0.0308899  0.579738
13054 0.454297 0.182125  0.363579
13373 0.346926 0.400674  0.2524
3337 0.134886 0.425292  0.439821
5998 0.265649 0.25069  0.483661
12341 0.415486 0.37892  0.205595
18460 0.173856 0.359537  0.466607
5750 0.215942 0.218225  0.565834
2195 0.399306 0.474391  0.126302
11687 0.533025 0.440865  0.0261096
3311 0.404673 0.406818  0.188509
1036 0.559434 0.0860841  0.354482
5433 0.426986 0.390542  0.182471
8610 0.387454 0.427517  0.185029
15141 0.368047 0.257253  0.3747
18353 0.338397 0.249492  0.412111
14846 0.33869 0.377302  0.284008
10936 0.235562 0.0964087  0.668029
9675 0.164352 0.109019  0.726629
6530 0.302113 0.124043  0.573844
9376 0.684765 0.210656  0.104579
9964 0.337865 0.380184  0.28195
294 0.0725237 0.35686  0.570616
15858 0.420461 0.302023  0.277517
13598 0.155111 0.761554  0.0833348
8581 0.392007 0.168282  0.439712
187 0.371169 0.209557  0.419274
8711 0.67199 0.0635288  0.264482
15273 0.385416 0.150004  0.46458
11667 0.092098 0.442723  0.465179
7749 0.354774 0.236656  0.40857
15931 0.317537 0.163621  0.518842
1166 0.38023 0.222123  0.397647
14866 0.434828 0.486087  0.0790857
9791 0.508882 0.29954  0.191578
5470 0.307249 0.373306  0.319444
6490 0.379258 0.28308  0.337663
8656 0.417984 0.329698  0.252319
15755 0.340435 0.335494  0.324071
6904 0.21245 0.448493  0.339057
3375 0.37702 0.218856  0.404124
10205 0.110984 0.43205  0.456966
13645 0.111484 0.811011  0.0775047
16544 0.35405 0.397218  0.248733
2692 0.449714 0.133194  0.417091
700 0.662158 0.130665  0.207177
7307 0.475158 0.0869356  0.437906
8726 0.168419 0.69867  0.132911
12428 0.589088 0.296152  0.114759
13244 0.527389 0.256864  0.215747
391 0.470254 0.109544  0.420202
12605 0.408728 0.327438  0.263834
637 0.129422 0.723494  0.147084
16541 0.493942 0.0281654  0.477893
16594 0.529949 0.244608  0.225443
1567 0.360404 0.493862  0.145734
5838 0.774567 0.164252  0.0611815
15527 0.408704 0.461932  0.129364
14805 0.058338 0.472293  0.469369
2821 0.489134 0.255492  0.255374
2842 0.407831 0.352774  0.239394
14716 0.434687 0.289852  0.275461
6348 0.402664 0.243568  0.353768
6928 0.238354 0.494825  0.266821
15714 0.312805 0.46319  0.224005
7043 0.564909 0.200715  0.234376
2323 0.395202 0.469389  0.135409
7695 0.25659 0.180715  0.562695
13607 0.110336 0.704742  0.184922
4853 0.377874 0.435416  0.18671
3502 0.235917 0.368259  0.395824
5745 0.389558 0.535962  0.0744805
9708 0.397487 0.455743  0.14677
16482 0.147345 0.408112  0.444543
11948 0.402484 0.319777  0.277739
12857 0.301654 0.456345  0.242001
5449 0.205345 0.492035  0.30262
2314 0.127504 0.243542  0.628954
7694 0.424683 0.168226  0.407091
13010 0.352374 0.338689  0.308937
2407 0.274408 0.361954  0.363639
7521 0.538473 0.437119  0.0244078
14745 0.367013 0.234046  0.398941
12166 0.190298 0.539491  0.270211
11505 0.431031 0.213847  0.355122
16491 0.517943 0.0266006  0.455456
6954 0.635337 0.318957  0.0457062
11665 0.0607966 0.906103  0.0331005
14733 0.449778 0.272941  0.277281
3925 0.121998 0.757331  0.120672
1708 0.124654 0.424774  0.450572
11675 0.296942 0.535375  0.167683
566 0.592304 0.139573  0.268123
6964 0.573369 0.250615  0.176017
11667 0.823655 0.141909  0.0344363
6963 0.0530964 0.700872  0.246032
7333 0.251096 0.0221453  0.726759
14813 0.228774 0.548752  0.222474
13313 0.425663 0.374425  0.199912
2906 0.549341 0.222421  0.228238
6016 0.292433 0.539756  0.16781
16642 0.362607 0.592118  0.0452757
13372 0.399568 0.373418  0.227014
7145 0.0738324 0.277726  0.648442
7887 0.15154 0.437107  0.411353
13009 0.615184 0.0348847  0.349931
5732 0.0724505 0.73035  0.1972
6875 0.288185 0.269694  0.44212
9268 0.392835 0.192314  0.414851
13866 0.448831 0.0413547  0.509815
9806 0.0432216 0.0958011  0.860977
7752 0.125339 0.396707  0.477954
5835 0.572736 0.111287  0.315977
5107 0.0249384 0.191083  0.783979
12048 0.558288 0.213822  0.22789
5195 0.0483119 0.512903  0.438785
12340 0.447648 0.41214  0.140211
9546 0.497697 0.166259  0.336043
12965 0.587664 0.230837  0.181499
7477 0.266081 0.291835  0.442085
11470 0.376824 0.239876  0.383301
11677 0.444379 0.496696  0.0589245
782 0.477999 0.301788  0.220213
2884 0.119772 0.317295  0.562933
9973 0.250102 0.288089  0.461809
6469 0.840414 0.0559626  0.103623
1021 0.365323 0.13224  0.502437
2669 0.474667 0.21187  0.313463
7056 0.123228 0.712617  0.164155
19268 0.0760809 0.58562  0.338299
12911 0.0229108 0.492729  0.48436
5461 0.183997 0.732165  0.0838374
6354 0.482361 0.414301  0.103338
671 0.449006 0.314613  0.236381
3311 0.335883 0.272794  0.391323
13416 0.0151494 0.524643  0.460207
15852 0.0725233 0.359776  0.567701
2541 0.146167 0.368899  0.484934
11984 0.501352 0.0223202  0.476328
12050 0.0109544 0.377201  0.611845
9722 0.654226 0.260729  0.0850441
9990 0.59943 0.0712554  0.329315
693 0.0997996 0.549153  0.351048
1693 0.256862 0.371758  0.371381
3921 0.433612 0.547642  0.0187463
2325 0.42578 0.360671  0.213549
8124 0.0707298 0.074556  0.854714
3955 0.36584 0.397544  0.236617
1929 0.401244 0.325266  0.27349
2380 0.271138 0.287245  0.441616
6493 0.423973 0.238307  0.33772
6929 0.633326 0.33786  0.0288136
2447 0.477163 0.3303  0.192537
18869 0.613558 0.315807  0.0706352
11610 0.275801 0.412702  0.311497
9807 0.550952 0.138523  0.310525
3611 0.208474 0.651773  0.139754
1701 0.699774 0.0259078  0.274319
2874 0.47231 0.192751  0.334939
3576 0.75009 0.132293  0.117617
1264 0.306559 0.246906  0.446535
15140 0.383698 0.244816  0.371486
11535 0.639446 0.214219  0.146335
12539 0.544665 0.110735  0.3446
7559 0.425489 0.351046  0.223466
5747 0.755597 0.0385698  0.205833
16677 0.335258 0.492888  0.171854
16437 0.263819 0.573868  0.162313
11602 0.292159 0.452956  0.254885
12487 0.185871 0.425896  0.388233
14325 0.122524 0.240523  0.636953
9756 0.449562 0.540271  0.0101668
16035 0.458366 0.403225  0.138409
2066 0.479456 0.414533  0.106011
5886 0.787338 0.0230569  0.189605
13853 0.259357 0.266625  0.474018
5468 0.262246 0.325403  0.412351
1748 0.107989 0.399209  0.492802
9666 0.404717 0.347713  0.24757
753 0.0368443 0.393632  0.569524
7718 0.0622702 0.00981922  0.927911
5988 0.481971 0.119369  0.39866
8584 0.0798303 0.0954665  0.824703
2679 0.3902 0.0594935  0.550307
6930 0.523097 0.417913  0.0589898
10847 0.417704 0.40264  0.179657
15098 0.162864 0.400026  0.437109
14691 0.282143 0.128455  0.589403
16695 0.340211 0.540855  0.118934
2521 0.654445 0.256411  0.0891448
12391 0.31904 0.283877  0.397083
18857 0.43512 0.388992  0.175889
11220 0.308124 0.576446  0.11543
7241 0.163755 0.512461  0.323783
10002 0.598074 0.374537  0.0273887
10100 0.33291 0.384328  0.282762
10180 0.436099 0.462795  0.101107
7699 0.573892 0.20588  0.220228
13860 0.337473 0.446955  0.215572
7284 0.321105 0.523019  0.155876
12023 0.157818 0.224535  0.617647
9235 0.269424 0.704572  0.0260037
13847 0.273822 0.356994  0.369184
7534 0.0634466 0.682798  0.253755
6346 0.0982484 0.401331  0.500421
2811 0.521447 0.291318  0.187235
19386 0.441049 0.0546597  0.504291
2015 0.266166 0.35789  0.375945
3248 0.522282 0.356671  0.121046
644 0.296641 0.565109  0.138249
16535 0.182883 0.22762  0.589497
8712 0.431426 0.056812  0.511762
6905 0.614187 0.219694  0.166119
9249 0.343561 0.53496  0.121479
16600 0.329545 0.38703  0.283425
2288 0.196188 0.314979  0.488833
1696 0.0839554 0.475358  0.440686
2950 0.107087 0.452976  0.439937
196 0.405625 0.12923  0.465145
2239 0.108381 0.83796  0.0536588
11215 0.00951852 0.4192  0.571281
15527 0.357266 0.336004  0.30673
15259 0.149699 0.345251  0.50505
12993 0.389718 0.537957  0.072325
5505 0.764178 0.0575319  0.17829
6375 0.0920674 0.366836  0.541097
10728 0.171519 0.563029  0.265451
10147 0.205703 0.427761  0.366536
7250 0.503 0.373922  0.123077
3889 0.312646 0.2335  0.453854
1646 0.502965 0.480707  0.0163277
17754 0.570497 0.264091  0.165411
7745 0.107021 0.357141  0.535838
12813 0.555187 0.0679714  0.376841
3283 0.567983 0.306465  0.125551
6176 0.056659 0.411898  0.531443
1334 0.434553 0.127979  0.437468
4973 0.557495 0.181803  0.260702
7457 0.395939 0.32225  0.281811
12486 0.301226 0.187785  0.510989
9951 0.439346 0.161557  0.399098
7085 0.196567 0.567191  0.236242
12375 0.28187 0.267147  0.450983
9160 0.431264 0.288764  0.279972
13263 0.179657 0.337689  0.482654
103 0.407658 0.24016  0.352182
1755 0.402802 0.538342  0.0588567
16756 0.461478 0.340313  0.198209
4369 0.450281 0.473087  0.0766321
7654 0.360419 0.480108  0.159473
16567 0.0292449 0.558028  0.412727
7369 0.535562 0.279282  0.185156
2832 0.231602 0.646656  0.121743
6546 0.61348 0.151924  0.234596
10300 0.5514 0.118038  0.330562
6999 0.179857 0.446316  0.373828
12447 0.263957 0.683288  0.0527544
15233 0.482896 0.252237  0.264867
16481 0.306797 0.15954  0.533662
847 0.540866 0.333796  0.125338
7792 0.215595 0.390608  0.393797
14828 0.562453 0.257898  0.179648
16452 0.43824 0.0411908  0.520569
18058 0.335337 0.306247  0.358416
2518 0.429169 0.177355  0.393476
11583 0.422821 0.25529  0.32189
3860 0.482043 0.393013  0.124944
6926 0.456183 0.280969  0.262848
2552 0.233317 0.559573  0.20711
7169 0.417377 0.286046  0.296577
13382 0.189991 0.490258  0.319751
5940 0.595057 0.330323  0.0746202
302 0.618503 0.315869  0.0656278
1755 0.298291 0.303644  0.398065
5236 0.711253 0.231408  0.0573394
16734 0.450634 0.0578209  0.491545
3862 0.501679 0.139815  0.358505
9166 0.840906 0.0299525  0.129142
7021 0.363225 0.349591  0.287184
7785 0.254931 0.35118  0.393889
701 0.078914 0.31718  0.603906
360 0.253438 0.569262  0.1773
6923 0.368716 0.153978  0.477306
6358 0.0392036 0.505922  0.454874
328 0.180382 0.049278  0.77034
1453 0.374488 0.319754  0.305758
15250 0.649949 0.256923  0.0931281
524 0.228366 0.323029  0.448606
6448 0.391335 0.375417  0.233248
9729 0.393732 0.213567  0.392701
1754 0.24627 0.546048  0.207682
11267 0.335553 0.478054  0.186394
9925 0.0845552 0.752819  0.162626
17704 0.350043 0.441545  0.208412
7666 0.2171 0.440186  0.342714
7060 0.402881 0.223799  0.37332
16641 0.478664 0.446612  0.0747242
2261 0.431154 0.456566  0.112279
2606 0.3549 0.62286  0.0222404
13730 0.344098 0.350429  0.305473
11345 0.3848 0.0215212  0.593679
976 0.814788 0.104195  0.0810174
6977 0.21772 0.450995  0.331284
4583 0.443492 0.230694  0.325814
8009 0.0813074 0.134583  0.784109
5802 0.177704 0.601583  0.220713
8693 0.182919 0.275657  0.541424
7295 0.395427 0.43857  0.166003
1505 0.444556 0.447373  0.108071
923 0.142197 0.287658  0.570144
6886 0.341058 0.526915  0.132027
7652 0.232166 0.498867  0.268967
7560 0.507405 0.0893008  0.403294
2135 0.684773 0.109568  0.20566
3346 0.0604799 0.709381  0.230139
14921 0.470122 0.29102  0.238858
2989 0.0709208 0.343536  0.585543
14927 0.526355 0.360015  0.11363
16671 0.307274 0.518079  0.174647
466 0.349571 0.0895897  0.560839
8723 0.488293 0.228118  0.283588
18967 0.444679 0.420927  0.134393
9410 0.380248 0.209905  0.409847
195 0.1313 0.553531  0.315169
314 0.765296 0.207441  0.0272631
7712 0.0772198 0.338598  0.584182
5944 0.812179 0.123119  0.0647013
9400 0.388723 0.0416564  0.569621
6025 0.0978469 0.518862  0.383291
12361 0.685704 0.267046  0.0472502
9959 0.117545 0.401358  0.481098
11517 0.162597 0.0814607  0.755942
15226 0.17482 0.470852  0.354328
13469 0.398077 0.0995624  0.50236
18983 0.531004 0.0390734  0.429923
8589 0.318158 0.357454  0.324387
9671 0.23154 0.578978  0.189482
19330 0.549237 0.260355  0.190408
3612 0.245958 0.166067  0.587975
18977 0.327823 0.419138  0.253039
16618 0.320754 0.30429  0.374956
13444 0.496164 0.309159  0.194678
2605 0.19023 0.143224  0.666546
7099 0.226429 0.378619  0.394953
6017 0.374799 0.424779  0.200422
7489 0.38296 0.283408  0.333632
12293 0.37388 0.403297  0.222823
2957 0.483471 0.315958  0.200572
12638 0.337252 0.307691  0.355058
7420 0.159112 0.366655  0.474233
11969 0.382545 0.188615  0.42884
10203 0.0907073 0.333385  0.575908
13368 0.289361 0.223451  0.487188
12014 0.0855741 0.639841  0.274585
7747 0.0661432 0.368696  0.565161
14810 0.234391 0.562812  0.202797
16529 0.128613 0.0153134  0.856073
2343 0.0715734 0.0231157  0.905311
11971 0.332975 0.38202  0.285005
12774 0.487406 0.39384  0.118754
6281 0.419025 0.157262  0.423713
2799 0.0516082 0.796395  0.151996
9723 0.539377 0.251861  0.208762
7484 0.39453 0.383575  0.221895
16323 0.30692 0.598536  0.0945438
690 0.132425 0.177261  0.690314
1744 0.363142 0.203454  0.433404
5489 0.126807 0.670896  0.202297
11926 0.457649 0.421654  0.120696
1461 0.0710534 0.639427  0.289519
6351 0.798743 0.163726  0.0375305
362 0.400994 0.291799  0.307207
12888 0.448077 0.325582  0.226341
11817 0.0856648 0.170753  0.743582
12058 0.633504 0.0360812  0.330414
5990 0.433764 0.0930183  0.473217
12445 0.145998 0.0324399  0.821562
14847 0.146978 0.478982  0.37404
15755 0.22832 0.476036  0.295644
9120 0.0684183 0.624798  0.306783
17521 0.514537 0.410275  0.0751885
7293 0.0818155 0.406381  0.511803
13302 0.278604 0.437633  0.283763
12010 0.271315 0.460021  0.268663
6891 0.209067 0.392855  0.398079
13055 0.553556 0.155452  0.290993
9633 0.218203 0.465312  0.316485
7116 0.283667 0.145014  0.571319
8517 0.490165 0.0826202  0.427214
9945 0.209071 0.385553  0.405375
12864 0.328345 0.280165  0.39149
6842 0.233154 0.33608  0.430766
16443 0.305622 0.391525  0.302854
7288 0.374373 0.409537  0.21609
834 0.285767 0.580296  0.133936
2829 0.367574 0.252917  0.379509
11484 0.457096 0.491561  0.051343
17554 0.659906 0.0941368  0.245958
5228 0.415946 0.274181  0.309873
15850 0.352683 0.608516  0.0388017
9269 0.318771 0.27786  0.403369
16654 0.26516 0.510056  0.224783
3361 0.0959743 0.494709  0.409317
16484 0.516329 0.359732  0.123938
4310 0.66628 0.254122  0.079598
5480 0.445408 0.504834  0.0497584
16612 0.116624 0.0484755  0.834901
7522 0.0696673 0.889075  0.0412581
5200 0.435992 0.414253  0.149755
2930 0.227727 0.389805  0.382469
12798 0.192304 0.323232  0.484464
12583 0.260519 0.386112  0.35337
12042 0.127537 0.316637  0.555827
17944 0.05191 0.543455  0.404635
2194 0.283411 0.254196  0.462393
11969 0.417625 0.209044  0.373332
3422 0.168418 0.389796  0.441786
14413 0.235796 0.383943  0.380261
15653 0.503627 0.183987  0.312385
7477 0.344692 0.354058  0.30125
3939 0.275253 0.499462  0.225285
14771 0.781317 0.143345  0.0753383
16444 0.0472941 0.195877  0.756829
6022 0.237947 0.376698  0.385355
2183 0.125095 0.469081  0.405823
3502 0.214585 0.245044  0.540371
3279 0.258119 0.587707  0.154174
16658 0.0517171 0.524398  0.423885
2153 0.432618 0.375108  0.192275
3066 0.698617 0.0842973  0.217086
3603 0.410829 0.309099  0.280071
9947 0.232348 0.184349  0.583303
3033 0.36496 0.315055  0.319986
5465 0.445098 0.273872  0.28103
14864 0.0633331 0.377687  0.55898
16664 0.386766 0.182394  0.43084
1281 0.0681867 0.664923  0.26689
11607 0.487571 0.0695186  0.442911
5151 0.420639 0.364185  0.215176
2390 0.143238 0.48927  0.367492
5766 0.381466 0.258629  0.359905
1536 0.12017 0.400662  0.479168
9463 0.403606 0.453621  0.142773
6389 0.11973 0.12194  0.75833
9896 0.224963 0.303939  0.471098
11352 0.285173 0.569429  0.145398
87 0.384582 0.189571  0.425846
4502 0.206166 0.313919  0.479915
6919 0.122142 0.206073  0.671786
11279 0.632238 0.116022  0.25174
9203 0.341415 0.341515  0.31707
16453 0.0266238 0.521738  0.451638
6354 0.105023 0.719133  0.175845
6411 0.411588 0.340485  0.247927
503 0.453991 0.476508  0.0695011
348 0.459111 0.427779  0.11311
7676 0.274933 0.221551  0.503515
17784 0.381044 0.301137  0.317819
7396 0.662135 0.0368442  0.301021
12905 0.388948 0.2744  0.336652
16475 0.431233 0.0344686  0.534298
10213 0.0886623 0.419028  0.49231
6424 0.221234 0.479115  0.299651
1608 0.200774 0.352958  0.446269
9660 0.31617 0.1718  0.512029
15028 0.0894911 0.460521  0.449988
5764 0.263193 0.328023  0.408784
17999 0.796904 0.0318596  0.171237
5434 0.158801 0.466636  0.374562
294 0.389811 0.501071  0.109117
11235 0.150973 0.365997  0.48303
10138 0.765041 0.19994  0.0350193
3876 0.423414 0.461872  0.114714
12626 0.557406 0.303129  0.139465
475 0.340789 0.599647  0.0595636
1587 0.0756289 0.301542  0.622829
6185 0.156344 0.0833533  0.760302
829 0.289958 0.442713  0.267329
7151 0.468642 0.145268  0.386091
1049 0.343364 0.403585  0.253051
6262 0.550671 0.0680119  0.381317
16628 0.759527 0.108393  0.13208
9213 0.285819 0.591591  0.12259
13553 0.0710074 0.610909  0.318083
15720 0.249409 0.139547  0.611044
10122 0.439093 0.0394904  0.521417
13017 0.15083 0.0514265  0.797743
1744 0.108886 0.83103  0.0600847
1515 0.375747 0.467499  0.156754
9949 0.41187 0.230012  0.358118
17986 0.314636 0.377138  0.308226
6456 0.469051 0.0598705  0.471078
5780 0.387305 0.537524  0.0751704
2057 0.211433 0.407269  0.381299
14995 0.496669 0.450202  0.0531289
12903 0.401475 0.10139  0.497136
7578 0.191096 0.178939  0.629965
7299 0.395592 0.351883  0.252525
13306 0.329395 0.606671  0.0639339
5592 0.305104 0.45238  0.242516
6010 0.537108 0.245621  0.217271
10008 0.243484 0.349228  0.407288
16600 0.435579 0.0696273  0.494794
10080 0.279865 0.452895  0.26724
14921 0.352921 0.316461  0.330618
11334 0.389555 0.384767  0.225679
15607 0.306876 0.320555  0.372569
15212 0.465196 0.188117  0.346686
1591 0.567413 0.0925497  0.340038
15546 0.620208 0.100002  0.27979
6318 0.324987 0.310716  0.364298
12156 0.380533 0.575895  0.0435716
2918 0.320223 0.654817  0.0249601
6306 0.344016 0.36063  0.295353
7114 0.204664 0.503959  0.291377
15176 0.143762 0.723606  0.132632
3275 0.248627 0.532851  0.218521
16617 0.0817167 0.254508  0.663776
14887 0.441923 0.192814  0.365263
5262 0.433011 0.338421  0.228567
3370 0.254581 0.31337  0.432048
1423 0.211835 0.370469  0.417696
17145 0.489387 0.0717825  0.438831
16502 0.522824 0.322865  0.154312
9243 0.189804 0.407119  0.403077
8208 0.199022 0.430697  0.370281
1672 0.462842 0.371347  0.16581
331 0.52084 0.208321  0.27084
1584 0.206543 0.381919  0.411537
5907 0.191181 0.528019  0.2808
2668 0.264466 0.333977  0.401557
6003 0.305079 0.480109  0.214812
10175 0.319438 0.456132  0.22443
6020 0.0410587 0.0739089  0.885032
6095 0.288155 0.0148036  0.697041
6294 0.271515 0.395553  0.332931
9954 0.172621 0.427075  0.400305
6860 0.163243 0.626349  0.210408
14867 0.304683 0.333008  0.362308
7273 0.365845 0.47858  0.155575
11829 0.245047 0.30363  0.451322
7137 0.332451 0.337342  0.330207
706 0.289829 0.387109  0.323063
3878 0.448322 0.363659  0.188019
292 0.544977 0.0868106  0.368212
15777 0.564156 0.266099  0.169745
6928 0.410076 0.205316  0.384608
7714 0.309452 0.135624  0.554924
276 0.24047 0.172689  0.586841
7229 0.500599 0.317675  0.181726
6294 0.509312 0.418041  0.0726474
16330 0.30176 0.363533  0.334707
3911 0.233741 0.149787  0.616472
10728 0.731796 0.247787  0.0204167
13462 0.0975817 0.275296  0.627122
17638 0.544168 0.332713  0.123119
3418 0.615315 0.0306273  0.354057
461 0.0375385 0.41865  0.543811
14571 0.344195 0.391989  0.263816
6287 0.230954 0.319987  0.449059
4765 0.271936 0.249026  0.479038
5858 0.399764 0.545662  0.0545745
987 0.286339 0.284624  0.429037
8714 0.139373 0.381201  0.479426
11246 0.038315 0.43184  0.529845
12515 0.314529 0.400731  0.28474
6501 0.0791951 0.43347  0.487335
3868 0.462959 0.375549  0.161491
11839 0.00989304 0.494092  0.496015
7677 0.236981 0.532967  0.230053
698 0.619984 0.25296  0.127057
2381 0.423024 0.203104  0.373872
12791 0.04352 0.594547  0.361932
7353 0.457757 0.439628  0.102614
6829 0.0965642 0.360527  0.542908
2514 0.531159 0.036192  0.432649
1587 0.236734 0.70602  0.0572469
1283 0.0926746 0.424303  0.483023
10040 0.643251 0.226554  0.130194
5595 0.585677 0.0089325  0.40539
15359 0.411254 0.208374  0.380372
7687 0.428987 0.354086  0.216927
15836 0.430838 0.384652  0.18451
1480 0.2135 0.377553  0.408947
2523 0.302805 0.301119  0.396076
232 0.343551 0.441106  0.215343
7348 0.387874 0.301365  0.310761
335 0.460523 0.309679  0.229798
9482 0.543168 0.039527  0.417305
7715 0.273498 0.315514  0.410988
8013 0.251331 0.432806  0.315863
16593 0.360301 0.621322  0.0183768
9656 0.415257 0.191739  0.393005
7399 0.270265 0.255261  0.474475
4355 0.443874 0.536516  0.0196098
193 0.104242 0.516888  0.37887
5510 0.0734851 0.465631  0.460884
11903 0.371964 0.282221  0.345815
6966 0.41094 0.464656  0.124404
11275 0.453831 0.401389  0.144781
11556 0.295252 0.330581  0.374168
1281 0.199953 0.418042  0.382005
5871 0.213486 0.531322  0.255192
16084 0.425425 0.487944  0.086631
5955 0.150576 0.370338  0.479086
525 0.50695 0.448776  0.0442747
16492 0.241195 0.32542  0.433385
2508 0.254013 0.403956  0.342031
4354 0.0901341 0.724966  0.1849
7561 0.198624 0.447402  0.353974
7301 0.680283 0.106162  0.213556
2350 0.483623 0.192289  0.324088
6911 0.308846 0.0482861  0.642868
12785 0.0348438 0.587823  0.377334
2382 0.0967752 0.574645  0.32858
3283 0.270153 0.370964  0.358882
13490 0.59998 0.0133262  0.386694
12344 0.177864 0.397348  0.424788
10660 0.555939 0.394754  0.0493064
7342 0.61348 0.134346  0.252174
9404 0.241083 0.371097  0.387821
11912 0.0140015 0.408319  0.57768
8055 0.354573 0.291513  0.353914
11300 0.45774 0.24109  0.30117
12878 0.229621 0.181121  0.589259
12957 0.32478 0.335797  0.339422
13395 0.399085 0.0623665  0.538548
9479 0.38607 0.36166  0.252269
2228 0.358265 0.335166  0.306568
1029 0.0343678 0.776841  0.188791
13786 0.249066 0.210986  0.539948
11596 0.239163 0.375337  0.385501
7481 0.633705 0.297753  0.0685415
15225 0.0257856 0.485765  0.48845
6841 0.0573035 0.481274  0.461423
12984 0.107271 0.801002  0.0917266
12972 0.470681 0.33709  0.192229
6351 0.381292 0.452278  0.166429
8709 0.320248 0.402142  0.27761
14710 0.499558 0.0306764  0.469766
496 0.772123 0.0284175  0.199459
7635 0.588458 0.0231221  0.38842
13984 0.218936 0.160163  0.620901
13719 0.0401483 0.498625  0.461226
7068 0.446319 0.419638  0.134043
16711 0.0796748 0.586939  0.333386
14850 0.289523 0.407764  0.302713
12745 0.497041 0.102803  0.400156
1047 0.672585 0.280306  0.0471091
8678 0.35566 0.285966  0.358373
2879 0.252672 0.31342  0.433908
2896 0.351546 0.41723  0.231224
6917 0.117707 0.762056  0.120237
7828 0.364479 0.446736  0.188784
9214 0.347366 0.644447  0.00818683
9240 0.254414 0.715111  0.0304753
1707 0.267731 0.475483  0.256786
1700 0.343029 0.3188  0.338171
9441 0.312515 0.409046  0.278439
886 0.188833 0.663543  0.147624
12661 0.394876 0.194509  0.410615
13297 0.0914996 0.0476436  0.860857
6869 0.570594 0.255489  0.173918
16506 0.0710953 0.458073  0.470831
13309 0.643266 0.0915152  0.265219
12052 0.31995 0.495506  0.184543
4631 0.417832 0.0501549  0.532014
13680 0.223929 0.483938  0.292133
6975 0.0568138 0.0686249  0.874561
5954 0.451996 0.402031  0.145972
4843 0.454711 0.1637  0.381589
9239 0.545598 0.208917  0.245485
2154 0.148389 0.392033  0.459578
4124 0.197977 0.488344  0.313679
9087 0.332895 0.223642  0.443463
12476 0.434222 0.474682  0.0910962
7705 0.330034 0.505618  0.164348
9197 0.256732 0.512929  0.230338
4050 0.451995 0.177957  0.370048
3330 0.229045 0.368479  0.402476
5984 0.155605 0.325386  0.519009
5268 0.174832 0.786958  0.0382101
6950 0.422605 0.448614  0.128781
11666 0.0823866 0.6131  0.304513
12028 0.109068 0.204572  0.68636
7105 0.376908 0.231172  0.39192
13317 0.594121 0.126722  0.279157
14879 0.127558 0.453316  0.419125
9363 0.496056 0.115042  0.388902
15023 0.0547859 0.388343  0.556871
2803 0.414656 0.177536  0.407807
12287 0.248109 0.285759  0.466133
15755 0.285836 0.464299  0.249866
5839 0.163265 0.360256  0.476479
6897 0.241132 0.390166  0.368702
7255 0.375987 0.439681  0.184332
7160 0.14155 0.298367  0.560083
7300 0.233803 0.643274  0.122923
7795 0.329421 0.171776  0.498804
15569 0.283863 0.346828  0.36931
7630 0.307094 0.356905  0.336001
8719 0.440129 0.395776  0.164095
337 0.233497 0.145266  0.621237
721 0.383267 0.463584  0.153149
9601 0.0318089 0.726075  0.242116
7117 0.407117 0.327578  0.265305
5905 0.604291 0.184797  0.210912
13987 0.625 0.226841  0.148159
16767 0.409377 0.066758  0.523865
7340 0.632484 0.224719  0.142797
6008 0.222065 0.168452  0.609483
12174 0.546947 0.070044  0.383009
7873 0.403698 0.106889  0.489413
13860 0.422612 0.234716  0.342672
1269 0.0544323 0.440283  0.505285
6896 0.316329 0.310331  0.37334
13237 0.402977 0.310622  0.286402
9251 0.481417 0.128349  0.390234
6343 0.475977 0.121648  0.402375
12901 0.172084 0.238809  0.589107
16441 0.323702 0.303549  0.372749
13300 0.378424 0.37497  0.246606
12400 0.871775 0.0688765  0.0593485
7234 0.280821 0.425016  0.294163
16442 0.104866 0.0938035  0.801331
9773 0.405067 0.395032  0.199901
712 0.0185895 0.54684  0.43457
2655 0.52509 0.0260397  0.44887
6848 0.36701 0.227599  0.405391
12739 0.145998 0.428379  0.425623
6546 0.298799 0.199312  0.501889
7304 0.116724 0.342496  0.54078
11279 0.438998 0.037972  0.52303
15759 0.126056 0.405293  0.468651
10149 0.620776 0.142061  0.237163
9873 0.347487 0.217966  0.434547
15857 0.311787 0.416535  0.271678
13547 0.289434 0.349036  0.36153
6988 0.303778 0.417301  0.278921
5740 0.0984729 0.724287  0.17724
7498 0.717999 0.108788  0.173213
770 0.468569 0.303225  0.228206
1455 0.21527 0.209755  0.574976
15644 0.194564 0.407222  0.398214
9212 0.231549 0.454569  0.313882
11823 0.52794 0.345814  0.126246
1756 0.330426 0.0761723  0.593401
14860 0.13805 0.680515  0.181434
16764 0.0813084 0.269555  0.649137
2382 0.13732 0.461276  0.401404
5878 0.0995986 0.596838  0.303563
853 0.353167 0.386848  0.259985
7777 0.350714 0.391208  0.258078
12849 0.301261 0.456115  0.242624
11233 0.565329 0.0957821  0.338889
13410 0.415787 0.451959  0.132254
16464 0.472273 0.209693  0.318034
12857 0.304188 0.0104686  0.685343
13317 0.419318 0.471679  0.109003
1594 0.25612 0.277352  0.466529
5852 0.390555 0.114195  0.495249
16503 0.196234 0.711109  0.0926571
5852 0.0488162 0.41444  0.536744
3300 0.592778 0.0787105  0.328512
2803 0.101878 0.14859  0.749532
11589 0.374203 0.50313  0.122667
468 0.150808 0.352217  0.496975
4702 0.210506 0.316706  0.472788
13293 0.400897 0.00858274  0.590521
5911 0.484691 0.179875  0.335435
10227 0.335019 0.632758  0.0322239
6302 0.0761453 0.235381  0.688474
16577 0.376002 0.515681  0.108317
14901 0.674954 0.0664675  0.258579
15849 0.492551 0.235272  0.272177
11803 0.223996 0.665702  0.110302
10195 0.552581 0.242822  0.204596
12970 0.170717 0.136918  0.692365
9403 0.179203 0.0374113  0.783386
6019 0.0655194 0.0910339  0.843447
13364 0.129313 0.129904  0.740783
12058 0.281875 0.329106  0.389018
2804 0.220506 0.649388  0.130106
655 0.448935 0.49039  0.0606758
16587 0.191881 0.209036  0.599083
9992 0.256285 0.454601  0.289114
2507 0.391573 0.369429  0.238998
15757 0.115578 0.484342  0.40008
2129 0.606066 0.360276  0.0336577
1491 0.459898 0.219866  0.320235
7333 0.419256 0.0867696  0.493975
13246 0.748952 0.159773  0.0912752
12451 0.459002 0.232067  0.30893
9978 0.247495 0.431978  0.320527
742 0.414664 0.196859  0.388477
1595 0.0710825 0.0178701  0.911047
5961 0.305887 0.481035  0.213078
14799 0.289184 0.297055  0.413761
15155 0.418485 0.162957  0.418557
2519 0.0945052 0.51743  0.388065
16541 0.376779 0.154197  0.469024
9973 0.26459 0.333878  0.401532
12478 0.102254 0.460111  0.437635
540 0.487249 0.0684084  0.444343
2707 0.148707 0.410012  0.441281
3309 0.404921 0.33532  0.259759
11852 0.687365 0.248476  0.0641595
17479 0.232715 0.481798  0.285488
7326 0.201852 0.389064  0.409084
6426 0.362708 0.264594  0.372698
14918 0.356605 0.44784  0.195555
9489 0.463801 0.326176  0.210024
7121 0.143899 0.494306  0.361795
7136 0.298605 0.345113  0.356282
2545 0.523961 0.0240018  0.452038
3328 0.294816 0.248218  0.456967
15742 0.387418 0.401647  0.210935
12721 0.515678 0.384411  0.099911
11848 0.189729 0.387773  0.422497
18149 0.0947675 0.48706  0.418173
2122 0.395477 0.30926  0.295262
9760 0.391668 0.15089  0.457442
9676 0.454792 0.165346  0.379863
3901 0.357247 0.287624  0.355129
6255 0.626107 0.152737  0.221157
7679 0.372174 0.360668  0.267158
516 0.144245 0.34328  0.512475
16624 0.272984 0.332787  0.394228
6940 0.0922657 0.508329  0.399405
6184 0.366545 0.125107  0.508348
8415 0.48147 0.353271  0.165258
17839 0.29097 0.491584  0.217446
9982 0.298439 0.389656  0.311905
15581 0.216478 0.520917  0.262606
12542 0.618081 0.349983  0.0319359
677 0.495062 0.159432  0.345506
16435 0.173837 0.408265  0.417898
2323 0.329449 0.431082  0.239469
2886 0.0901731 0.0274827  0.882344
9964 0.527289 0.373221  0.09949
7906 0.385224 0.47829  0.136485
11664 0.0639838 0.101298  0.834718
7415 0.362909 0.42598  0.211111
9748 0.378279 0.33045  0.291271
12901 0.688832 0.275223  0.035945
2626 0.0534486 0.0472204  0.899331
6854 0.371167 0.469806  0.159027
1280 0.361341 0.315927  0.322733
684 0.143749 0.568968  0.287283
4173 0.615136 0.180271  0.204592
14882 0.467798 0.203488  0.328714
5800 0.481649 0.4977  0.020651
2499 0.484472 0.314751  0.200777
12267 0.360923 0.275469  0.363608
12467 0.0173825 0.402839  0.579779
11901 0.30618 0.389882  0.303938
3852 0.0888195 0.297684  0.613496
5434 0.25721 0.274373  0.468417
9897 0.321637 0.607494  0.0708682
3888 0.547743 0.337128  0.115129
5243 0.881476 0.0842491  0.0342749
7735 0.241733 0.403558  0.354709
6218 0.283931 0.37653  0.33954
13289 0.265493 0.26061  0.473897
12154 0.393034 0.58589  0.0210765
15141 0.0329329 0.250024  0.717043
1677 0.171299 0.268602  0.560099
7080 0.5716 0.0313713  0.397028
3310 0.578843 0.327359  0.0937983
3397 0.492242 0.484741  0.0230175
7072 0.153469 0.161089  0.685442
14993 0.0947507 0.847185  0.0580639
6001 0.0581506 0.640872  0.300978
12715 0.30885 0.315898  0.375252
11855 0.12519 0.754588  0.120223
9244 0.356686 0.169224  0.47409
16499 0.394946 0.495626  0.109428
5445 0.412259 0.445204  0.142536
2216 0.12845 0.471612  0.399937
649 0.367894 0.294609  0.337497
7948 0.109382 0.496673  0.393946
5796 0.357514 0.24938  0.393106
488 0.251795 0.442267  0.305938
14955 0.163283 0.507429  0.329288
7022 0.464779 0.0779874  0.457234
7880 0.4879 0.0659676  0.446132
14884 0.327741 0.0902237  0.582035
6325 0.0556882 0.496972  0.447339
4222 0.129243 0.0523967  0.818361
6943 0.363478 0.3721  0.264422
2702 0.198215 0.479835  0.32195
16496 0.216694 0.465238  0.318068
9731 0.246448 0.453701  0.299851
16523 0.126659 0.353434  0.519907
3311 0.11051 0.659643  0.229848
15416 0.28121 0.304308  0.414481
6305 0.202564 0.430459  0.366978
5972 0.0556644 0.564756  0.37958
1479 0.234641 0.29067  0.474688
6053 0.259775 0.464314  0.275911
11648 0.142615 0.113269  0.744116
2547 0.422762 0.147944  0.429293
12152 0.542548 0.221539  0.235913
10477 0.466605 0.0612232  0.472172
14916 0.799624 0.102276  0.0981004
5818 0.00989673 0.0878647  0.902239
5784 0.649137 0.0544442  0.296419
7299 0.3312 0.296521  0.372279
6827 0.220541 0.274243  0.505216
2941 0.435514 0.141239  0.423247
5999 0.0799834 0.390022  0.529995
18721 0.138182 0.492166  0.369652
17871 0.19664 0.50569  0.297669
2615 0.54389 0.0550527  0.401057
7666 0.284316 0.291914  0.42377
5594 0.155262 0.336934  0.507803
3852 0.2935 0.392293  0.314206
16449 0.381456 0.216869  0.401675
6931 0.195484 0.493936  0.310581
3910 0.287459 0.243658  0.468883
3587 0.523831 0.214339  0.26183
11958 0.54194 0.109026  0.349033
15538 0.154344 0.622134  0.223521
4972 0.316292 0.0795267  0.604182
15752 0.421769 0.0447772  0.533454
7670 0.282994 0.161278  0.555728
9855 0.302964 0.377645  0.319391
9399 0.362796 0.26064  0.376565
14042 0.251617 0.402541  0.345841
15900 0.326077 0.487029  0.186893
58 0.348883 0.442126  0.20899
16905 0.710475 0.170401  0.119124
12713 0.493779 0.0327252  0.473496
13627 0.466383 0.357518  0.176098
2895 0.19026 0.224651  0.585089
12793 0.284116 0.433152  0.282732
11929 0.292156 0.404297  0.303547
6047 0.377602 0.235014  0.387384
11740 0.384448 0.303079  0.312473
16446 0.301092 0.152627  0.546282
3506 0.304474 0.386448  0.309079
7000 0.161967 0.432744  0.405289
9656 0.332731 0.475696  0.191574
3882 0.202239 0.242272  0.55549
5440 0.521187 0.0762965  0.402517
17733 0.365548 0.0585338  0.575918
9964 0.274973 0.379617  0.345411
7769 0.683639 0.115398  0.200963
9476 0.416812 0.109438  0.473749
231 0.496073 0.226331  0.277597
11262 0.175796 0.399697  0.424507
16524 0.0834665 0.42973  0.486804
5255 0.0924916 0.437944  0.469564
5948 0.381341 0.105871  0.512788
8011 0.516938 0.103146  0.379916
7850 0.0294474 0.262984  0.707569
5191 0.341236 0.230783  0.427981
11835 0.0947523 0.412982  0.492266
13511 0.375319 0.186411  0.438271
12578 0.25567 0.402936  0.341394
1734 0.384099 0.472835  0.143066
1480 0.188951 0.296571  0.514478
8052 0.754696 0.187766  0.0575376
3366 0.416269 0.168901  0.41483
1591 0.467578 0.192657  0.339765
12668 0.287475 0.262039  0.450485
16753 0.427937 0.0755068  0.496556
2946 0.262949 0.521323  0.215728
5122 0.261713 0.354186  0.384101
410 0.371198 0.505814  0.122988
806 0.0447833 0.54518  0.410037
806 0.697043 0.131981  0.170976
9969 0.0543633 0.740982  0.204655
1151 0.278605 0.24061  0.480785
9489 0.402013 0.172075  0.425913
3322 0.164502 0.446521  0.388977
6334 0.487505 0.199886  0.312609
7052 0.441144 0.20932  0.349536
5870 0.262746 0.208505  0.528749
8026 0.410283 0.439762  0.149956
18195 0.445559 0.127853  0.426587
7393 0.456879 0.250101  0.29302
666 0.16646 0.511078  0.322461
6367 0.288399 0.684068  0.027533
781 0.0336183 0.329116  0.637266
7422 0.360275 0.427205  0.21252
13490 0.365863 0.352034  0.282102
11763 0.25134 0.190633  0.558028
2905 0.191776 0.388208  0.420016
13802 0.346236 0.410149  0.243615
9238 0.23655 0.413333  0.350118
1057 0.124933 0.755791  0.119276
647 0.271805 0.309143  0.419052
13256 0.363238 0.230579  0.406183
13590 0.724821 0.19173  0.0834497
7674 0.661934 0.314194  0.0238715
12610 0.446785 0.0547326  0.498483
2682 0.31139 0.246536  0.442075
7023 0.33177 0.338852  0.329378
9656 0.479611 0.283874  0.236516
5766 0.375828 0.261375  0.362797
9644 0.449487 0.369403  0.181109
16756 0.320312 0.375972  0.303716
2230 0.135515 0.279488  0.584997
13247 0.0128137 0.966155  0.0210311
305 0.413706 0.515096  0.0711984
