3380 0.376425 0.196198  0.427377
1152 0.154548 0.27956  0.565893
6004 0.702955 0.264852  0.032193
9797 0.172831 0.17539  0.651779
2400 0.878134 0.0633856  0.0584803
398 0.334751 0.344308  0.32094
7683 0.323302 0.218231  0.458467
9549 0.378159 0.18293  0.438911
7504 0.668484 0.171043  0.160473
5938 0.263028 0.38151  0.355461
2898 0.46045 0.484707  0.0548433
2138 0.279555 0.359163  0.361282
2373 0.25314 0.596332  0.150528
9776 0.319405 0.465719  0.214876
3561 0.290099 0.554864  0.155037
956 0.436153 0.139148  0.424699
5984 0.129784 0.52002  0.350197
7539 0.368573 0.103072  0.528355
5943 0.46373 0.455493  0.0807772
10004 0.512433 0.0856104  0.401956
8953 0.34138 0.379214  0.279406
7581 0.0598941 0.852435  0.0876704
603 0.0947732 0.318332  0.586895
8556 0.590611 0.354078  0.0553113
6093 0.260187 0.318942  0.420872
2806 0.0407505 0.364555  0.594694
7604 0.189631 0.377442  0.432927
6967 0.469602 0.275845  0.254553
6392 0.469733 0.204208  0.32606
2201 0.294848 0.380134  0.325019
3844 0.448774 0.273788  0.277437
9251 0.345787 0.199319  0.454894
7385 0.41957 0.52343  0.0569997
7551 0.412226 0.464603  0.123171
767 0.448876 0.092238  0.458886
6118 0.56258 0.360782  0.0766384
1356 0.123059 0.286224  0.590716
3366 0.418891 0.106013  0.475097
4643 0.442028 0.455901  0.102071
10106 0.2561 0.458995  0.284904
3273 0.476095 0.0193311  0.504573
5061 0.107267 0.594238  0.298495
2468 0.622547 0.362587  0.0148658
9823 0.174995 0.397476  0.427529
8073 0.38191 0.0268223  0.591268
2407 0.390554 0.391895  0.217552
1175 0.251529 0.358018  0.390453
1046 0.350253 0.260251  0.389497
3664 0.568083 0.346045  0.0858716
3509 0.323013 0.652874  0.0241127
3335 0.483067 0.442361  0.0745722
8072 0.278521 0.356917  0.364562
2402 0.27508 0.140883  0.584036
8053 0.182184 0.477368  0.340448
2907 0.115705 0.0769943  0.807301
1898 0.781684 0.0150278  0.203288
6139 0.283688 0.651547  0.064765
515 0.261419 0.488043  0.250538
5990 0.246262 0.3107  0.443038
3381 0.297924 0.460905  0.241171
9443 0.251031 0.347106  0.401863
5410 0.121436 0.67757  0.200994
1909 0.220544 0.347303  0.432154
6404 0.335116 0.248409  0.416475
9973 0.633993 0.0213041  0.344703
9872 0.337651 0.466105  0.196244
1292 0.495521 0.210334  0.294146
9585 0.406514 0.509021  0.0844654
2043 0.189842 0.244237  0.56592
2413 0.129568 0.516475  0.353957
5923 0.182176 0.407738  0.410086
1140 0.0203681 0.900798  0.0788342
3072 0.595439 0.224155  0.180406
2252 0.214015 0.43217  0.353815
1934 0.577762 0.154199  0.268038
8754 0.493054 0.462285  0.0446611
5877 0.361137 0.379271  0.259591
7967 0.404115 0.131869  0.464015
1099 0.748276 0.0355226  0.216201
2206 0.246742 0.589857  0.163401
8078 0.500323 0.0786629  0.421014
7348 0.286138 0.703821  0.0100412
2802 0.221091 0.515188  0.26372
7440 0.268002 0.0680574  0.66394
8483 0.319544 0.0119171  0.668539
1845 0.402145 0.144981  0.452874
5882 0.325504 0.343683  0.330813
3287 0.201709 0.488493  0.309798
8528 0.0948955 0.536802  0.368302
5320 0.646935 0.189984  0.163081
10001 0.42839 0.326449  0.245161
1934 0.52698 0.34612  0.1269
7881 0.271116 0.701931  0.0269532
8040 0.293618 0.371835  0.334547
1430 0.369022 0.132012  0.498966
4493 0.215815 0.579999  0.204186
703 0.281182 0.325195  0.393622
4496 0.55254 0.289355  0.158105
6000 0.342464 0.217911  0.439625
9012 0.240505 0.544393  0.215101
1940 0.445522 0.176721  0.377757
666 0.407387 0.235942  0.35667
7611 0.396627 0.417282  0.186091
1960 0.400091 0.347039  0.25287
3537 0.0863375 0.704814  0.208849
7866 0.341449 0.243028  0.415522
3603 0.25475 0.293448  0.451802
7953 0.463452 0.271165  0.265383
4844 0.104531 0.431863  0.463607
6253 0.293232 0.137573  0.569195
2110 0.534205 0.0762141  0.389581
8018 0.211608 0.0441493  0.744243
9201 0.35753 0.587941  0.0545289
118 0.0792926 0.313316  0.607392
8414 0.266655 0.0203742  0.712971
6281 0.312497 0.1809  0.506603
2163 0.377964 0.268456  0.35358
8973 0.244651 0.396089  0.359259
8329 0.125593 0.810724  0.0636825
1322 0.0234685 0.897372  0.079159
6952 0.161341 0.728063  0.110596
3675 0.0488621 0.0663126  0.884825
3333 0.0193758 0.621116  0.359508
1103 0.436147 0.527178  0.0366752
5459 0.32159 0.32271  0.3557
9905 0.0546516 0.599036  0.346312
2354 0.0732787 0.880666  0.0460549
48 0.0907137 0.526733  0.382553
7782 0.421129 0.328732  0.250139
6707 0.463657 0.446181  0.0901625
694 0.291582 0.299607  0.408811
9635 0.5562 0.259511  0.184289
5587 0.380218 0.38173  0.238052
4532 0.399198 0.432204  0.168598
2458 0.484127 0.37438  0.141494
2631 0.541024 0.020946  0.43803
9995 0.530737 0.135658  0.333604
339 0.223794 0.403979  0.372227
316 0.423524 0.335337  0.241139
4764 0.420931 0.157653  0.421416
4484 0.282553 0.190951  0.526496
8459 0.31716 0.294341  0.388499
7143 0.181663 0.482361  0.335976
198 0.223972 0.500645  0.275383
6431 0.432312 0.167446  0.400242
6532 0.181678 0.033924  0.784398
4427 0.204287 0.66703  0.128684
5165 0.652259 0.113331  0.234411
6814 0.484396 0.372101  0.143503
2944 0.397241 0.30105  0.301709
9784 0.406807 0.311075  0.282118
1656 0.262841 0.529093  0.208066
2067 0.0260379 0.486649  0.487313
4402 0.541825 0.0445402  0.413635
4011 0.59077 0.160213  0.249016
6340 0.287766 0.633305  0.0789286
7605 0.558571 0.0461463  0.395283
2307 0.072835 0.50303  0.424135
2658 0.297002 0.388829  0.314169
5847 0.223332 0.401372  0.375296
4056 0.524695 0.388678  0.0866277
2954 0.0905864 0.144498  0.764916
7640 0.194937 0.529682  0.275381
5203 0.341676 0.278107  0.380218
2265 0.0775284 0.628289  0.294182
6713 0.021219 0.404594  0.574187
220 0.050459 0.39674  0.552801
8506 0.315515 0.441748  0.242737
2836 0.260675 0.165638  0.573686
3362 0.514178 0.0997977  0.386024
1739 0.331413 0.634518  0.0340689
10004 0.36868 0.193971  0.437349
3817 0.309683 0.619594  0.0707232
6134 0.477073 0.351362  0.171565
378 0.197272 0.526793  0.275935
5343 0.428592 0.503956  0.0674519
3387 0.211386 0.324921  0.463693
2217 0.297805 0.349543  0.352652
6592 0.584436 0.357133  0.0584307
9778 0.0797525 0.270769  0.649478
7985 0.538707 0.361182  0.100111
6501 0.326095 0.457795  0.21611
10041 0.583807 0.0566574  0.359535
724 0.246722 0.141999  0.611279
10035 0.136905 0.759967  0.103128
9782 0.593144 0.312533  0.0943228
457 0.314704 0.631247  0.0540487
237 0.118844 0.411026  0.47013
6595 0.37691 0.560062  0.0630279
9755 0.00816293 0.477654  0.514183
6408 0.396267 0.328866  0.274866
2387 0.287757 0.362839  0.349404
9219 0.428569 0.0777444  0.493686
6391 0.050309 0.0233738  0.926317
297 0.230024 0.151856  0.61812
1435 0.249755 0.216656  0.533589
4590 0.0442061 0.61183  0.343964
8578 0.192734 0.316137  0.491129
2102 0.500933 0.170586  0.328481
142 0.196044 0.489878  0.314077
7817 0.296037 0.378522  0.325441
4843 0.156652 0.584918  0.258431
2314 0.55103 0.242877  0.206093
8355 0.386484 0.224596  0.38892
9546 0.378616 0.306908  0.314476
6628 0.0360756 0.603691  0.360233
7883 0.290901 0.325443  0.383656
2898 0.458548 0.341591  0.19986
8239 0.243588 0.342427  0.413985
959 0.0579871 0.213486  0.728527
5914 0.524804 0.0740918  0.401104
3341 0.0435137 0.513509  0.442977
2944 0.514471 0.431952  0.0535772
754 0.455378 0.0404008  0.504221
4943 0.185074 0.452551  0.362375
8989 0.501059 0.0717915  0.427149
8858 0.25917 0.263716  0.477114
9137 0.36239 0.295539  0.342072
652 0.0384937 0.31533  0.646176
8412 0.339414 0.443539  0.217047
1827 0.131372 0.826075  0.042553
1794 0.196672 0.106083  0.697245
523 0.165922 0.344975  0.489103
3039 0.378322 0.403635  0.218043
2684 0.492357 0.328877  0.178766
5879 0.364901 0.615619  0.0194792
5607 0.153586 0.311376  0.535039
8545 0.671515 0.114477  0.214009
5045 0.345655 0.310779  0.343566
3567 0.219534 0.731724  0.0487416
107 0.271557 0.311232  0.417211
10154 0.333263 0.333877  0.33286
9962 0.309912 0.508374  0.181714
917 0.404178 0.377783  0.218039
215 0.535211 0.305463  0.159326
1508 0.0428916 0.537184  0.419925
2174 0.490227 0.233291  0.276482
3712 0.359118 0.260414  0.380468
617 0.194455 0.349724  0.455821
1965 0.278574 0.208155  0.51327
7989 0.209465 0.48889  0.301645
4918 0.299301 0.319912  0.380787
9527 0.458429 0.287297  0.254273
1002 0.640808 0.202505  0.156687
10139 0.462729 0.172222  0.365049
1968 0.0370957 0.60347  0.359434
5132 0.467984 0.479386  0.0526307
1947 0.406704 0.348631  0.244665
7329 0.400891 0.290893  0.308216
1790 0.356698 0.584752  0.0585494
9531 0.310851 0.373099  0.31605
8438 0.495086 0.181176  0.323738
6453 0.573486 0.355045  0.071469
8244 0.200855 0.203984  0.595161
5061 0.491769 0.389893  0.118339
5027 0.362487 0.322052  0.315461
5756 0.251721 0.192207  0.556071
2124 0.424029 0.555997  0.0199737
7705 0.664425 0.0665719  0.269003
3116 0.349289 0.296316  0.354394
4739 0.455435 0.43224  0.112324
275 0.300206 0.413573  0.286221
5617 0.384219 0.300271  0.31551
1926 0.143785 0.73248  0.123736
5712 0.284476 0.280374  0.43515
9910 0.442572 0.43029  0.127137
4005 0.430626 0.379613  0.18976
3271 0.415595 0.413134  0.171271
6736 0.363193 0.422614  0.214193
2643 0.391631 0.159659  0.44871
8128 0.339972 0.324771  0.335256
1272 0.029363 0.182031  0.788605
9919 0.31643 0.438551  0.245019
8290 0.611594 0.140044  0.248362
6403 0.636122 0.259717  0.104161
650 0.912559 0.0443414  0.0430994
3026 0.360315 0.306765  0.33292
1102 0.743422 0.0818956  0.174683
3435 0.378939 0.282173  0.338888
5291 0.187712 0.393812  0.418476
2003 0.388143 0.24525  0.366607
9925 0.282944 0.626011  0.0910454
5836 0.354798 0.257346  0.387856
6142 0.0570153 0.549019  0.393966
4844 0.459622 0.18385  0.356527
9238 0.0642039 0.488564  0.447232
8420 0.272399 0.693687  0.0339142
2333 0.129692 0.710289  0.160019
5890 0.406293 0.0941518  0.499555
8984 0.418874 0.323401  0.257725
7329 0.548838 0.206111  0.245051
3234 0.462175 0.0193693  0.518455
1004 0.474525 0.0497797  0.475696
4004 0.766187 0.114406  0.119407
5482 0.0395084 0.291703  0.668788
5201 0.614266 0.208523  0.17721
7971 0.272184 0.580813  0.147002
2919 0.166922 0.55387  0.279208
630 0.0806023 0.691388  0.228009
9991 0.461297 0.0516173  0.487086
7461 0.562428 0.373458  0.0641134
1134 0.473084 0.319185  0.207731
39 0.333725 0.283496  0.382778
3947 0.149539 0.287254  0.563208
8243 0.14784 0.256465  0.595696
9311 0.369351 0.201328  0.429321
6694 0.447013 0.108083  0.444904
7353 0.300032 0.493036  0.206932
1939 0.284591 0.443255  0.272154
8954 0.401607 0.25115  0.347243
3516 0.520698 0.151956  0.327347
5854 0.313323 0.272367  0.414311
6652 0.389878 0.466863  0.143259
599 0.292545 0.5703  0.137155
1935 0.312541 0.328297  0.359162
7146 0.295441 0.650188  0.0543712
1542 0.474792 0.492031  0.0331773
614 0.64903 0.256064  0.0949058
5924 0.196663 0.451004  0.352333
10028 0.490078 0.232725  0.277197
6967 0.389887 0.262528  0.347585
5841 0.51263 0.1597  0.32767
22 0.00937186 0.44468  0.545948
9120 0.373049 0.374687  0.252264
5470 0.540058 0.377393  0.082549
393 0.378934 0.232303  0.388763
929 0.567045 0.0182269  0.414728
7931 0.182585 0.511054  0.306361
3485 0.293884 0.259095  0.447021
9611 0.563039 0.375589  0.0613717
3818 0.531106 0.426177  0.042717
3269 0.433807 0.429991  0.136202
7602 0.520154 0.0746085  0.405238
2766 0.22277 0.334422  0.442808
85 0.216703 0.25384  0.529457
9446 0.425474 0.172498  0.402028
10067 0.578329 0.12579  0.295881
4981 0.0485058 0.851547  0.0999468
8525 0.327701 0.228863  0.443436
4169 0.13863 0.664647  0.196723
8951 0.13633 0.554761  0.308909
7078 0.227152 0.42893  0.343918
6992 0.165798 0.578997  0.255205
5404 0.244707 0.442299  0.312994
7784 0.345773 0.367581  0.286646
10009 0.328408 0.189652  0.48194
9978 0.310873 0.331961  0.357166
8586 0.432304 0.323612  0.244084
8395 0.0372376 0.0821885  0.880574
5611 0.215693 0.773375  0.0109315
9206 0.435519 0.264327  0.300154
4995 0.652863 0.198505  0.148632
5512 0.324066 0.395171  0.280762
1816 0.588635 0.145165  0.2662
4514 0.5017 0.192262  0.306038
6130 0.26099 0.307765  0.431245
644 0.324427 0.0211371  0.654436
8658 0.583046 0.203863  0.213091
5904 0.478287 0.0732896  0.448423
8425 0.48048 0.314043  0.205478
4006 0.0679695 0.478407  0.453623
7551 0.0135042 0.827365  0.15913
1313 0.328101 0.537485  0.134414
5158 0.737049 0.191333  0.0716177
6575 0.26851 0.253968  0.477522
313 0.35753 0.399734  0.242736
9424 0.227675 0.517693  0.254632
5839 0.445439 0.39705  0.157511
6490 0.908512 0.0448687  0.046619
2135 0.680373 0.00993889  0.309688
6266 0.18203 0.286511  0.53146
8408 0.331683 0.592032  0.0762853
7324 0.745056 0.18413  0.0708134
1772 0.283776 0.355569  0.360655
102 0.520334 0.102796  0.37687
2828 0.273671 0.322196  0.404133
3477 0.694208 0.0567596  0.249033
4329 0.367829 0.541131  0.0910398
10109 0.319859 0.501824  0.178316
3584 0.324501 0.374664  0.300835
1226 0.487658 0.216055  0.296287
6942 0.130404 0.78101  0.0885859
1463 0.231643 0.345248  0.423109
332 0.225544 0.442942  0.331514
9945 0.566996 0.192342  0.240662
7604 0.0621963 0.53313  0.404673
8383 0.215415 0.0683201  0.716265
9191 0.261148 0.330806  0.408045
9954 0.309475 0.289485  0.401041
2887 0.517384 0.303101  0.179514
2911 0.148991 0.39568  0.455329
9574 0.515089 0.201949  0.282962
10154 0.230173 0.461533  0.308294
7713 0.0908294 0.844571  0.0645997
2722 0.509049 0.0503852  0.440566
8356 0.324632 0.236325  0.439043
8361 0.262364 0.363753  0.373883
8234 0.122796 0.437909  0.439296
5492 0.275169 0.0707243  0.654106
4095 0.403571 0.187025  0.409404
7508 0.25618 0.561879  0.181941
683 0.200801 0.457215  0.341985
8523 0.182805 0.383647  0.433548
9964 0.261283 0.26843  0.470286
8565 0.43474 0.27172  0.29354
7432 0.489656 0.444173  0.0661714
5048 0.671751 0.271223  0.0570252
8383 0.102728 0.365046  0.532226
2830 0.18508 0.190512  0.624408
4508 0.464163 0.432136  0.103701
8752 0.208575 0.492959  0.298465
3681 0.076588 0.692647  0.230765
762 0.265425 0.564242  0.170333
24 0.143365 0.606485  0.25015
7809 0.355018 0.362678  0.282305
8178 0.51377 0.271064  0.215166
7350 0.0730114 0.192702  0.734286
7941 0.25985 0.727249  0.0129008
6801 0.16602 0.583508  0.250472
3672 0.255506 0.373723  0.370772
2869 0.497346 0.32361  0.179045
7506 0.124802 0.426284  0.448914
3276 0.244845 0.333903  0.421251
635 0.32107 0.47358  0.20535
1268 0.361886 0.610062  0.0280519
6054 0.121503 0.69207  0.186427
8361 0.239496 0.214759  0.545746
9763 0.194188 0.216461  0.589351
7900 0.072819 0.28164  0.645541
3870 0.279332 0.669911  0.0507573
1239 0.0175247 0.691063  0.291412
9970 0.33841 0.258977  0.402613
806 0.259426 0.702168  0.0384054
7038 0.12891 0.45421  0.41688
5121 0.38986 0.10583  0.504311
8486 0.52679 0.166107  0.307103
844 0.342074 0.27214  0.385786
7274 0.142894 0.162465  0.694641
3481 0.612217 0.151183  0.2366
3095 0.150128 0.0781947  0.771677
844 0.121151 0.297951  0.580897
8101 0.345875 0.267934  0.386191
5600 0.231501 0.355842  0.412657
662 0.4072 0.246452  0.346349
7636 0.19006 0.323323  0.486617
7971 0.37222 0.308703  0.319077
10064 0.41551 0.133963  0.450527
10081 0.128598 0.404346  0.467055
856 0.559157 0.122095  0.318748
5344 0.354693 0.472634  0.172673
1722 0.379896 0.208729  0.411375
10181 0.123623 0.799475  0.0769017
5546 0.300357 0.3551  0.344544
6355 0.550929 0.236351  0.212719
2950 0.38148 0.128076  0.490444
880 0.440138 0.384178  0.175684
3302 0.757756 0.0520147  0.190229
7446 0.47236 0.193295  0.334345
4107 0.0422536 0.82207  0.135677
4800 0.374403 0.20804  0.417557
134 0.51531 0.337148  0.147542
4187 0.226633 0.306327  0.467039
1960 0.0400273 0.469281  0.490691
6375 0.444236 0.122191  0.433573
1031 0.384072 0.229469  0.386458
5175 0.180787 0.341403  0.477811
6241 0.46413 0.172045  0.363825
2418 0.511883 0.228763  0.259353
7014 0.574441 0.274074  0.151485
8364 0.0383245 0.0376089  0.924067
8201 0.263134 0.418262  0.318604
7015 0.437457 0.27162  0.290923
8400 0.37417 0.330582  0.295248
887 0.418771 0.246153  0.335076
2283 0.29752 0.51484  0.18764
352 0.449077 0.230802  0.320121
10049 0.387208 0.264888  0.347904
9773 0.2207 0.461291  0.318009
8406 0.200333 0.627495  0.172171
3737 0.669752 0.0135496  0.316698
9849 0.196492 0.219333  0.584175
2891 0.537257 0.351526  0.111217
8462 0.274198 0.353808  0.371994
5064 0.469574 0.311341  0.219084
5852 0.02867 0.435724  0.535606
9352 0.453458 0.136051  0.410491
1579 0.382371 0.185993  0.431636
1286 0.333861 0.356104  0.310035
6384 0.292001 0.381722  0.326277
6301 0.0626415 0.423429  0.51393
3896 0.346456 0.483192  0.170352
8602 0.157891 0.42613  0.415979
8779 0.903598 0.0315907  0.0648112
4545 0.452991 0.0763061  0.470703
2417 0.311558 0.323655  0.364788
7188 0.439044 0.279459  0.281497
5322 0.570734 0.396691  0.0325743
2113 0.273884 0.360683  0.365433
8827 0.432156 0.3334  0.234445
5544 0.144421 0.837679  0.0179001
77 0.426724 0.150044  0.423232
2513 0.321216 0.240099  0.438684
7024 0.388976 0.240901  0.370123
5975 0.358529 0.401692  0.239779
8291 0.669324 0.259363  0.071313
3140 0.550648 0.334716  0.114637
10027 0.475325 0.0849937  0.439681
5334 0.228654 0.367945  0.403401
4296 0.33086 0.332588  0.336552
8249 0.2854 0.0141641  0.700436
5101 0.34772 0.355701  0.296578
2897 0.385324 0.272751  0.341925
4216 0.220943 0.377337  0.40172
6807 0.135305 0.42545  0.439245
2476 0.250551 0.61248  0.136969
5165 0.470297 0.421934  0.10777
3195 0.292547 0.256373  0.45108
2402 0.158502 0.286244  0.555253
9461 0.635286 0.0378679  0.326847
8364 0.392644 0.137683  0.469673
1411 0.262244 0.211916  0.52584
1909 0.106984 0.464869  0.428146
3288 0.0250359 0.513012  0.461952
8846 0.305535 0.225628  0.468837
682 0.256497 0.590804  0.152699
3390 0.210921 0.311565  0.477514
6517 0.102948 0.506507  0.390544
9225 0.243958 0.42196  0.334082
1978 0.445866 0.261645  0.292489
8794 0.347825 0.424237  0.227939
5268 0.282092 0.574757  0.143151
5843 0.14044 0.534147  0.325413
5186 0.335208 0.491424  0.173367
1922 0.452091 0.198796  0.349113
4285 0.506005 0.360939  0.133056
9347 0.204406 0.670062  0.125532
4767 0.431281 0.556355  0.0123645
9085 0.0830938 0.645203  0.271703
6539 0.30168 0.342161  0.356159
7194 0.25182 0.465198  0.282981
10183 0.0941286 0.448091  0.457781
8735 0.54087 0.115558  0.343571
6057 0.470953 0.0392826  0.489764
1078 0.5533 0.343363  0.103337
5529 0.175235 0.404434  0.420332
8124 0.613896 0.255615  0.13049
162 0.465957 0.118265  0.415778
9762 0.205473 0.383092  0.411435
6142 0.136065 0.252398  0.611537
2431 0.432345 0.114247  0.453408
5622 0.502477 0.0808076  0.416715
5401 0.0233375 0.593701  0.382961
131 0.0943396 0.130744  0.774917
9738 0.147433 0.740235  0.112332
9767 0.506136 0.227793  0.266071
9399 0.643501 0.0274222  0.329077
7974 0.298195 0.252271  0.449534
5477 0.368893 0.176547  0.45456
2299 0.750942 0.18532  0.0637384
5852 0.823316 0.0857614  0.0909228
9116 0.706359 0.143072  0.150569
2815 0.102365 0.39954  0.498095
999 0.477978 0.0312169  0.490805
1354 0.0605916 0.852066  0.0873428
2963 0.47188 0.156437  0.371683
8383 0.458295 0.155147  0.386559
7302 0.544933 0.359573  0.0954939
9771 0.297794 0.648666  0.0535396
1236 0.241629 0.243298  0.515074
107 0.52966 0.421012  0.0493278
4719 0.0339813 0.507833  0.458185
9646 0.404367 0.358287  0.237345
9460 0.169705 0.741519  0.0887764
4810 0.286602 0.331182  0.382216
5796 0.286876 0.278652  0.434472
4279 0.35579 0.173182  0.471029
2212 0.139735 0.202547  0.657718
7043 0.020979 0.0813612  0.89766
3503 0.194681 0.401887  0.403432
3059 0.331833 0.268133  0.400033
8623 0.500775 0.445055  0.0541694
8544 0.234458 0.32209  0.443452
6670 0.852943 0.119866  0.027191
8412 0.252294 0.330116  0.417589
1490 0.438392 0.0748356  0.486772
4192 0.701049 0.0394319  0.259519
8717 0.293987 0.360379  0.345634
2292 0.463025 0.163349  0.373626
1412 0.271386 0.404989  0.323625
2729 0.312291 0.615836  0.0718733
3109 0.299751 0.323642  0.376607
9419 0.267062 0.435613  0.297324
863 0.349531 0.413085  0.237384
2910 0.807505 0.128483  0.0640116
2494 0.448878 0.46941  0.0817115
1913 0.350766 0.365948  0.283286
983 0.530971 0.262468  0.206561
8052 0.219487 0.562591  0.217922
2260 0.348618 0.424579  0.226803
7643 0.209008 0.153584  0.637408
6937 0.37053 0.120823  0.508648
38 0.413149 0.340443  0.246407
706 0.208328 0.199264  0.592408
1858 0.301871 0.279614  0.418515
3380 0.244503 0.437663  0.317834
9646 0.0922671 0.422069  0.485664
6927 0.423382 0.174503  0.402115
3767 0.453664 0.384787  0.161548
9730 0.309932 0.412141  0.277927
5539 0.481113 0.230332  0.288555
9916 0.157626 0.416855  0.425519
8763 0.767964 0.0334687  0.198567
9706 0.34118 0.339241  0.319579
4624 0.171169 0.38025  0.448582
2361 0.381551 0.315047  0.303402
4999 0.19036 0.341046  0.468594
9379 0.212098 0.254695  0.533208
2521 0.202411 0.542737  0.254851
2868 0.447445 0.0222102  0.530344
1933 0.21379 0.316342  0.469867
2742 0.0530033 0.768186  0.17881
9979 0.0350467 0.584038  0.380916
2901 0.385077 0.520262  0.0946613
3220 0.387603 0.233396  0.379001
7597 0.389092 0.0811269  0.529781
10138 0.476897 0.155297  0.367806
4852 0.115231 0.300622  0.584148
1450 0.30144 0.411917  0.286643
9340 0.0791893 0.355204  0.565607
4360 0.568543 0.328814  0.102643
5877 0.191296 0.644039  0.164664
2354 0.110176 0.413406  0.476418
4482 0.712518 0.20902  0.0784626
5435 0.132892 0.270561  0.596547
1021 0.533871 0.0339475  0.432182
554 0.465115 0.241555  0.29333
2141 0.302812 0.272568  0.42462
8526 0.419416 0.321948  0.258636
6818 0.129537 0.105949  0.764513
9559 0.462723 0.200891  0.336386
5903 0.153915 0.621598  0.224487
9837 0.122507 0.331442  0.546051
8681 0.304498 0.363837  0.331665
9899 0.381077 0.191238  0.427685
10160 0.487065 0.177656  0.33528
4283 0.43834 0.0206791  0.540981
6443 0.330416 0.590341  0.0792426
617 0.185166 0.418266  0.396568
472 0.662183 0.20433  0.133488
7045 0.544993 0.290188  0.164819
10063 0.0642964 0.51381  0.421894
5834 0.141271 0.0811255  0.777603
9518 0.107145 0.519625  0.37323
4571 0.102894 0.368732  0.528374
5092 0.166498 0.266085  0.567417
6702 0.26367 0.457135  0.279195
10081 0.221439 0.458471  0.32009
694 0.319842 0.43895  0.241208
9252 0.155811 0.436807  0.407382
1909 0.367514 0.42984  0.202646
8770 0.651887 0.0880228  0.26009
1171 0.397034 0.213182  0.389784
9535 0.487318 0.291659  0.221023
8094 0.149717 0.206424  0.643858
9984 0.429607 0.254431  0.315962
8832 0.240035 0.612368  0.147597
453 0.386957 0.17397  0.439073
3298 0.381689 0.168727  0.449584
10129 0.239592 0.360204  0.400204
2401 0.33926 0.0454843  0.615256
6536 0.184834 0.301914  0.513253
1466 0.394981 0.0165267  0.588492
850 0.136716 0.383876  0.479407
2658 0.414034 0.0939952  0.49197
10053 0.407369 0.129982  0.462649
4356 0.459614 0.344832  0.195554
934 0.302482 0.442269  0.255249
1651 0.347677 0.24831  0.404013
813 0.377157 0.573186  0.0496572
9568 0.166605 0.431359  0.402037
3466 0.586368 0.267397  0.146235
6617 0.290786 0.218451  0.490763
9368 0.182096 0.372432  0.445473
9177 0.243077 0.127129  0.629794
2506 0.055294 0.635177  0.309529
1902 0.0273729 0.932004  0.0406226
9837 0.383234 0.234989  0.381776
4682 0.53985 0.205445  0.254705
1369 0.269824 0.307914  0.422262
244 0.333197 0.42153  0.245273
1119 0.384952 0.606823  0.00822533
4938 0.710608 0.0409341  0.248458
9634 0.0842486 0.162538  0.753213
4135 0.108986 0.511014  0.38
8964 0.448261 0.532579  0.0191593
1836 0.50658 0.129961  0.363459
8436 0.379339 0.230383  0.390278
2350 0.435795 0.0897703  0.474435
133 0.410847 0.523393  0.0657603
873 0.500038 0.367743  0.132219
5499 0.492854 0.261798  0.245347
1496 0.223871 0.596416  0.179713
8122 0.380376 0.112358  0.507265
4479 0.411482 0.236329  0.352189
4006 0.16178 0.301061  0.537159
7957 0.116251 0.46802  0.415729
2298 0.401533 0.143182  0.455285
6813 0.447656 0.193588  0.358756
861 0.426746 0.260559  0.312695
4867 0.070234 0.463746  0.46602
7285 0.556689 0.420471  0.0228405
7327 0.34022 0.37004  0.28974
5113 0.102182 0.703577  0.194242
1911 0.0424064 0.379763  0.57783
186 0.283237 0.229915  0.486848
6669 0.409782 0.56404  0.0261779
6934 0.0771827 0.645095  0.277722
6503 0.362426 0.502028  0.135547
2226 0.457166 0.334469  0.208365
3729 0.498675 0.356937  0.144388
1947 0.367893 0.0917787  0.540328
5452 0.305156 0.264004  0.43084
9058 0.402342 0.456392  0.141266
5610 0.31522 0.373308  0.311472
8513 0.44603 0.368643  0.185327
4496 0.18532 0.533332  0.281348
1944 0.338566 0.647351  0.0140828
1251 0.271695 0.625409  0.102896
2151 0.143942 0.520303  0.335755
652 0.310508 0.113526  0.575965
5543 0.256259 0.431039  0.312703
242 0.227585 0.595833  0.176583
7684 0.354926 0.500235  0.144839
5885 0.124168 0.325627  0.550205
1517 0.407869 0.365461  0.22667
9482 0.159266 0.407943  0.432791
1428 0.118532 0.537957  0.34351
10157 0.0726982 0.0543767  0.872925
10097 0.148618 0.246182  0.6052
291 0.511276 0.346219  0.142505
4010 0.340402 0.346822  0.312776
9117 0.265499 0.543572  0.190929
1246 0.0495816 0.432822  0.517596
4625 0.0749741 0.513665  0.411361
8516 0.117097 0.535769  0.347134
7013 0.260568 0.350317  0.389116
847 0.387338 0.468401  0.144261
5737 0.168778 0.137794  0.693427
5611 0.589049 0.254932  0.156019
5391 0.559945 0.0161125  0.423943
630 0.206052 0.297654  0.496294
2873 0.454083 0.277163  0.268754
8384 0.390001 0.431416  0.178583
6631 0.718985 0.195965  0.0850496
10051 0.198683 0.786254  0.0150623
4664 0.108147 0.354751  0.537102
6508 0.0273583 0.475461  0.49718
1732 0.666916 0.140926  0.192158
6043 0.328794 0.231862  0.439345
4385 0.0289023 0.494411  0.476687
10158 0.676491 0.296453  0.0270555
2440 0.42316 0.243228  0.333612
3054 0.71334 0.262956  0.0237037
8020 0.271537 0.316755  0.411708
4186 0.634788 0.253935  0.111277
10062 0.484206 0.198535  0.31726
4774 0.059812 0.6126  0.327588
6501 0.612753 0.0452012  0.342045
4278 0.0620047 0.392401  0.545594
1380 0.010037 0.645685  0.344278
1036 0.173294 0.339079  0.487626
1692 0.136247 0.461028  0.402725
8223 0.101471 0.431548  0.46698
8816 0.387264 0.340132  0.272604
3634 0.151582 0.62791  0.220508
381 0.719791 0.160793  0.119416
945 0.403601 0.228246  0.368152
1182 0.32919 0.190107  0.480703
4512 0.0677886 0.474976  0.457235
9735 0.651667 0.207117  0.141216
900 0.393528 0.206134  0.400338
1162 0.223663 0.453368  0.322969
3311 0.137158 0.559671  0.303171
7345 0.0844657 0.427875  0.48766
9 0.241492 0.221696  0.536811
1204 0.52732 0.143688  0.328993
9997 0.44063 0.0599053  0.499465
1651 0.326115 0.330565  0.34332
7225 0.110579 0.333782  0.55564
6432 0.437216 0.406578  0.156206
5852 0.34393 0.378564  0.277505
3021 0.483472 0.0566113  0.459917
3370 0.563994 0.337844  0.0981621
4645 0.306876 0.228889  0.464235
65 0.268431 0.249423  0.482146
996 0.0972592 0.487361  0.41538
664 0.412823 0.37186  0.215317
5319 0.320477 0.375156  0.304367
9301 0.220268 0.205772  0.57396
8438 0.261729 0.275755  0.462516
6586 0.38555 0.278436  0.336013
1099 0.323715 0.597068  0.079217
5428 0.438904 0.381808  0.179289
1551 0.0825702 0.318075  0.599355
1165 0.150881 0.606484  0.242635
1041 0.31897 0.391705  0.289325
5881 0.326528 0.0697782  0.603694
3426 0.388489 0.246287  0.365223
2880 0.435183 0.00795609  0.556861
4167 0.116365 0.297171  0.586464
8389 0.571241 0.312125  0.116634
9631 0.0416362 0.249289  0.709075
308 0.193033 0.77894  0.0280271
4733 0.0471752 0.595721  0.357104
7471 0.294232 0.229547  0.476221
9764 0.672339 0.206985  0.120677
10093 0.128457 0.649906  0.221636
7330 0.708822 0.170427  0.120751
9806 0.468097 0.391722  0.140181
7718 0.287843 0.0863057  0.625852
3586 0.0938979 0.417934  0.488168
2580 0.12671 0.416076  0.457214
1417 0.0443237 0.317018  0.638658
6669 0.055075 0.430387  0.514538
4979 0.698106 0.108105  0.193789
3968 0.400087 0.225422  0.374491
639 0.0394638 0.292932  0.667604
3015 0.482509 0.371518  0.145974
6590 0.311131 0.352658  0.336212
2301 0.436717 0.510779  0.0525045
8627 0.16952 0.271463  0.559017
2360 0.535529 0.171062  0.293409
2186 0.295824 0.416492  0.287683
38 0.246957 0.459753  0.293291
1959 0.497534 0.0748927  0.427573
9217 0.0547139 0.136322  0.808964
1767 0.533516 0.27759  0.188894
8731 0.378107 0.386788  0.235105
8433 0.422374 0.0539391  0.523687
6049 0.0683056 0.469526  0.462168
3969 0.119225 0.510087  0.370687
6722 0.108605 0.432264  0.459131
10078 0.557205 0.155181  0.287614
7955 0.39179 0.401599  0.20661
4710 0.404279 0.243896  0.351826
7751 0.460322 0.157851  0.381827
4958 0.270244 0.146937  0.582819
5603 0.458827 0.482924  0.0582487
9194 0.460636 0.525663  0.0137015
3773 0.186552 0.167499  0.645949
3514 0.54023 0.343437  0.116332
7613 0.306447 0.405106  0.288447
8234 0.18786 0.122964  0.689176
1973 0.206415 0.436571  0.357014
6102 0.555941 0.22753  0.216529
2878 0.278306 0.325134  0.39656
5945 0.178361 0.395962  0.425677
931 0.0460564 0.671707  0.282237
4292 0.185838 0.17447  0.639692
4081 0.420871 0.515806  0.063323
2908 0.641374 0.114679  0.243947
4531 0.336029 0.348179  0.315792
6999 0.304316 0.450619  0.245065
4658 0.410876 0.153246  0.435878
4433 0.586665 0.375056  0.038279
3034 0.860123 0.0356534  0.104223
7614 0.350544 0.343156  0.306299
3872 0.409259 0.333561  0.25718
3906 0.358276 0.0793719  0.562352
1603 0.0829576 0.642  0.275042
8545 0.445837 0.17786  0.376303
6039 0.121889 0.355889  0.522222
1663 0.436386 0.482508  0.0811066
3786 0.399906 0.1827  0.417393
8288 0.300416 0.661988  0.0375957
323 0.613835 0.176419  0.209746
6102 0.255776 0.303996  0.440228
4836 0.428122 0.244481  0.327397
3263 0.446396 0.320154  0.233449
4029 0.431351 0.290153  0.278496
5793 0.402691 0.179338  0.417971
7061 0.375762 0.23311  0.391128
7596 0.385529 0.282356  0.332115
3581 0.54421 0.437346  0.0184437
6942 0.306449 0.0379015  0.65565
4570 0.424193 0.456932  0.118875
3473 0.155055 0.0355347  0.809411
3532 0.576786 0.0918333  0.331381
4474 0.171325 0.33755  0.491126
2127 0.272437 0.235031  0.492532
3459 0.599704 0.0755806  0.324715
4544 0.361 0.333154  0.305847
2400 0.230624 0.356755  0.412621
10085 0.356631 0.249795  0.393575
5637 0.0463227 0.500614  0.453063
812 0.361421 0.354452  0.284127
1915 0.262956 0.4259  0.311143
1690 0.878706 0.0689481  0.0523457
2939 0.164322 0.628428  0.20725
9536 0.164539 0.176456  0.659005
7317 0.317667 0.398914  0.283419
1336 0.476823 0.169365  0.353812
9018 0.235522 0.290213  0.474266
489 0.259869 0.482981  0.25715
9204 0.421487 0.198917  0.379596
9276 0.494614 0.371417  0.133968
6703 0.545918 0.223249  0.230833
670 0.319557 0.32223  0.358213
5618 0.390743 0.36477  0.244488
8879 0.431323 0.0979507  0.470726
1109 0.443685 0.148179  0.408136
1477 0.807045 0.121919  0.0710361
3610 0.0285428 0.60234  0.369117
9651 0.529464 0.30971  0.160826
5247 0.202459 0.218167  0.579375
8952 0.642578 0.249356  0.108066
737 0.0721503 0.35605  0.5718
3233 0.36735 0.302294  0.330356
7091 0.46576 0.197876  0.336364
4844 0.046425 0.401668  0.551907
3225 0.483427 0.34395  0.172623
2525 0.13235 0.482607  0.385043
2130 0.0577468 0.254832  0.687421
8364 0.405389 0.269764  0.324846
4887 0.105772 0.419294  0.474934
5264 0.561061 0.164909  0.27403
2309 0.409327 0.178321  0.412351
730 0.381993 0.417791  0.200216
7621 0.113814 0.361933  0.524253
6948 0.504898 0.147831  0.347271
3468 0.0183615 0.604796  0.376842
4931 0.426402 0.344045  0.229553
2504 0.135209 0.571215  0.293577
2848 0.268118 0.0843089  0.647573
4618 0.0158112 0.135508  0.848681
8650 0.290903 0.369584  0.339514
2738 0.339942 0.370667  0.289391
5731 0.388077 0.208518  0.403405
5289 0.071591 0.42794  0.500469
1084 0.363912 0.44587  0.190218
1501 0.387837 0.50325  0.108913
551 0.317077 0.103619  0.579304
6577 0.543171 0.0351067  0.421723
3901 0.780672 0.178637  0.0406909
9614 0.437071 0.267077  0.295853
6413 0.168039 0.441722  0.390239
8632 0.397002 0.38238  0.220618
7997 0.46496 0.37892  0.15612
2129 0.079935 0.517585  0.40248
6340 0.223432 0.336983  0.439585
5104 0.477338 0.361111  0.16155
772 0.332647 0.4154  0.251954
7788 0.0300759 0.456903  0.513021
9752 0.10611 0.546715  0.347176
2229 0.402644 0.553413  0.0439429
4146 0.145192 0.431072  0.423736
5767 0.365673 0.141169  0.493158
7403 0.251382 0.398883  0.349735
8291 0.0706931 0.791011  0.138296
214 0.383765 0.291488  0.324747
5539 0.239084 0.579149  0.181767
1964 0.469142 0.310734  0.220124
3898 0.0997776 0.374113  0.52611
9423 0.360623 0.0575102  0.581867
2387 0.277057 0.0976036  0.625339
8185 0.314263 0.263701  0.422035
956 0.154466 0.472628  0.372907
2993 0.0338127 0.139775  0.826412
754 0.619439 0.29037  0.0901908
10025 0.405799 0.123563  0.470637
6249 0.0174072 0.507672  0.474921
6660 0.61448 0.332709  0.0528115
6735 0.088771 0.446365  0.464864
4005 0.379016 0.170286  0.450698
4611 0.448457 0.372418  0.179125
211 0.45006 0.376665  0.173274
10107 0.254605 0.334858  0.410537
5546 0.418657 0.469055  0.112288
3120 0.0166256 0.655924  0.327451
840 0.60453 0.171861  0.223608
1891 0.784249 0.0662593  0.149492
9108 0.211698 0.400779  0.387523
1831 0.0282652 0.771478  0.200257
7287 0.421822 0.408069  0.170109
1993 0.368141 0.448309  0.18355
4542 0.262133 0.107096  0.630771
2821 0.250602 0.391439  0.357959
1282 0.478106 0.447934  0.0739604
4466 0.628609 0.103078  0.268313
6800 0.648954 0.233549  0.117498
4448 0.495213 0.421297  0.0834903
4450 0.493163 0.108648  0.398189
208 0.595467 0.175366  0.229166
6051 0.455282 0.173696  0.371022
8083 0.543545 0.194628  0.261827
2919 0.578178 0.379353  0.0424683
6742 0.417973 0.252447  0.32958
7146 0.0521692 0.568075  0.379756
1893 0.561115 0.400414  0.0384708
4885 0.381274 0.423567  0.195159
9913 0.167248 0.400328  0.432424
4264 0.380629 0.454387  0.164984
1918 0.504954 0.236858  0.258187
6977 0.437141 0.436078  0.126781
6171 0.477221 0.142966  0.379813
7877 0.439024 0.364685  0.19629
6595 0.205751 0.280848  0.513401
5015 0.283343 0.0356214  0.681036
1113 0.438706 0.120395  0.440898
1963 0.288462 0.0672792  0.644258
7904 0.249123 0.661093  0.0897834
7704 0.114869 0.545846  0.339285
8301 0.0638928 0.336289  0.599818
8413 0.214275 0.371461  0.414265
2555 0.250089 0.599109  0.150802
2305 0.363329 0.23966  0.397011
9938 0.0791439 0.764275  0.156581
6426 0.309855 0.430306  0.259839
7559 0.649967 0.197057  0.152976
9518 0.0680211 0.44928  0.482699
1889 0.116361 0.369659  0.51398
690 0.241154 0.035838  0.723008
2910 0.359085 0.245516  0.395398
10166 0.27366 0.473829  0.252511
3394 0.377937 0.351019  0.271043
5630 0.267707 0.127811  0.604482
5017 0.244513 0.430255  0.325232
1820 0.328727 0.471518  0.199755
489 0.434203 0.527075  0.0387217
2916 0.378907 0.42561  0.195483
6845 0.13962 0.43545  0.424929
4382 0.794027 0.106414  0.0995593
3366 0.373657 0.280173  0.34617
9837 0.12516 0.559946  0.314894
3144 0.313894 0.371175  0.314931
10040 0.0902049 0.121508  0.788287
5731 0.331124 0.328507  0.340368
7939 0.350572 0.176924  0.472505
5611 0.378369 0.165672  0.45596
526 0.355591 0.372152  0.272257
4756 0.333129 0.406024  0.260847
10073 0.117844 0.550354  0.331802
10187 0.207234 0.237075  0.555691
7549 0.446669 0.432536  0.120794
3349 0.569241 0.191588  0.239171
3721 0.465615 0.293779  0.240606
3338 0.222294 0.65331  0.124396
2341 0.110126 0.313581  0.576293
9968 0.337138 0.348847  0.314015
3784 0.567367 0.0923728  0.34026
701 0.337891 0.356888  0.305221
2396 0.181463 0.406463  0.412074
8088 0.606267 0.309276  0.0844576
6055 0.498493 0.381056  0.12045
1919 0.0466012 0.369699  0.5837
9118 0.818181 0.0860537  0.0957653
1878 0.654372 0.179908  0.16572
8563 0.165211 0.0552122  0.779576
9773 0.115876 0.451169  0.432955
8510 0.296401 0.10102  0.602578
3920 0.659781 0.132501  0.207718
4164 0.106906 0.621803  0.271291
9260 0.356841 0.421448  0.221711
5402 0.1547 0.215791  0.629509
62 0.511744 0.227357  0.260899
9069 0.241125 0.541248  0.217627
7537 0.320045 0.0532886  0.626666
4894 0.344703 0.262172  0.393124
9296 0.0358709 0.413064  0.551065
1287 0.552212 0.437523  0.010265
6716 0.319606 0.216285  0.464109
966 0.520788 0.056982  0.42223
7008 0.447872 0.358397  0.193731
6398 0.0494835 0.473521  0.476995
7646 0.429232 0.135304  0.435464
4614 0.215203 0.118685  0.666112
3669 0.180677 0.283955  0.535368
2307 0.284936 0.338438  0.376626
7827 0.757278 0.049669  0.193053
2031 0.200982 0.557149  0.24187
4437 0.137611 0.349519  0.512871
9340 0.377638 0.35871  0.263652
8958 0.300091 0.227004  0.472905
2257 0.329264 0.660906  0.00983023
9507 0.421762 0.110939  0.467299
634 0.0144328 0.515696  0.469872
3680 0.272334 0.260993  0.466674
102 0.458981 0.476499  0.06452
4983 0.419987 0.215837  0.364177
5697 0.266933 0.403183  0.329884
8070 0.211588 0.532507  0.255905
6216 0.267174 0.103969  0.628857
7962 0.0830847 0.518334  0.398581
6039 0.385393 0.234728  0.379879
4414 0.174731 0.380212  0.445057
7228 0.31662 0.323846  0.359534
664 0.4018 0.375649  0.222551
8967 0.20156 0.563766  0.234675
4718 0.593024 0.236706  0.17027
3740 0.205933 0.66973  0.124337
6303 0.341049 0.584229  0.0747224
9289 0.459542 0.456988  0.08347
2357 0.445075 0.191559  0.363366
4011 0.738343 0.033371  0.228286
5342 0.243246 0.236875  0.519879
2243 0.168356 0.102867  0.728777
1789 0.016865 0.296944  0.686191
154 0.294269 0.617452  0.0882789
4719 0.0619909 0.834733  0.103276
9646 0.565451 0.36066  0.0738888
3788 0.364302 0.388867  0.246831
8425 0.0616847 0.416254  0.522062
7489 0.402306 0.225288  0.372406
10053 0.432458 0.48067  0.0868719
4616 0.248687 0.734798  0.0165149
96 0.567256 0.149172  0.283571
8535 0.311214 0.109562  0.579224
8500 0.328817 0.353404  0.317779
4043 0.419655 0.451166  0.129179
3309 0.379554 0.405895  0.21455
3430 0.107454 0.867268  0.025278
5084 0.56522 0.0474878  0.387292
5128 0.202606 0.408025  0.389369
1829 0.487617 0.150352  0.362031
1947 0.38087 0.538508  0.0806225
4611 0.113695 0.542143  0.344161
7548 0.493401 0.340233  0.166366
7543 0.639574 0.228912  0.131514
6360 0.288575 0.181101  0.530324
3477 0.272742 0.368209  0.359049
8415 0.361271 0.297367  0.341361
5611 0.444807 0.52886  0.0263331
151 0.4946 0.112683  0.392718
8226 0.2791 0.231126  0.489774
2758 0.41124 0.47183  0.11693
4158 0.3583 0.264641  0.377059
8219 0.187287 0.423892  0.388821
7976 0.0679665 0.418618  0.513416
9461 0.355761 0.0604103  0.583828
4801 0.113668 0.504733  0.381599
305 0.473582 0.251172  0.275246
2503 0.453354 0.361929  0.184717
4911 0.157104 0.209857  0.633039
2703 0.353967 0.571317  0.074716
1113 0.364274 0.538547  0.0971783
2401 0.195216 0.343486  0.461299
7231 0.591088 0.172807  0.236106
377 0.2933 0.210108  0.496593
9600 0.220508 0.398963  0.380529
9799 0.444689 0.225284  0.330026
8653 0.238719 0.108394  0.652887
1254 0.141794 0.214121  0.644085
7091 0.313925 0.457967  0.228108
3434 0.016881 0.761144  0.221975
4983 0.437318 0.373818  0.188864
8172 0.035509 0.482317  0.482174
4043 0.404732 0.318316  0.276952
9815 0.512477 0.0431615  0.444362
9838 0.331336 0.342828  0.325837
5541 0.335202 0.0935319  0.571266
5907 0.231588 0.276285  0.492127
7638 0.579522 0.0991379  0.32134
9738 0.407508 0.388381  0.204111
8416 0.28859 0.260432  0.450978
6631 0.373568 0.228257  0.398176
3366 0.18084 0.659442  0.159718
1625 0.516578 0.176869  0.306553
5581 0.148072 0.391898  0.46003
9997 0.535073 0.154552  0.310375
2380 0.115222 0.441753  0.443025
7885 0.506714 0.392319  0.100966
966 0.694519 0.232785  0.0726954
845 0.197415 0.601906  0.200679
4166 0.0308132 0.214196  0.75499
4119 0.122613 0.391635  0.485752
5836 0.464407 0.378602  0.156991
6332 0.202641 0.382592  0.414768
4500 0.261951 0.575579  0.16247
8450 0.612729 0.234273  0.152999
2865 0.317236 0.376377  0.306388
7824 0.438844 0.476254  0.0849024
6504 0.727155 0.131761  0.141084
918 0.0905402 0.355948  0.553512
2380 0.39825 0.362772  0.238978
493 0.248064 0.34547  0.406466
154 0.245262 0.554622  0.200116
6142 0.455425 0.413878  0.130697
5873 0.233508 0.344528  0.421964
6659 0.452762 0.349181  0.198057
7273 0.260438 0.370391  0.369171
9002 0.352019 0.43087  0.217111
4969 0.538316 0.0241716  0.437513
4702 0.13948 0.165658  0.694862
7266 0.289527 0.40629  0.304183
8618 0.514342 0.163867  0.321791
1522 0.691623 0.268319  0.0400584
9334 0.560965 0.176085  0.26295
3551 0.320987 0.475544  0.203469
4497 0.508293 0.268337  0.22337
4524 0.375715 0.297552  0.326733
1960 0.299245 0.288532  0.412222
419 0.649693 0.234431  0.115876
3316 0.309186 0.240681  0.450133
7484 0.0846501 0.0802945  0.835055
99 0.343795 0.422298  0.233907
4040 0.347946 0.352485  0.299569
4285 0.055489 0.706924  0.237587
7617 0.436403 0.388434  0.175164
7301 0.588103 0.110328  0.30157
8075 0.416397 0.345833  0.23777
1847 0.293893 0.442782  0.263325
6148 0.294144 0.246875  0.458981
6020 0.402293 0.435778  0.161929
2984 0.168429 0.24597  0.585601
1233 0.577656 0.170948  0.251395
4547 0.541594 0.203465  0.254942
