2927 0.360355 0.33823  0.301415
6396 0.4535 0.503086  0.0434146
7307 0.0810849 0.17136  0.747555
244 0.430068 0.551603  0.0183288
2520 0.491512 0.00707086  0.501417
6986 0.269595 0.430792  0.299613
559 0.204205 0.568193  0.227602
334 0.438781 0.257432  0.303787
5467 0.681438 0.235129  0.0834325
7540 0.21336 0.504625  0.282015
3185 0.395332 0.295123  0.309545
334 0.559862 0.408332  0.0318065
1483 0.151958 0.391918  0.456124
314 0.603046 0.0836331  0.313321
3506 0.895913 0.0104569  0.0936306
138 0.160251 0.443196  0.396553
7005 0.359108 0.306557  0.334336
1181 0.334926 0.289956  0.375118
2509 0.157798 0.147564  0.694637
117 0.482942 0.301396  0.215662
3558 0.737559 0.0964408  0.166001
169 0.362864 0.344124  0.293011
2585 0.403414 0.318663  0.277923
169 0.0881112 0.394058  0.51783
138 0.321238 0.634966  0.0437954
5890 0.173611 0.408324  0.418065
169 0.360848 0.455838  0.183315
47 0.193636 0.0664672  0.739897
6942 0.180613 0.447279  0.372107
2426 0.185546 0.453959  0.360495
1173 0.296238 0.26057  0.443192
1568 0.283335 0.327047  0.389618
138 0.545141 0.256178  0.198681
6823 0.40073 0.370029  0.229241
108 0.199494 0.128356  0.672151
211 0.197239 0.201405  0.601357
1155 0.534597 0.208399  0.257005
86 0.523027 0.398074  0.0788988
1739 0.368948 0.141589  0.489463
5066 0.202258 0.462823  0.33492
3158 0.383106 0.311166  0.305728
5141 0.5375 0.288645  0.173855
6881 0.448632 0.308115  0.243253
3415 0.23723 0.737869  0.0249011
2516 0.175986 0.329259  0.494755
1566 0.376877 0.381678  0.241445
510 0.445659 0.233803  0.320539
334 0.560665 0.0550236  0.384311
1954 0.286919 0.331059  0.382022
837 0.225851 0.509383  0.264766
314 0.508395 0.298914  0.192691
170 0.760608 0.140265  0.0991267
2954 0.38251 0.332088  0.285401
244 0.333008 0.502531  0.164461
6785 0.372116 0.32354  0.304344
2540 0.241172 0.489315  0.269513
3083 0.43605 0.279469  0.284481
7555 0.312163 0.141895  0.545942
157 0.259578 0.340795  0.399627
3762 0.349523 0.185916  0.464561
5422 0.0140594 0.457865  0.528076
1173 0.176803 0.0960506  0.727146
7752 0.38062 0.145686  0.473694
488 0.490665 0.184714  0.324621
2905 0.384135 0.25464  0.361225
7557 0.194372 0.764272  0.0413555
4994 0.580001 0.131108  0.288891
169 0.593639 0.216358  0.190003
6803 0.563536 0.396149  0.0403147
335 0.374765 0.195705  0.42953
522 0.201606 0.235795  0.5626
3326 0.30881 0.227088  0.464102
522 0.566199 0.0639419  0.369859
7178 0.415965 0.152894  0.431141
365 0.190321 0.604794  0.204885
584 0.161099 0.482856  0.356045
314 0.465701 0.0259044  0.508395
314 0.519495 0.263979  0.216526
7326 0.0754382 0.845459  0.0791027
334 0.537713 0.166759  0.295528
1360 0.253969 0.0696927  0.676338
3082 0.386064 0.302019  0.311917
314 0.406479 0.560812  0.0327092
584 0.313194 0.0245203  0.662286
4086 0.557954 0.0611407  0.380906
717 0.192619 0.226642  0.580739
1824 0.523675 0.19497  0.281355
7543 0.49666 0.122512  0.380828
1155 0.610817 0.0773402  0.311843
1981 0.251417 0.172554  0.576028
3849 0.235334 0.55129  0.213376
1230 0.453996 0.36208  0.183924
7215 0.218117 0.0852505  0.696632
2956 0.201646 0.376822  0.421532
1308 0.663308 0.0168975  0.319794
3096 0.770365 0.0299133  0.199722
314 0.464295 0.259704  0.276001
169 0.527967 0.390825  0.0812085
138 0.458178 0.280358  0.261464
634 0.368312 0.467578  0.16411
4834 0.152503 0.454562  0.392935
1633 0.511063 0.17247  0.316467
1021 0.559903 0.26976  0.170336
362 0.407732 0.17852  0.413748
1883 0.316377 0.6698  0.0138227
5844 0.544192 0.174971  0.280838
47 0.136737 0.721318  0.141946
2743 0.28346 0.437981  0.278559
212 0.159718 0.0304493  0.809833
6367 0.139743 0.813167  0.0470893
1021 0.491252 0.0705689  0.43818
5854 0.414732 0.0734623  0.511805
5136 0.295157 0.342303  0.36254
7546 0.617727 0.357183  0.0250899
6080 0.442866 0.505971  0.0511631
7760 0.551239 0.394749  0.054012
2509 0.540666 0.17722  0.282114
244 0.371162 0.283274  0.345564
334 0.344586 0.132463  0.522952
1692 0.0928344 0.181452  0.725714
4210 0.829822 0.0543406  0.115838
3305 0.387802 0.195901  0.416296
945 0.254445 0.199819  0.545737
2462 0.513269 0.28792  0.198811
3618 0.152566 0.541532  0.305902
3532 0.299681 0.283168  0.417151
4433 0.426235 0.143866  0.4299
2903 0.440383 0.277756  0.281861
2348 0.424523 0.437335  0.138142
359 0.356151 0.160276  0.483573
1438 0.428136 0.148957  0.422907
7236 0.0185123 0.362056  0.619431
1179 0.436132 0.355979  0.207889
4560 0.104503 0.487571  0.407926
138 0.0766987 0.396902  0.526399
266 0.259194 0.408932  0.331874
3605 0.282687 0.232203  0.48511
7298 0.449664 0.362585  0.187751
334 0.14757 0.581145  0.271285
4409 0.538016 0.119721  0.342262
334 0.180645 0.398404  0.420951
138 0.0865168 0.66151  0.251973
7073 0.223435 0.404599  0.371966
4444 0.656157 0.231857  0.111986
942 0.272103 0.295467  0.43243
244 0.0828649 0.112156  0.804979
3369 0.554121 0.175279  0.2706
2291 0.515628 0.284143  0.200229
1001 0.643474 0.151885  0.20464
991 0.402926 0.310997  0.286076
244 0.231022 0.382022  0.386956
314 0.308671 0.394212  0.297118
3096 0.388157 0.459718  0.152125
3554 0.409886 0.278199  0.311915
5664 0.411584 0.351338  0.237078
169 0.392447 0.207671  0.399882
1824 0.182993 0.675443  0.141565
244 0.807546 0.141669  0.0507852
3335 0.700083 0.154352  0.145565
7208 0.534889 0.348541  0.11657
127 0.529678 0.335085  0.135236
3695 0.512275 0.114504  0.373221
138 0.486678 0.396544  0.116778
3671 0.282235 0.375889  0.341876
5146 0.598835 0.100302  0.300863
5612 0.528439 0.326015  0.145546
170 0.218086 0.381882  0.400033
314 0.351203 0.356163  0.292634
7144 0.389436 0.263691  0.346873
7649 0.116811 0.579321  0.303868
138 0.344005 0.432066  0.223929
314 0.328344 0.407422  0.264234
1970 0.184305 0.509539  0.306155
979 0.304503 0.33816  0.357337
15 0.0564287 0.407374  0.536198
7785 0.0344613 0.258264  0.707274
2755 0.368112 0.0985185  0.53337
513 0.0844935 0.872993  0.0425133
156 0.601456 0.325138  0.0734066
155 0.500175 0.43644  0.0633854
4287 0.40299 0.387163  0.209847
4419 0.274608 0.0576904  0.667702
138 0.0288359 0.528053  0.443112
579 0.424369 0.357845  0.217786
3493 0.453671 0.397735  0.148594
488 0.353761 0.0431234  0.603115
6320 0.0211649 0.586032  0.392803
4897 0.461822 0.452677  0.085501
3185 0.378652 0.311069  0.310279
6619 0.279605 0.0395171  0.680878
2201 0.45097 0.491177  0.0578521
314 0.360687 0.256277  0.383036
1413 0.510342 0.167089  0.322569
138 0.533319 0.225777  0.240904
522 0.212197 0.552747  0.235056
3122 0.230034 0.388741  0.381226
138 0.278958 0.355569  0.365473
522 0.131432 0.250983  0.617585
4127 0.314254 0.386083  0.299662
170 0.290674 0.342639  0.366687
3510 0.324145 0.321524  0.354331
314 0.396091 0.0406961  0.563213
4571 0.328203 0.410651  0.261147
7848 0.524661 0.254889  0.22045
1537 0.899508 0.0774522  0.02304
138 0.309038 0.50358  0.187382
138 0.299128 0.658949  0.041923
138 0.454647 0.0204056  0.524948
244 0.248146 0.401872  0.349982
334 0.105371 0.422556  0.472073
314 0.298387 0.372777  0.328836
942 0.590613 0.0623777  0.347009
727 0.226229 0.469029  0.304742
6667 0.214312 0.579298  0.20639
1943 0.164952 0.392316  0.442732
314 0.261692 0.236347  0.501961
3008 0.00842263 0.62249  0.369088
7460 0.488503 0.130548  0.380949
385 0.214041 0.767012  0.0189469
2375 0.425686 0.200254  0.37406
51 0.380098 0.289345  0.330557
1174 0.381932 0.184858  0.433211
170 0.461069 0.392608  0.146323
211 0.44624 0.137618  0.416142
5688 0.33078 0.386786  0.282433
4329 0.0466484 0.256649  0.696702
5074 0.272249 0.297755  0.429996
334 0.452326 0.285308  0.262366
1479 0.374727 0.26935  0.355924
138 0.383628 0.16897  0.447402
169 0.373241 0.335403  0.291356
1537 0.345848 0.238081  0.416071
2134 0.447682 0.269131  0.283187
4710 0.390314 0.384004  0.225682
314 0.274413 0.548803  0.176783
4602 0.553961 0.314693  0.131346
314 0.71482 0.0408201  0.24436
7016 0.458447 0.189841  0.351712
361 0.31462 0.295155  0.390225
334 0.275944 0.4364  0.287656
4889 0.590957 0.292563  0.11648
3627 0.361442 0.376413  0.262145
4378 0.546512 0.431556  0.0219324
1155 0.714101 0.266261  0.0196378
7313 0.312896 0.483975  0.203129
6103 0.0802791 0.508447  0.411274
2731 0.275841 0.329823  0.394336
138 0.0421101 0.524294  0.433595
625 0.390217 0.436085  0.173699
108 0.106311 0.653322  0.240366
1668 0.373305 0.36909  0.257605
4822 0.262646 0.308791  0.428563
5569 0.316293 0.340505  0.343203
211 0.674852 0.216138  0.10901
334 0.550364 0.140886  0.30875
7241 0.29942 0.330603  0.369977
314 0.378169 0.265231  0.356601
510 0.380212 0.220521  0.399267
6242 0.317727 0.137086  0.545188
4067 0.23581 0.258744  0.505446
169 0.537879 0.265015  0.197106
522 0.399866 0.263953  0.33618
314 0.543478 0.304757  0.151764
239 0.368652 0.149001  0.482347
85 0.0974523 0.589425  0.313123
6661 0.122483 0.17751  0.700007
170 0.465837 0.196035  0.338128
488 0.538239 0.241255  0.220506
314 0.134968 0.0610165  0.804015
7462 0.320024 0.505853  0.174123
1624 0.269775 0.600011  0.130214
81 0.301129 0.301562  0.39731
314 0.426766 0.300824  0.27241
1523 0.371669 0.570596  0.0577356
2288 0.107944 0.118473  0.773583
1422 0.547888 0.195907  0.256205
6953 0.0347753 0.706643  0.258582
314 0.367753 0.339008  0.293239
2509 0.337288 0.131751  0.530962
3925 0.438735 0.360987  0.200278
1768 0.333849 0.479798  0.186353
314 0.242502 0.49747  0.260027
1117 0.479889 0.345275  0.174836
1226 0.19092 0.416078  0.393003
2364 0.477943 0.311708  0.210349
2357 0.339892 0.316963  0.343145
5858 0.276681 0.218254  0.505065
2245 0.54078 0.282219  0.177
314 0.245471 0.261362  0.493167
2568 0.473869 0.447777  0.0783542
3185 0.452848 0.487222  0.0599302
334 0.0779193 0.392829  0.529252
3060 0.274359 0.388629  0.337012
228 0.493308 0.333825  0.172866
5940 0.509455 0.362832  0.127714
2245 0.321313 0.252863  0.425824
801 0.33094 0.489473  0.179587
334 0.69344 0.161538  0.145022
334 0.575333 0.322873  0.101794
3876 0.428835 0.158864  0.412301
4240 0.427673 0.463624  0.108702
1050 0.363147 0.211512  0.425341
4411 0.366268 0.375992  0.25774
138 0.305267 0.683768  0.0109651
3464 0.441889 0.23593  0.322182
7377 0.368296 0.154827  0.476878
2535 0.218006 0.558592  0.223402
1193 0.46158 0.445024  0.0933966
314 0.216775 0.161696  0.621529
2259 0.573804 0.292392  0.133804
4490 0.205434 0.233483  0.561083
1471 0.146186 0.757493  0.0963204
639 0.474734 0.34754  0.177726
2621 0.178748 0.41401  0.407242
314 0.357617 0.169715  0.472668
2155 0.383984 0.372677  0.24334
2687 0.151315 0.554042  0.294644
4052 0.386794 0.352709  0.260497
997 0.265088 0.712234  0.0226779
6023 0.422877 0.157465  0.419658
966 0.370051 0.29637  0.333579
122 0.577655 0.20669  0.215655
3375 0.454549 0.134584  0.410867
594 0.297527 0.307265  0.395208
314 0.161203 0.794616  0.0441814
2184 0.47558 0.0097414  0.514679
138 0.0688144 0.313169  0.618017
7199 0.375355 0.229406  0.39524
601 0.132237 0.0892052  0.778557
314 0.102513 0.36536  0.532127
7169 0.0805018 0.533296  0.386203
3668 0.359247 0.212094  0.428658
314 0.52576 0.0839656  0.390274
170 0.407727 0.142288  0.449985
390 0.536883 0.348041  0.115077
5002 0.361889 0.2161  0.422011
138 0.196728 0.291531  0.511741
334 0.206956 0.491948  0.301096
3282 0.328583 0.528774  0.142642
314 0.0111295 0.612191  0.376679
114 0.418042 0.118515  0.463443
1302 0.384348 0.364975  0.250677
314 0.350629 0.108616  0.540754
6514 0.189889 0.0952886  0.714823
2414 0.289429 0.334534  0.376037
732 0.551977 0.435941  0.0120818
138 0.0107303 0.536185  0.453084
488 0.716523 0.223735  0.0597413
169 0.354035 0.0896748  0.55629
955 0.344186 0.44658  0.209233
7834 0.389175 0.524995  0.0858303
156 0.534227 0.231414  0.234359
334 0.36605 0.384358  0.249592
7574 0.235918 0.571246  0.192837
3359 0.583051 0.20556  0.211389
138 0.169513 0.186264  0.644223
169 0.166647 0.42743  0.405923
6466 0.374153 0.498598  0.127249
314 0.164695 0.298106  0.537199
3440 0.141142 0.427546  0.431313
7666 0.316472 0.343085  0.340443
7539 0.263861 0.424699  0.31144
6546 0.285291 0.438507  0.276202
5868 0.543671 0.086124  0.370205
2406 0.382698 0.182244  0.435058
5210 0.470867 0.515029  0.0141037
314 0.570951 0.338883  0.0901664
2202 0.508265 0.111246  0.380489
334 0.398833 0.46529  0.135877
2279 0.332748 0.490444  0.176808
314 0.373883 0.567915  0.0582019
6684 0.0660004 0.52507  0.40893
3335 0.498959 0.110082  0.390958
138 0.404686 0.0527136  0.5426
3501 0.337603 0.37426  0.288137
996 0.537534 0.112354  0.350112
7638 0.211416 0.118448  0.670137
2519 0.214717 0.492091  0.293192
7043 0.439412 0.212287  0.348301
2074 0.597699 0.331321  0.0709801
3440 0.587255 0.266498  0.146247
522 0.312242 0.335213  0.352545
7405 0.149018 0.448024  0.402958
7670 0.214755 0.214718  0.570527
3008 0.514991 0.0590881  0.425921
7147 0.280013 0.369651  0.350336
1105 0.3939 0.280869  0.32523
488 0.639278 0.118869  0.241853
2156 0.39928 0.487846  0.112873
185 0.40871 0.3251  0.26619
1672 0.0626007 0.508771  0.428628
1566 0.406711 0.351259  0.24203
522 0.108224 0.411524  0.480252
314 0.498877 0.104557  0.396566
150 0.112082 0.340754  0.547163
6910 0.146598 0.77763  0.0757728
138 0.152561 0.0994497  0.74799
647 0.557004 0.0501928  0.392803
314 0.281609 0.285992  0.432399
5925 0.438818 0.14606  0.415121
724 0.779808 0.0776753  0.142517
371 0.181968 0.515539  0.302492
7109 0.15773 0.47276  0.36951
138 0.112479 0.520044  0.367478
334 0.477743 0.501755  0.0205022
314 0.322749 0.344182  0.33307
314 0.223877 0.239126  0.536997
963 0.1847 0.37235  0.442951
596 0.115402 0.415281  0.469317
5435 0.479744 0.250495  0.269761
1480 0.32895 0.368519  0.302532
4825 0.438514 0.477348  0.0841378
370 0.241131 0.345275  0.413594
2489 0.355511 0.451748  0.192741
3771 0.316067 0.38929  0.294643
314 0.228926 0.440033  0.331041
314 0.282627 0.524614  0.192759
6874 0.274413 0.410394  0.315193
1390 0.543054 0.126493  0.330453
207 0.338174 0.149168  0.512657
1719 0.520049 0.200573  0.279378
138 0.483212 0.0771924  0.439596
122 0.206314 0.497879  0.295807
4571 0.352335 0.489756  0.157909
522 0.421353 0.158278  0.420369
6228 0.334719 0.484736  0.180545
1062 0.456012 0.315089  0.2289
244 0.338814 0.211135  0.450051
314 0.169639 0.511589  0.318772
169 0.521526 0.145729  0.332745
3539 0.685995 0.0264129  0.287592
4136 0.383333 0.382189  0.234478
169 0.232814 0.378403  0.388783
2140 0.121545 0.402975  0.47548
7034 0.137058 0.555491  0.307451
43 0.32388 0.261313  0.414807
2584 0.61988 0.126421  0.2537
3974 0.299097 0.12953  0.571373
85 0.173021 0.285587  0.541392
2568 0.318255 0.318009  0.363736
314 0.431109 0.392844  0.176047
314 0.565543 0.0281929  0.406264
2633 0.353743 0.375511  0.270745
3991 0.0105578 0.36352  0.625922
7346 0.327989 0.365757  0.306254
5602 0.270255 0.314817  0.414928
1752 0.867191 0.0529299  0.0798795
1173 0.482857 0.505387  0.0117566
314 0.657665 0.322156  0.0201796
3008 0.347246 0.264255  0.388499
6733 0.304495 0.323307  0.372199
51 0.694135 0.0740201  0.231845
1804 0.492479 0.0531674  0.454354
3464 0.193366 0.252412  0.554221
917 0.119563 0.361873  0.518564
6296 0.0755622 0.516162  0.408276
2007 0.258952 0.19051  0.550538
7431 0.026962 0.877548  0.0954904
2556 0.129562 0.423507  0.446931
1522 0.418203 0.575753  0.00604419
2390 0.356725 0.402847  0.240428
169 0.570919 0.119458  0.309623
7691 0.524968 0.239111  0.235921
7781 0.184125 0.611171  0.204703
5898 0.330345 0.305075  0.36458
314 0.527555 0.363117  0.109328
169 0.59694 0.219832  0.183228
251 0.685325 0.0494574  0.265217
6137 0.528477 0.184201  0.287322
5273 0.221886 0.204817  0.573298
332 0.526848 0.387382  0.0857706
488 0.229908 0.181092  0.588999
2422 0.377936 0.0995263  0.522537
86 0.592964 0.0570876  0.349948
1553 0.388669 0.566557  0.0447731
1173 0.0207175 0.551349  0.427933
2389 0.260785 0.605471  0.133744
2357 0.333818 0.357466  0.308716
314 0.500791 0.350663  0.148547
6283 0.662084 0.0512904  0.286626
2945 0.0774662 0.341225  0.581308
5826 0.305758 0.639832  0.0544096
314 0.334348 0.459993  0.205659
156 0.0592113 0.752418  0.18837
839 0.4487 0.175248  0.376051
584 0.47901 0.45064  0.0703496
1561 0.384198 0.207255  0.408547
1052 0.34066 0.281646  0.377694
6075 0.323041 0.361445  0.315515
1155 0.40914 0.564127  0.0267332
6241 0.31497 0.534781  0.150249
6187 0.550804 0.3385  0.110696
383 0.246364 0.455769  0.297867
609 0.485491 0.360125  0.154383
2817 0.202296 0.121133  0.67657
1335 0.232513 0.641023  0.126464
446 0.500999 0.208616  0.290384
2228 0.369587 0.301398  0.329015
244 0.0439001 0.894411  0.0616893
314 0.125206 0.540533  0.334261
1268 0.176077 0.393098  0.430825
244 0.414281 0.554851  0.0308682
5280 0.199797 0.412556  0.387647
4006 0.386092 0.215635  0.398273
4580 0.350225 0.0825868  0.567188
2079 0.398833 0.539583  0.0615843
212 0.241454 0.462105  0.296441
2568 0.386133 0.481433  0.132434
3120 0.216236 0.404042  0.379723
1185 0.42807 0.392384  0.179546
244 0.45576 0.247292  0.296948
817 0.77084 0.0765886  0.152572
860 0.483719 0.374129  0.142152
2469 0.353999 0.512719  0.133282
138 0.566477 0.122852  0.310671
1635 0.423397 0.24437  0.332233
56 0.174618 0.501858  0.323525
314 0.29305 0.201356  0.505594
488 0.167989 0.385992  0.446019
1380 0.266125 0.360787  0.373088
1519 0.0668207 0.619507  0.313672
2730 0.552656 0.235271  0.212073
5353 0.403317 0.360325  0.236358
2604 0.747304 0.143781  0.108915
295 0.357968 0.238114  0.403918
314 0.528211 0.459322  0.0124665
6446 0.218824 0.670447  0.110729
437 0.465943 0.416953  0.117104
362 0.599094 0.0902414  0.310664
7634 0.229911 0.154266  0.615823
334 0.0441355 0.0785559  0.877309
3113 0.193852 0.236795  0.569353
3617 0.441041 0.179732  0.379227
467 0.275676 0.180695  0.543629
86 0.458555 0.0515059  0.489939
314 0.229844 0.400572  0.369584
314 0.0481402 0.662796  0.289063
3461 0.0888917 0.662096  0.249013
609 0.387053 0.248254  0.364694
6257 0.206097 0.302149  0.491754
244 0.196519 0.543901  0.25958
2044 0.398385 0.0179786  0.583636
4837 0.301497 0.581377  0.117126
4313 0.507273 0.331781  0.160946
2411 0.113247 0.139932  0.746821
1636 0.26211 0.356544  0.381346
6470 0.690715 0.149432  0.159853
2954 0.422394 0.203315  0.374291
314 0.208841 0.392627  0.398532
334 0.169022 0.223572  0.607406
5160 0.0272506 0.591635  0.381114
6625 0.187634 0.363248  0.449118
1377 0.163773 0.122833  0.713395
2208 0.291373 0.34695  0.361677
169 0.347896 0.154041  0.498063
1925 0.166016 0.156483  0.677501
334 0.547801 0.291968  0.16023
2652 0.441733 0.249451  0.308816
3249 0.204685 0.592709  0.202606
488 0.440027 0.395151  0.164822
2259 0.244557 0.331931  0.423512
5550 0.151953 0.473331  0.374715
7792 0.516558 0.355634  0.127808
2521 0.732096 0.147396  0.120508
4415 0.637342 0.199841  0.162817
7799 0.41361 0.519221  0.0671688
2113 0.344352 0.476569  0.179079
1022 0.418581 0.379193  0.202227
127 0.36554 0.486118  0.148342
244 0.152147 0.664374  0.183479
1084 0.325252 0.430344  0.244404
170 0.506743 0.0126015  0.480656
314 0.422871 0.25582  0.321308
2861 0.451598 0.130535  0.417868
2316 0.505029 0.355457  0.139514
138 0.198098 0.700127  0.101776
138 0.294989 0.210977  0.494034
138 0.0504637 0.675592  0.273944
6854 0.494723 0.431117  0.0741605
1173 0.290808 0.343665  0.365527
397 0.476799 0.135166  0.388035
84 0.440223 0.0875645  0.472212
1739 0.197109 0.563563  0.239328
3797 0.674632 0.158586  0.166782
3185 0.6904 0.107005  0.202595
265 0.0467698 0.386162  0.567068
334 0.249704 0.17889  0.571406
505 0.228375 0.30809  0.463536
5050 0.0731524 0.385764  0.541084
314 0.396921 0.46126  0.141818
314 0.437718 0.258002  0.30428
314 0.558539 0.38347  0.0579903
2132 0.337719 0.391567  0.270714
826 0.437918 0.215526  0.346556
6537 0.522757 0.0437265  0.433516
1834 0.37653 0.173808  0.449662
334 0.445033 0.335166  0.219801
522 0.196167 0.511595  0.292238
138 0.070691 0.411318  0.517991
6873 0.501239 0.294769  0.203991
334 0.0965512 0.214765  0.688684
3988 0.0467949 0.289325  0.66388
6049 0.0414929 0.83047  0.128037
3646 0.360039 0.295753  0.344208
86 0.381668 0.376979  0.241353
1570 0.475207 0.284925  0.239868
3562 0.426288 0.149098  0.424614
7155 0.492189 0.206398  0.301413
458 0.308314 0.413064  0.278622
7302 0.481457 0.0749113  0.443632
5741 0.432352 0.41783  0.149818
3058 0.567825 0.0598851  0.37229
314 0.462388 0.0587623  0.47885
522 0.187227 0.309513  0.50326
1290 0.23041 0.281527  0.488064
314 0.369206 0.365559  0.265235
1337 0.346516 0.370002  0.283482
2898 0.394905 0.237788  0.367307
2537 0.57121 0.0619813  0.366809
5957 0.571423 0.0284655  0.400112
4677 0.33933 0.104844  0.555826
7402 0.294285 0.348038  0.357677
5130 0.193551 0.41555  0.390899
4826 0.301656 0.485462  0.212882
244 0.308637 0.305485  0.385878
314 0.315296 0.476136  0.208568
1421 0.542464 0.0258217  0.431714
488 0.190694 0.367262  0.442044
314 0.358071 0.36399  0.277939
170 0.263933 0.265667  0.470399
169 0.434399 0.234115  0.331486
314 0.123365 0.434278  0.442357
244 0.412866 0.217335  0.3698
2014 0.322517 0.40472  0.272762
488 0.223541 0.569168  0.207291
4528 0.27542 0.357766  0.366814
1173 0.741872 0.0397255  0.218403
244 0.553484 0.103716  0.3428
7025 0.402289 0.373937  0.223774
5146 0.331111 0.624403  0.0444858
169 0.307706 0.34127  0.351024
314 0.289272 0.661109  0.0496194
2508 0.316182 0.351524  0.332294
170 0.0206778 0.554218  0.425104
51 0.347692 0.390927  0.261381
8 0.125195 0.505531  0.369274
6188 0.369992 0.21875  0.411258
602 0.402541 0.26423  0.333229
1943 0.527605 0.240466  0.231929
2568 0.459507 0.454913  0.0855802
4366 0.0691543 0.42177  0.509076
844 0.48278 0.378061  0.139159
6759 0.529839 0.0177296  0.452431
138 0.377485 0.313254  0.30926
5710 0.16768 0.258723  0.573597
942 0.484204 0.0732379  0.442558
2225 0.551462 0.0693577  0.379181
1371 0.140122 0.537053  0.322824
5030 0.308669 0.293304  0.398027
2579 0.414187 0.423777  0.162035
4396 0.0457312 0.364603  0.589666
314 0.116922 0.104179  0.778899
5506 0.530777 0.18799  0.281232
7436 0.234768 0.400247  0.364985
314 0.314561 0.469056  0.216383
488 0.0254809 0.359676  0.614843
314 0.404228 0.370331  0.225441
1768 0.238432 0.455413  0.306155
6704 0.354791 0.221553  0.423656
314 0.400366 0.449973  0.149661
522 0.0571481 0.603893  0.338959
314 0.077955 0.360913  0.561132
1212 0.375127 0.204257  0.420616
3222 0.318213 0.103512  0.578275
255 0.0852249 0.501964  0.412811
169 0.111165 0.229642  0.659193
3942 0.0271692 0.47405  0.498781
6573 0.373745 0.564029  0.062226
122 0.479988 0.268341  0.251672
69 0.576252 0.0939028  0.329845
3057 0.0688973 0.459203  0.4719
2025 0.292886 0.542087  0.165027
3273 0.653295 0.110342  0.236363
6240 0.058139 0.489671  0.45219
735 0.541078 0.161087  0.297835
2148 0.159097 0.250601  0.590302
442 0.0516003 0.498013  0.450387
169 0.349596 0.552148  0.0982568
7122 0.494637 0.449403  0.0559596
170 0.34044 0.468639  0.190921
1173 0.258594 0.389884  0.351522
138 0.489572 0.028284  0.482144
4666 0.388334 0.0181598  0.593506
2358 0.311875 0.445733  0.242391
5139 0.516328 0.25701  0.226662
2348 0.445489 0.412744  0.141767
6599 0.369558 0.149644  0.480798
4925 0.200382 0.422429  0.377188
3729 0.231699 0.278734  0.489567
1645 0.545755 0.166861  0.287384
314 0.15174 0.567055  0.281205
138 0.556113 0.132121  0.311766
114 0.589135 0.312406  0.0984591
7182 0.577422 0.392898  0.0296803
314 0.87364 0.0846186  0.0417413
124 0.670081 0.322363  0.00755583
522 0.43323 0.446465  0.120305
1571 0.222892 0.476847  0.300261
314 0.190117 0.288425  0.521459
522 0.647191 0.186115  0.166695
7856 0.133976 0.411331  0.454693
314 0.370838 0.135621  0.493541
1488 0.319266 0.338825  0.341909
6698 0.056917 0.458315  0.484768
334 0.625834 0.171382  0.202784
370 0.389827 0.272823  0.33735
1655 0.435967 0.143603  0.42043
351 0.726144 0.19944  0.0744156
3453 0.111384 0.322384  0.566233
7211 0.44475 0.300398  0.254852
567 0.406022 0.425625  0.168352
488 0.541286 0.0840333  0.374681
212 0.373913 0.534467  0.0916199
3099 0.302372 0.23008  0.467547
6977 0.295463 0.222959  0.481578
5910 0.276122 0.460402  0.263475
4447 0.415393 0.187295  0.397312
200 0.322111 0.277002  0.400887
1797 0.344129 0.301106  0.354765
5383 0.0695062 0.451451  0.479043
314 0.332586 0.166579  0.500835
6580 0.390909 0.16437  0.444721
522 0.353346 0.0702954  0.576359
314 0.18919 0.398491  0.412319
138 0.227682 0.341276  0.431043
3572 0.31664 0.0981761  0.585184
7020 0.343013 0.348619  0.308368
960 0.0265736 0.44603  0.527397
1910 0.405784 0.312738  0.281478
170 0.335315 0.20889  0.455794
5428 0.188326 0.226947  0.584727
334 0.296034 0.492317  0.211648
730 0.48468 0.37242  0.1429
3034 0.367379 0.320242  0.312379
371 0.0967989 0.350319  0.552882
2462 0.285713 0.209242  0.505045
488 0.263274 0.357588  0.379138
5718 0.556862 0.0624935  0.380645
3384 0.357247 0.4405  0.202253
1669 0.382392 0.167168  0.45044
4160 0.461314 0.22199  0.316696
522 0.0409186 0.565328  0.393753
756 0.217543 0.102914  0.679543
2408 0.506761 0.32886  0.164379
3051 0.357393 0.446984  0.195623
6726 0.686238 0.0652113  0.248551
488 0.441635 0.327137  0.231228
1515 0.0663075 0.0632535  0.870439
980 0.48436 0.170141  0.345499
7354 0.100916 0.0990501  0.800034
5475 0.42201 0.183429  0.394561
4849 0.0580438 0.176056  0.7659
1223 0.260012 0.518775  0.221213
5179 0.701476 0.00878906  0.289735
7211 0.511015 0.398239  0.0907461
3202 0.369854 0.132125  0.498021
244 0.118952 0.0279117  0.853136
6984 0.317563 0.437438  0.244999
4719 0.133675 0.438313  0.428012
550 0.612848 0.0517663  0.335386
1659 0.205895 0.379397  0.414708
138 0.708291 0.201938  0.089771
463 0.505393 0.196485  0.298122
2985 0.370343 0.429543  0.200114
176 0.395534 0.377491  0.226975
1626 0.259141 0.543657  0.197202
5751 0.350479 0.333591  0.31593
108 0.302689 0.664144  0.0331674
169 0.194504 0.476924  0.328572
402 0.236939 0.339608  0.423453
124 0.158441 0.457582  0.383977
6663 0.329578 0.514305  0.156117
401 0.209316 0.698041  0.0926429
314 0.291251 0.382955  0.325795
87 0.532032 0.39309  0.074878
211 0.725555 0.0867543  0.187691
1528 0.0394066 0.193005  0.767588
333 0.312959 0.332608  0.354433
314 0.426198 0.328689  0.245113
7213 0.423963 0.452498  0.123539
314 0.405323 0.207451  0.387227
3718 0.305728 0.316204  0.378068
7296 0.456983 0.18371  0.359308
5329 0.605704 0.0641709  0.330125
86 0.489479 0.267223  0.243298
1521 0.277981 0.527981  0.194037
2279 0.306791 0.252937  0.440272
6932 0.0355374 0.39387  0.570592
942 0.369269 0.166877  0.463854
757 0.389802 0.318745  0.291453
138 0.0527219 0.481103  0.466175
374 0.0633756 0.388176  0.548449
314 0.166487 0.717791  0.115722
6634 0.255605 0.0726541  0.671741
1644 0.509097 0.338922  0.151981
2875 0.376942 0.472402  0.150656
991 0.227165 0.124142  0.648693
244 0.0285952 0.615095  0.35631
152 0.238219 0.417529  0.344251
2524 0.39069 0.131182  0.478127
334 0.371465 0.577596  0.0509388
314 0.123084 0.426365  0.450551
488 0.355095 0.271507  0.373399
122 0.144492 0.306537  0.548971
7750 0.596791 0.309694  0.0935146
794 0.545097 0.0249891  0.429914
1365 0.113006 0.28749  0.599504
314 0.341928 0.35564  0.302432
3540 0.109268 0.510411  0.380321
334 0.434348 0.193414  0.372237
82 0.272171 0.266398  0.461431
314 0.559708 0.0210095  0.419282
138 0.148579 0.281977  0.569444
4258 0.525942 0.155603  0.318455
170 0.117505 0.673622  0.208873
169 0.147178 0.270632  0.582189
584 0.162455 0.306187  0.531358
3135 0.156259 0.377269  0.466472
138 0.46004 0.102551  0.437408
2416 0.176448 0.593737  0.229816
247 0.709843 0.145411  0.144747
314 0.190881 0.20545  0.603669
314 0.182623 0.395356  0.422021
5075 0.417523 0.534411  0.0480658
2266 0.325147 0.608811  0.0660412
86 0.140836 0.261894  0.597271
222 0.316077 0.369315  0.314608
7047 0.595431 0.197808  0.206761
314 0.110755 0.473691  0.415553
488 0.213935 0.401088  0.384977
7219 0.372532 0.580956  0.0465116
5960 0.228806 0.197649  0.573545
3439 0.163125 0.452509  0.384367
1081 0.478447 0.508863  0.0126895
2164 0.426518 0.51432  0.0591625
1968 0.734002 0.179658  0.0863399
152 0.364612 0.294029  0.34136
5406 0.188407 0.238033  0.57356
4659 0.393727 0.48831  0.117963
314 0.347512 0.252822  0.399665
3649 0.383376 0.274866  0.341758
6915 0.406945 0.311127  0.281928
4448 0.0791129 0.69747  0.223418
4356 0.30627 0.270664  0.423067
530 0.371777 0.500204  0.128018
942 0.0904187 0.663485  0.246096
1494 0.399048 0.113374  0.487578
170 0.351988 0.308858  0.339155
580 0.222581 0.634072  0.143347
5618 0.399328 0.430509  0.170163
2942 0.237153 0.413545  0.349301
954 0.354858 0.443671  0.201472
5005 0.328367 0.248506  0.423127
2481 0.224185 0.371246  0.404569
1173 0.0345028 0.488987  0.47651
5156 0.310871 0.469144  0.219986
192 0.261905 0.39711  0.340985
5750 0.0190186 0.544066  0.436916
3169 0.162389 0.396287  0.441323
152 0.489305 0.298007  0.212687
334 0.353462 0.0581758  0.588363
334 0.169655 0.416752  0.413593
314 0.248879 0.615665  0.135456
5569 0.501418 0.372111  0.126471
114 0.208224 0.36776  0.424016
6231 0.359345 0.302653  0.338002
6815 0.321444 0.316566  0.36199
801 0.369837 0.0822832  0.54788
314 0.516251 0.100739  0.38301
6875 0.688967 0.0892046  0.221828
5015 0.103447 0.282207  0.614346
314 0.156276 0.467928  0.375796
108 0.619927 0.242551  0.137522
7062 0.209568 0.458136  0.332297
244 0.0150907 0.797205  0.187704
314 0.132133 0.419306  0.448561
760 0.488581 0.19332  0.318099
314 0.517437 0.305099  0.177464
4365 0.362782 0.582292  0.0549257
47 0.716521 0.225289  0.0581893
314 0.216606 0.214674  0.56872
2016 0.552875 0.393528  0.0535968
1021 0.359569 0.268657  0.371774
3532 0.47379 0.344131  0.182079
1182 0.285889 0.429243  0.284868
1457 0.460888 0.33944  0.199672
2621 0.427041 0.405954  0.167005
6931 0.495709 0.336262  0.168029
138 0.0533308 0.553896  0.392773
275 0.154126 0.399514  0.44636
6967 0.158305 0.490777  0.350918
3163 0.181304 0.171991  0.646705
5528 0.52097 0.19345  0.285581
314 0.312181 0.299555  0.388263
138 0.0805353 0.491444  0.42802
361 0.448848 0.468136  0.0830167
4644 0.0944765 0.229491  0.676033
991 0.0164324 0.668045  0.315523
2021 0.56317 0.280071  0.15676
314 0.342348 0.295789  0.361862
314 0.224073 0.688938  0.0869889
4890 0.279389 0.41314  0.307471
5826 0.270003 0.103224  0.626773
7364 0.504563 0.376372  0.119064
155 0.463437 0.0784002  0.458163
8 0.246865 0.38391  0.369226
314 0.127115 0.29668  0.576205
314 0.729207 0.187472  0.0833214
1021 0.106088 0.807356  0.0865551
584 0.295473 0.03437  0.670157
314 0.203374 0.58678  0.209846
4426 0.295813 0.253765  0.450422
822 0.428777 0.177032  0.394191
2416 0.217834 0.525044  0.257121
681 0.680472 0.194836  0.124692
2266 0.0810419 0.573716  0.345242
5185 0.402288 0.0627307  0.534982
488 0.100015 0.317671  0.582314
7646 0.66601 0.281456  0.0525335
4319 0.186385 0.486319  0.327296
4927 0.353553 0.342724  0.303723
1021 0.747663 0.092859  0.159478
169 0.626271 0.145052  0.228676
2984 0.372088 0.464922  0.16299
488 0.0744136 0.461795  0.463792
979 0.251534 0.451193  0.297274
314 0.151614 0.419042  0.429345
108 0.0453841 0.152062  0.802554
5208 0.181102 0.314254  0.504644
3773 0.0492898 0.502581  0.448129
244 0.333792 0.353506  0.312701
4658 0.518786 0.0555608  0.425653
6387 0.439807 0.0780289  0.482164
1600 0.379563 0.00903043  0.611407
2256 0.483694 0.214946  0.30136
944 0.252681 0.281869  0.46545
7411 0.762617 0.220903  0.0164805
163 0.0707206 0.242966  0.686314
170 0.110447 0.708303  0.18125
169 0.638653 0.272678  0.0886692
549 0.276108 0.372521  0.35137
3251 0.507443 0.0330584  0.459499
488 0.10639 0.180488  0.713122
2169 0.040409 0.509522  0.450069
7179 0.371219 0.0728239  0.555957
1003 0.0736997 0.0472976  0.879003
122 0.177202 0.681775  0.141023
314 0.21366 0.116603  0.669738
7148 0.489613 0.454326  0.0560603
314 0.561724 0.173441  0.264835
7581 0.483278 0.2304  0.286322
169 0.135343 0.164408  0.700249
4268 0.0289927 0.141633  0.829375
6753 0.466518 0.295389  0.238093
334 0.161622 0.630133  0.208245
3005 0.530367 0.422358  0.0472745
314 0.173583 0.139444  0.686973
3840 0.356119 0.337558  0.306323
584 0.367952 0.42672  0.205328
275 0.461643 0.346191  0.192166
488 0.130912 0.463319  0.405769
4638 0.213114 0.337238  0.449649
138 0.293938 0.362731  0.343331
4236 0.6154 0.302254  0.0823462
3848 0.144823 0.363059  0.492118
876 0.202462 0.429743  0.367795
2508 0.720124 0.150589  0.129287
5401 0.398253 0.366674  0.235073
314 0.171621 0.382054  0.446325
3784 0.471002 0.315269  0.213728
7429 0.199283 0.395825  0.404892
6718 0.0645043 0.327723  0.607773
1611 0.212691 0.252883  0.534426
305 0.323023 0.33387  0.343107
2225 0.257086 0.0643813  0.678532
7661 0.0667501 0.11161  0.82164
5112 0.246573 0.58534  0.168087
488 0.293548 0.322507  0.383945
522 0.333163 0.292984  0.373853
156 0.490808 0.408414  0.100778
114 0.560937 0.183126  0.255937
138 0.448165 0.36205  0.189786
7594 0.429907 0.407863  0.16223
401 0.346478 0.205125  0.448397
362 0.633925 0.0984918  0.267583
314 0.273133 0.106169  0.620697
1425 0.138273 0.480245  0.381482
314 0.383887 0.582069  0.0340439
7756 0.603949 0.304064  0.0919864
3225 0.241376 0.0776558  0.680968
314 0.147451 0.433343  0.419206
945 0.38844 0.309728  0.301832
2175 0.346913 0.303435  0.349652
121 0.228858 0.49152  0.279622
3542 0.388769 0.554613  0.0566179
1743 0.142633 0.423932  0.433435
4583 0.264512 0.666931  0.0685567
913 0.21871 0.530185  0.251104
1640 0.21275 0.280631  0.506619
314 0.3525 0.363066  0.284434
3433 0.498536 0.332804  0.16866
315 0.0834587 0.558356  0.358186
1768 0.573481 0.365801  0.060718
4400 0.0573954 0.420113  0.522491
959 0.147537 0.448032  0.404431
314 0.425672 0.035661  0.538667
314 0.381474 0.375216  0.24331
1173 0.901796 0.0266045  0.0715999
314 0.0411758 0.475072  0.483752
4506 0.464122 0.275674  0.260204
370 0.239572 0.528343  0.232085
1494 0.47561 0.460895  0.0634951
305 0.645647 0.12067  0.233682
170 0.338031 0.192744  0.469225
169 0.394406 0.101549  0.504045
1665 0.355107 0.0889641  0.555929
722 0.318319 0.312639  0.369042
488 0.413367 0.437838  0.148795
314 0.44245 0.40269  0.15486
170 0.402443 0.365554  0.232004
1308 0.214645 0.303959  0.481396
4523 0.353635 0.163593  0.482772
86 0.322462 0.51726  0.160278
488 0.4994 0.121762  0.378838
1947 0.295061 0.301844  0.403095
4743 0.163208 0.688872  0.147921
2991 0.372924 0.472748  0.154329
314 0.0302178 0.46184  0.507942
605 0.261442 0.0773219  0.661237
314 0.369121 0.0369046  0.593974
1155 0.264499 0.364198  0.371302
795 0.18398 0.436223  0.379797
170 0.354279 0.150146  0.495575
314 0.138276 0.23657  0.625154
76 0.164325 0.281528  0.554147
170 0.384499 0.287352  0.328149
2568 0.284431 0.296587  0.418982
6085 0.146898 0.615109  0.237993
108 0.148697 0.505724  0.345579
315 0.364004 0.522273  0.113722
4474 0.105322 0.285146  0.609532
3029 0.206222 0.491076  0.302702
6198 0.334924 0.164648  0.500428
1268 0.579375 0.123288  0.297336
170 0.270101 0.365014  0.364884
7297 0.575094 0.25101  0.173896
58 0.195421 0.280177  0.524402
7095 0.443384 0.269176  0.28744
657 0.223548 0.497508  0.278944
43 0.302206 0.335455  0.36234
593 0.15928 0.0652528  0.775467
3008 0.269689 0.39027  0.340042
7403 0.392542 0.121113  0.486345
5830 0.16343 0.448748  0.387823
3405 0.167246 0.397544  0.43521
2836 0.586626 0.0217614  0.391613
6982 0.440583 0.0402927  0.519124
552 0.146969 0.128827  0.724204
314 0.353449 0.280736  0.365815
6668 0.380939 0.123216  0.495845
6780 0.253315 0.417957  0.328728
4774 0.373686 0.485989  0.140325
7281 0.584463 0.184751  0.230786
2156 0.0548562 0.361123  0.584021
314 0.497978 0.401063  0.10096
942 0.0504131 0.351081  0.598506
12 0.643088 0.0497025  0.30721
169 0.264652 0.624431  0.110917
1037 0.267229 0.0795321  0.653239
122 0.811743 0.015291  0.172966
522 0.501385 0.37036  0.128255
170 0.124503 0.477974  0.397523
6405 0.252808 0.463868  0.283324
2427 0.388794 0.358909  0.252297
4445 0.37725 0.219769  0.402981
488 0.33738 0.23882  0.4238
244 0.475885 0.29595  0.228165
7640 0.218538 0.365439  0.416023
2998 0.337306 0.392905  0.269789
314 0.458414 0.105111  0.436475
5774 0.435777 0.410244  0.15398
138 0.426099 0.100835  0.473067
132 0.332596 0.33451  0.332894
4880 0.154479 0.510991  0.33453
86 0.227855 0.337231  0.434914
488 0.378627 0.327031  0.294342
314 0.257042 0.447065  0.295893
1768 0.38341 0.375598  0.240992
5283 0.209707 0.340761  0.449532
1173 0.530423 0.211547  0.25803
866 0.485171 0.287994  0.226835
314 0.160096 0.584505  0.255399
3830 0.226914 0.551493  0.221593
314 0.764074 0.0995885  0.136338
5768 0.420533 0.451965  0.127501
451 0.517563 0.19919  0.283247
170 0.486504 0.487775  0.0257216
1127 0.235019 0.081535  0.683446
56 0.352265 0.399613  0.248122
3917 0.335263 0.412143  0.252594
3535 0.603019 0.262521  0.13446
6776 0.363217 0.253329  0.383454
1145 0.308999 0.433652  0.257349
334 0.0708966 0.160165  0.768939
6670 0.283617 0.225202  0.491181
314 0.0516352 0.0256105  0.922754
169 0.61391 0.130603  0.255488
6546 0.319029 0.422998  0.257973
4512 0.0192352 0.729501  0.251263
2757 0.532338 0.107619  0.360043
70 0.215592 0.416327  0.368081
2009 0.0311594 0.6459  0.32294
584 0.367926 0.334868  0.297206
2926 0.175301 0.422286  0.402413
314 0.0356418 0.926422  0.0379363
3026 0.618474 0.298333  0.0831931
138 0.420872 0.165119  0.414008
1173 0.496092 0.374158  0.12975
3008 0.41241 0.270122  0.317468
5864 0.253069 0.38961  0.357321
879 0.258647 0.535307  0.206046
944 0.589955 0.396277  0.0137676
1308 0.332468 0.380018  0.287513
495 0.24219 0.575284  0.182527
3555 0.291656 0.462575  0.245769
2507 0.323564 0.259652  0.416784
5663 0.634135 0.173788  0.192077
138 0.283464 0.444447  0.272089
1237 0.333644 0.39287  0.273487
4965 0.0785544 0.334793  0.586653
1173 0.41651 0.188801  0.394688
314 0.328482 0.366518  0.305
3111 0.415766 0.327005  0.257229
275 0.366758 0.286001  0.347241
2311 0.0904606 0.112779  0.796761
5274 0.215014 0.237958  0.547028
3331 0.629741 0.184646  0.185614
548 0.426096 0.321686  0.252218
488 0.313889 0.516371  0.16974
4227 0.497569 0.00735215  0.495079
1623 0.105707 0.719397  0.174896
2582 0.34325 0.56023  0.0965199
114 0.220394 0.472698  0.306909
169 0.37494 0.141142  0.483918
314 0.363346 0.381561  0.255093
1173 0.120779 0.217544  0.661677
2950 0.382281 0.485292  0.132427
3139 0.708561 0.150265  0.141174
315 0.184667 0.549891  0.265442
2508 0.294327 0.565537  0.140136
6882 0.0552628 0.461772  0.482965
1960 0.338201 0.413493  0.248306
5737 0.500871 0.318482  0.180647
1705 0.385873 0.309517  0.30461
6341 0.222256 0.617643  0.160101
314 0.434659 0.204832  0.360508
314 0.0805617 0.377984  0.541454
3296 0.430849 0.266188  0.302963
1152 0.66694 0.0870745  0.245986
593 0.296418 0.480259  0.223323
6589 0.442436 0.426821  0.130743
314 0.794758 0.0717836  0.133459
314 0.353146 0.327565  0.319289
488 0.300345 0.490601  0.209054
2820 0.129363 0.5374  0.333237
314 0.196583 0.558425  0.244992
3634 0.370983 0.253739  0.375279
7263 0.286169 0.306074  0.407757
757 0.559223 0.258122  0.182655
1845 0.460595 0.201527  0.337878
6349 0.425157 0.345749  0.229094
1519 0.321302 0.305358  0.37334
3542 0.752447 0.103796  0.143757
334 0.434781 0.189577  0.375641
314 0.314627 0.418205  0.267168
314 0.375289 0.454375  0.170335
314 0.239332 0.520981  0.239688
169 0.532541 0.320863  0.146596
1236 0.488349 0.210573  0.301078
6039 0.45489 0.351238  0.193872
402 0.202506 0.577824  0.219671
2568 0.330069 0.192929  0.477001
1768 0.180704 0.340994  0.478302
3578 0.00710899 0.609099  0.383792
138 0.504239 0.138134  0.357627
314 0.554048 0.239066  0.206886
169 0.347016 0.325085  0.327898
222 0.197285 0.425206  0.377509
4544 0.775548 0.0771906  0.147261
2568 0.42445 0.411687  0.163863
2987 0.423078 0.285324  0.291598
7558 0.448719 0.121576  0.429706
244 0.528641 0.0599257  0.411433
170 0.601879 0.0159734  0.382147
5132 0.0777285 0.241192  0.68108
1219 0.365465 0.440291  0.194244
5544 0.219066 0.635991  0.144943
2567 0.345738 0.268624  0.385638
397 0.370665 0.173074  0.456261
622 0.0670707 0.605962  0.326968
522 0.659845 0.281963  0.0581924
86 0.384648 0.220146  0.395205
169 0.232883 0.303826  0.463291
121 0.589089 0.338053  0.0728587
488 0.412113 0.316779  0.271109
6027 0.107072 0.118738  0.77419
2446 0.402531 0.394129  0.20334
6658 0.224658 0.297376  0.477966
2174 0.398102 0.223395  0.378503
733 0.187618 0.33836  0.474022
189 0.23776 0.4311  0.331139
314 0.360279 0.288816  0.350905
212 0.170385 0.507264  0.322351
7531 0.336535 0.485541  0.177924
314 0.372703 0.264609  0.362687
169 0.023901 0.372802  0.603297
1829 0.446148 0.0115742  0.542277
1675 0.473568 0.18567  0.340762
314 0.56848 0.112986  0.318534
5735 0.345363 0.447178  0.207459
