6797 0.138322 0.238564  0.623114
4794 0.150196 0.427784  0.42202
7359 0.322318 0.331021  0.34666
4919 0.207855 0.630346  0.161799
4756 0.208757 0.251506  0.539737
2074 0.465641 0.190604  0.343755
4672 0.3238 0.0600973  0.616103
1720 0.185713 0.689542  0.124745
4645 0.646543 0.0625005  0.290956
7028 0.18661 0.532949  0.280441
4784 0.373641 0.14447  0.481888
612 0.341399 0.299357  0.359244
6990 0.0332569 0.608697  0.358046
4657 0.250955 0.435955  0.31309
6235 0.0460318 0.695085  0.258883
1100 0.330419 0.19268  0.476902
7474 0.141766 0.441412  0.416822
2515 0.167935 0.567364  0.264701
4768 0.308579 0.294285  0.397136
7480 0.578917 0.239883  0.1812
1722 0.120177 0.605198  0.274625
8204 0.651157 0.229959  0.118884
7981 0.338326 0.537025  0.124649
3343 0.242428 0.463472  0.2941
5703 0.148891 0.465725  0.385384
1137 0.227113 0.406665  0.366222
8041 0.334929 0.200845  0.464226
8279 0.416145 0.410822  0.173033
8309 0.132063 0.450081  0.417856
4616 0.372719 0.363262  0.264019
2629 0.159179 0.308616  0.532204
6523 0.538764 0.427791  0.0334447
8340 0.503078 0.196069  0.300853
3246 0.429706 0.0312038  0.53909
1498 0.474418 0.384556  0.141026
4675 0.208493 0.191387  0.60012
4733 0.120549 0.385551  0.4939
8147 0.474658 0.229158  0.296183
3585 0.544751 0.398508  0.0567415
3992 0.387327 0.449666  0.163006
5949 0.145436 0.435779  0.418785
7463 0.2743 0.355689  0.370011
7537 0.51948 0.0452775  0.435242
4720 0.356375 0.302545  0.34108
773 0.0751249 0.448552  0.476323
6846 0.305502 0.302153  0.392346
6072 0.192942 0.423686  0.383372
6687 0.304741 0.656438  0.038821
231 0.238778 0.355161  0.406061
3047 0.333085 0.564834  0.102081
4646 0.466636 0.213703  0.319662
421 0.219128 0.748694  0.0321778
4563 0.493718 0.434762  0.0715207
8324 0.384538 0.135737  0.479725
238 0.336127 0.379167  0.284706
3371 0.067815 0.162467  0.769718
4613 0.46538 0.322689  0.211932
1592 0.293602 0.275117  0.431281
4924 0.205028 0.21751  0.577462
4964 0.192687 0.423046  0.384268
823 0.296114 0.324317  0.379569
6265 0.0786136 0.469261  0.452125
4770 0.551113 0.114858  0.334028
1784 0.407851 0.0614717  0.530677
6007 0.281615 0.429735  0.28865
7847 0.0872278 0.438786  0.473987
7054 0.43427 0.267775  0.297956
5136 0.223846 0.646007  0.130147
6649 0.125659 0.55004  0.324301
1475 0.498126 0.3738  0.128074
412 0.532222 0.196796  0.270983
8283 0.0219609 0.568236  0.409803
2306 0.383925 0.590863  0.0252122
6964 0.551146 0.0910669  0.357787
8001 0.305973 0.204539  0.489488
7452 0.37007 0.388329  0.241601
2321 0.449418 0.388582  0.162
7502 0.231068 0.325209  0.443723
4045 0.714972 0.209612  0.0754153
738 0.303853 0.240463  0.455684
3949 0.705132 0.180124  0.114744
7179 0.640977 0.244467  0.114556
3980 0.238235 0.158453  0.603312
4417 0.433359 0.146354  0.420287
8131 0.015361 0.587793  0.396846
6869 0.363342 0.346686  0.289973
6069 0.0273262 0.282523  0.690151
236 0.388392 0.247898  0.363711
5087 0.241195 0.30857  0.450235
4629 0.030729 0.575083  0.394188
4659 0.294918 0.40725  0.297832
5704 0.392756 0.117563  0.48968
3584 0.402894 0.138957  0.458148
8618 0.435737 0.48194  0.0823226
4661 0.0377374 0.525784  0.436479
8501 0.368496 0.425116  0.206388
6838 0.402126 0.248324  0.34955
793 0.245851 0.27174  0.482409
4962 0.452741 0.498019  0.0492398
7527 0.406319 0.132544  0.461137
8207 0.383067 0.566703  0.05023
1623 0.338016 0.0992373  0.562747
3603 0.296348 0.389866  0.313787
8160 0.38437 0.209211  0.406419
120 0.199839 0.424528  0.375633
4758 0.646901 0.18843  0.164669
528 0.552382 0.310057  0.137561
118 0.274838 0.496405  0.228757
1082 0.0926198 0.80654  0.10084
203 0.662948 0.162954  0.174098
7045 0.223512 0.0303352  0.746153
4933 0.337063 0.43233  0.230607
631 0.313916 0.0605483  0.625536
724 0.737584 0.247704  0.0147122
5985 0.39635 0.352013  0.251638
7360 0.118386 0.597187  0.284427
4449 0.308949 0.238135  0.452916
3094 0.29433 0.150081  0.555589
7346 0.241764 0.380147  0.378089
3709 0.450575 0.0550121  0.494413
4673 0.744891 0.155303  0.0998061
6745 0.587683 0.360355  0.051962
1628 0.107746 0.56269  0.329564
1285 0.259443 0.481382  0.259175
1512 0.277105 0.469169  0.253726
4719 0.0873933 0.847563  0.0650434
1541 0.307686 0.443231  0.249082
6886 0.450263 0.178208  0.37153
684 0.504868 0.260172  0.23496
3639 0.541071 0.0130075  0.445921
2496 0.0560099 0.29138  0.65261
7580 0.311642 0.346611  0.341747
6705 0.309854 0.646523  0.0436237
7181 0.318798 0.364472  0.31673
5090 0.334755 0.211607  0.453638
4581 0.356048 0.202597  0.441355
4764 0.113981 0.230901  0.655118
1547 0.544574 0.364792  0.0906333
4751 0.389273 0.438863  0.171864
7483 0.588848 0.133502  0.277649
6704 0.689779 0.266803  0.0434177
3205 0.673709 0.280768  0.0455226
1476 0.205231 0.338187  0.456583
4770 0.777535 0.0805481  0.141917
351 0.237678 0.145499  0.616823
4934 0.196885 0.380357  0.422758
7825 0.164523 0.313718  0.521759
3937 0.457951 0.458387  0.0836621
1262 0.0307707 0.269143  0.700086
692 0.387389 0.28381  0.328801
4890 0.441693 0.329109  0.229197
7888 0.342112 0.481108  0.17678
2802 0.547365 0.120894  0.33174
7522 0.138318 0.207395  0.654287
4697 0.426996 0.175829  0.397174
5343 0.0682643 0.339936  0.591799
1064 0.167209 0.773651  0.0591393
3785 0.360331 0.107494  0.532174
4551 0.438732 0.109185  0.452084
7246 0.195274 0.685977  0.118749
937 0.518595 0.454266  0.0271384
4609 0.698252 0.0896561  0.212092
192 0.290345 0.381998  0.327656
759 0.496738 0.0230249  0.480237
466 0.401207 0.0431125  0.555681
2339 0.289602 0.539886  0.170512
7226 0.0848849 0.550297  0.364818
8327 0.448544 0.123583  0.427873
8058 0.376887 0.371541  0.251572
248 0.585555 0.3629  0.0515445
3877 0.537068 0.284947  0.177986
4608 0.189275 0.356333  0.454392
615 0.542047 0.38538  0.0725732
8247 0.0587272 0.123951  0.817322
824 0.524843 0.428411  0.0467462
4880 0.102774 0.598918  0.298308
7065 0.255115 0.34658  0.398305
8350 0.489083 0.269172  0.241745
6535 0.205168 0.18524  0.609593
6244 0.385124 0.329067  0.285809
6942 0.0586867 0.31729  0.624023
3647 0.151022 0.456363  0.392615
7459 0.361853 0.442742  0.195405
4709 0.158522 0.564142  0.277336
4943 0.145291 0.20124  0.653469
1723 0.219415 0.333232  0.447353
3689 0.1844 0.439253  0.376347
4661 0.366717 0.279865  0.353418
4924 0.375036 0.387758  0.237206
239 0.273172 0.67756  0.0492681
6775 0.133788 0.359244  0.506968
3356 0.434586 0.51953  0.0458844
6881 0.575244 0.136102  0.288654
6721 0.490076 0.356042  0.153882
4137 0.0205689 0.64659  0.332841
729 0.78497 0.0461031  0.168927
1721 0.543406 0.186106  0.270488
7377 0.458075 0.149036  0.39289
937 0.231829 0.398541  0.36963
7033 0.279087 0.344941  0.375971
7374 0.174981 0.568104  0.256915
8281 0.291006 0.403554  0.30544
1387 0.114825 0.194311  0.690864
3819 0.0569138 0.417412  0.525674
7307 0.175005 0.212688  0.612307
7106 0.0859012 0.407333  0.506766
1356 0.276552 0.329212  0.394237
6731 0.36437 0.505976  0.129654
214 0.432411 0.437799  0.12979
6477 0.538881 0.251013  0.210107
2272 0.286079 0.347382  0.366539
1676 0.300795 0.383605  0.315601
1403 0.158275 0.422866  0.41886
4036 0.137473 0.440263  0.422263
3975 0.104657 0.278239  0.617103
1000 0.0315988 0.423673  0.544729
3082 0.288982 0.364023  0.346995
6527 0.499956 0.389681  0.110363
5011 0.405956 0.242153  0.351891
2405 0.528252 0.190848  0.2809
4607 0.570225 0.0694704  0.360305
5076 0.174369 0.719198  0.106433
7698 0.382711 0.39615  0.221138
5450 0.2405 0.607526  0.151974
1093 0.195253 0.425588  0.379159
1662 0.519332 0.0478104  0.432858
246 0.409414 0.179323  0.411264
7915 0.27993 0.277223  0.442847
4748 0.782637 0.158286  0.0590773
7746 0.103934 0.677774  0.218293
7458 0.465299 0.0503768  0.484324
237 0.601714 0.0652575  0.333028
7431 0.37155 0.278719  0.349731
6472 0.330798 0.276113  0.393089
6280 0.362055 0.134159  0.503786
7504 0.224614 0.405866  0.369521
1481 0.302439 0.315896  0.381665
1825 0.372714 0.592976  0.0343091
5010 0.301798 0.309037  0.389166
8531 0.214451 0.319317  0.466231
6326 0.644309 0.338568  0.0171224
138 0.291923 0.351252  0.356825
2296 0.203771 0.369622  0.426606
4453 0.393572 0.253686  0.352742
616 0.326676 0.341117  0.332206
7286 0.473707 0.118511  0.407782
2256 0.387809 0.269759  0.342433
4521 0.360522 0.525401  0.114078
3710 0.52474 0.0161161  0.459144
4374 0.304124 0.682057  0.0138193
6908 0.0845088 0.38763  0.527861
7456 0.471951 0.294318  0.233731
1607 0.282314 0.354549  0.363137
516 0.32345 0.30447  0.37208
7739 0.162131 0.450878  0.386991
4854 0.30997 0.0680083  0.622022
3428 0.491525 0.411698  0.0967761
7896 0.268924 0.599791  0.131285
4451 0.169414 0.414807  0.415779
4588 0.0272853 0.688782  0.283933
1577 0.638628 0.0873323  0.27404
4114 0.124094 0.513474  0.362432
1548 0.301876 0.444096  0.254027
1955 0.098438 0.457439  0.444123
5294 0.293019 0.133727  0.573254
730 0.344087 0.238434  0.417479
7766 0.380815 0.189077  0.430109
3656 0.376088 0.234683  0.389229
4961 0.444616 0.159206  0.396177
7446 0.0244299 0.499186  0.476384
3454 0.459183 0.451587  0.08923
3472 0.849433 0.121928  0.0286383
4773 0.273082 0.313024  0.413894
4047 0.316017 0.0754733  0.60851
6545 0.278214 0.438898  0.282888
2324 0.383606 0.325753  0.290641
303 0.897822 0.0576686  0.0445094
7301 0.418019 0.402682  0.179299
7386 0.300896 0.318505  0.380598
613 0.178016 0.470409  0.351575
4762 0.574837 0.258091  0.167072
4883 0.615043 0.0638159  0.321141
7445 0.160311 0.63054  0.209149
7530 0.399665 0.542165  0.0581701
2679 0.39502 0.257795  0.347185
4878 0.232632 0.1023  0.665068
6386 0.261014 0.20014  0.538846
4952 0.301526 0.196908  0.501566
1611 0.30911 0.472909  0.217981
4075 0.187072 0.520473  0.292455
6921 0.777944 0.109642  0.112414
4450 0.247389 0.224353  0.528258
8334 0.607391 0.126935  0.265674
7520 0.0363831 0.194312  0.769305
7468 0.467762 0.208668  0.32357
4058 0.290913 0.652574  0.0565135
4692 0.473025 0.287016  0.23996
3614 0.418913 0.23382  0.347266
5605 0.466034 0.254902  0.279064
4641 0.600918 0.326578  0.0725044
5379 0.23172 0.184953  0.583327
4660 0.0850053 0.690807  0.224188
4679 0.445677 0.239516  0.314807
252 0.275976 0.355889  0.368135
8238 0.441652 0.319231  0.239117
7173 0.203303 0.534009  0.262689
6515 0.452189 0.12988  0.417932
1729 0.187116 0.640286  0.172599
806 0.382245 0.37944  0.238315
4670 0.205575 0.361858  0.432567
4762 0.165955 0.587549  0.246497
6966 0.0116331 0.431991  0.556376
1536 0.424386 0.154219  0.421396
7868 0.254208 0.367998  0.377794
972 0.391692 0.326876  0.281432
8005 0.553836 0.217189  0.228975
1604 0.299703 0.417638  0.282659
6337 0.660066 0.278409  0.061525
7664 0.378084 0.120796  0.50112
1779 0.38736 0.303739  0.308901
1572 0.277303 0.568867  0.153829
5182 0.476426 0.304244  0.219329
5909 0.0786431 0.724998  0.196359
7800 0.338059 0.327643  0.334298
1017 0.266135 0.472336  0.261528
105 0.512047 0.0812697  0.406683
920 0.231109 0.347745  0.421146
3674 0.456736 0.408727  0.134538
3545 0.225484 0.113005  0.661511
4302 0.68316 0.0937052  0.223135
1949 0.381618 0.609987  0.0083955
4915 0.125249 0.517035  0.357716
6066 0.50491 0.0491671  0.445923
4987 0.381396 0.187889  0.430715
4488 0.564111 0.268853  0.167036
1488 0.236282 0.172015  0.591703
7469 0.457204 0.41229  0.130506
7620 0.310794 0.593524  0.0956828
1081 0.144353 0.523486  0.332162
6892 0.301975 0.103697  0.594328
4771 0.480647 0.19803  0.321323
963 0.334773 0.34153  0.323697
4781 0.512247 0.0994095  0.388343
6902 0.32375 0.413032  0.263218
346 0.451277 0.429462  0.119261
1657 0.158423 0.450308  0.391269
7391 0.305375 0.145542  0.549084
7473 0.179702 0.412377  0.407921
1564 0.493926 0.451636  0.0544387
7374 0.24406 0.608812  0.147129
6205 0.526375 0.352842  0.120784
2972 0.264935 0.412128  0.322937
260 0.39479 0.0925122  0.512698
4769 0.0952758 0.259854  0.64487
8230 0.357722 0.168727  0.47355
5679 0.250494 0.311845  0.437661
8057 0.367207 0.337544  0.295249
6700 0.348159 0.264595  0.387246
3482 0.585246 0.11591  0.298844
303 0.271283 0.243576  0.48514
1698 0.381421 0.334801  0.283778
1622 0.706454 0.0881088  0.205437
4903 0.741806 0.050377  0.207817
7201 0.192104 0.757694  0.0502016
6656 0.172963 0.778251  0.0487852
4605 0.304268 0.373006  0.322726
3602 0.353586 0.270466  0.375948
5037 0.146702 0.214031  0.639267
3330 0.254828 0.233174  0.511997
4649 0.255771 0.348626  0.395603
4535 0.470289 0.445666  0.084045
4935 0.437682 0.385523  0.176795
6698 0.30085 0.118617  0.580532
3979 0.430276 0.0685979  0.501126
5854 0.425194 0.372511  0.202295
209 0.173902 0.468208  0.35789
663 0.748547 0.0674196  0.184033
594 0.45824 0.29841  0.24335
865 0.406398 0.355373  0.238229
8482 0.438174 0.313729  0.248097
8325 0.290231 0.116062  0.593706
3504 0.678925 0.0125795  0.308495
4616 0.479943 0.376755  0.143302
1019 0.419449 0.472563  0.107988
5421 0.382012 0.299097  0.318891
2636 0.0415099 0.674367  0.284123
4792 0.492499 0.393449  0.114052
406 0.460232 0.464166  0.0756013
7397 0.138665 0.533809  0.327526
4990 0.127674 0.231321  0.641005
7482 0.331482 0.156788  0.51173
7299 0.280291 0.0496393  0.67007
3450 0.0797256 0.590129  0.330145
7380 0.243402 0.27464  0.481958
5829 0.13518 0.289207  0.575613
4710 0.438222 0.385459  0.176318
1785 0.113047 0.482759  0.404194
5069 0.47236 0.462093  0.0655468
603 0.597531 0.300494  0.101975
4661 0.371294 0.224537  0.404169
4049 0.280161 0.373135  0.346704
5079 0.880332 0.0436226  0.0760454
4954 0.380882 0.449092  0.170026
7323 0.0403798 0.664236  0.295384
7892 0.353621 0.379108  0.267271
6607 0.391443 0.2005  0.408057
254 0.057736 0.486456  0.455808
4950 0.367771 0.274598  0.35763
1088 0.309741 0.453288  0.236971
6045 0.39959 0.0570756  0.543335
5078 0.120371 0.380931  0.498699
4757 0.136335 0.372109  0.491557
5432 0.300773 0.351686  0.347541
7359 0.0444992 0.512531  0.44297
7084 0.490007 0.27045  0.239543
7921 0.295849 0.325053  0.379099
6517 0.344028 0.245936  0.410036
4113 0.233196 0.500985  0.265819
203 0.317431 0.341978  0.340591
7313 0.543154 0.0183546  0.438491
7407 0.327731 0.227134  0.445135
8310 0.230075 0.384791  0.385134
7635 0.60683 0.0454899  0.34768
5682 0.253115 0.438422  0.308463
6119 0.373863 0.437578  0.188559
8495 0.195269 0.252526  0.552206
4778 0.24166 0.426126  0.332214
4805 0.39864 0.0873855  0.513974
6798 0.455322 0.333542  0.211136
7706 0.0607042 0.438949  0.500347
8073 0.206222 0.49566  0.298118
4534 0.233221 0.562248  0.20453
8566 0.722551 0.0749286  0.202521
7749 0.293232 0.0467561  0.660012
5101 0.0849604 0.153543  0.761497
4459 0.0616177 0.253316  0.685066
146 0.247157 0.449886  0.302957
5075 0.249791 0.375551  0.374659
8534 0.26234 0.0521266  0.685533
6527 0.397744 0.168692  0.433564
7267 0.489655 0.275957  0.234388
7255 0.445296 0.525606  0.0290982
4093 0.102509 0.491497  0.405994
6511 0.2644 0.397471  0.338129
2240 0.159453 0.433899  0.406648
4996 0.429958 0.0661945  0.503848
7858 0.171877 0.397961  0.430162
844 0.601121 0.106541  0.292339
6739 0.385195 0.224347  0.390458
2322 0.366498 0.284968  0.348533
5489 0.0882682 0.740238  0.171494
8305 0.272351 0.388764  0.338886
4927 0.481089 0.39433  0.124581
4590 0.318154 0.219122  0.462725
807 0.308862 0.293053  0.398085
4650 0.496691 0.153565  0.349744
7753 0.473274 0.370708  0.156018
1571 0.414895 0.148335  0.43677
8546 0.418426 0.441574  0.14
4510 0.107087 0.481637  0.411276
7536 0.550608 0.183151  0.266241
232 0.508554 0.129652  0.361794
4919 0.239683 0.345334  0.414983
7440 0.231462 0.658745  0.109794
4970 0.36729 0.314123  0.318586
8330 0.0809586 0.526896  0.392146
4947 0.0952767 0.0393244  0.865399
4149 0.406592 0.337614  0.255794
2351 0.383548 0.30379  0.312662
6737 0.203484 0.235344  0.561172
7235 0.346828 0.626152  0.0270198
3714 0.940269 0.0404247  0.0193061
1835 0.147743 0.725812  0.126445
1723 0.164786 0.542878  0.292336
6446 0.137943 0.424298  0.437759
1767 0.34687 0.354027  0.299102
7301 0.456591 0.0334193  0.50999
6535 0.330225 0.0601008  0.609674
7871 0.106052 0.279272  0.614676
3605 0.400991 0.38328  0.215729
5131 0.198755 0.305192  0.496052
1507 0.173768 0.288604  0.537628
7755 0.281586 0.279894  0.438519
3150 0.742035 0.126161  0.131804
7779 0.38372 0.0667827  0.549497
139 0.355744 0.135895  0.508361
4597 0.199609 0.588876  0.211515
4759 0.0778686 0.356936  0.565195
856 0.438339 0.00637445  0.555287
8112 0.515968 0.341565  0.142467
4028 0.436833 0.335113  0.228053
6898 0.344304 0.246368  0.409328
8279 0.506486 0.083814  0.4097
5057 0.683717 0.0748943  0.241389
4640 0.240747 0.522823  0.23643
1254 0.134894 0.21597  0.649137
7769 0.173813 0.772502  0.0536857
4668 0.453712 0.355143  0.191145
2451 0.372609 0.217224  0.410167
692 0.0717936 0.644792  0.283414
1127 0.277271 0.594266  0.128463
4589 0.337057 0.347188  0.315756
3951 0.225972 0.366815  0.407214
2555 0.0716671 0.520315  0.408017
7313 0.0131837 0.56017  0.426646
7481 0.0358526 0.50223  0.461917
5986 0.433984 0.37469  0.191325
3576 0.280497 0.439608  0.279895
7855 0.586627 0.168365  0.245009
4587 0.162289 0.230282  0.607429
1520 0.351431 0.0715296  0.577039
839 0.222692 0.573277  0.204031
4581 0.508731 0.415939  0.0753299
7043 0.0647153 0.243702  0.691583
5013 0.351304 0.0961652  0.552531
4692 0.789789 0.0352791  0.174931
7765 0.0875331 0.536016  0.376451
3749 0.217736 0.629153  0.15311
933 0.155225 0.394868  0.449907
4565 0.160908 0.291502  0.54759
4483 0.0147692 0.669667  0.315564
2955 0.183594 0.594118  0.222288
3654 0.347111 0.290066  0.362823
3726 0.519303 0.0784803  0.402217
7455 0.0120905 0.509737  0.478173
4802 0.132659 0.424182  0.443159
724 0.186883 0.704157  0.10896
702 0.388545 0.593176  0.0182794
8258 0.415802 0.481238  0.10296
5028 0.641917 0.240288  0.117795
8179 0.191151 0.413338  0.395511
4024 0.172122 0.61987  0.208008
776 0.457728 0.425855  0.116417
7686 0.426447 0.393702  0.179851
1657 0.29061 0.53974  0.16965
3814 0.322724 0.308959  0.368317
274 0.497269 0.371479  0.131252
2827 0.0412742 0.523359  0.435367
1464 0.297898 0.109696  0.592406
3067 0.188105 0.471994  0.339901
6157 0.0948316 0.573824  0.331344
4619 0.77437 0.121332  0.104298
1594 0.449962 0.413161  0.136877
7250 0.329394 0.188092  0.482515
4471 0.424735 0.4149  0.160365
3345 0.0863357 0.309569  0.604095
2325 0.62522 0.210688  0.164092
4941 0.20393 0.529322  0.266748
4435 0.410498 0.291807  0.297694
1543 0.0382808 0.528479  0.433241
232 0.211499 0.348528  0.439973
6721 0.398832 0.569197  0.0319711
1032 0.496066 0.070012  0.433922
6733 0.081825 0.331398  0.586777
5959 0.317124 0.380267  0.302609
6156 0.433346 0.347304  0.21935
6449 0.323507 0.578275  0.0982179
3653 0.433271 0.119709  0.44702
3604 0.0932691 0.0144665  0.892264
452 0.367557 0.301337  0.331106
4781 0.152401 0.527781  0.319817
1542 0.547379 0.375053  0.0775688
3135 0.255258 0.251735  0.493008
1548 0.132395 0.289861  0.577744
3932 0.255915 0.300184  0.443901
4043 0.495766 0.287296  0.216938
8472 0.372189 0.319553  0.308258
205 0.152633 0.46622  0.381148
2433 0.569714 0.393359  0.036927
6482 0.159254 0.409987  0.43076
4782 0.62123 0.0666389  0.312131
4882 0.415203 0.184378  0.400419
2937 0.254456 0.369233  0.376311
1397 0.38652 0.578785  0.0346948
4902 0.292118 0.509632  0.19825
884 0.508454 0.0981961  0.39335
4709 0.189801 0.496241  0.313958
7472 0.389606 0.376906  0.233488
1687 0.438676 0.197772  0.363552
276 0.273121 0.427832  0.299046
7764 0.228395 0.527127  0.244477
4498 0.417608 0.175057  0.407335
7537 0.486421 0.321686  0.191893
8084 0.0743435 0.761635  0.164022
753 0.378656 0.0983419  0.523002
7588 0.498185 0.113534  0.388282
8340 0.318338 0.0408445  0.640817
126 0.0420408 0.383856  0.574103
7239 0.434032 0.322063  0.243906
3646 0.148913 0.602261  0.248827
4942 0.137261 0.437799  0.42494
3630 0.395396 0.216707  0.387897
1521 0.180996 0.350043  0.468961
936 0.336464 0.265949  0.397588
7988 0.362012 0.436774  0.201214
4641 0.26635 0.308054  0.425596
6535 0.303838 0.238464  0.457697
5357 0.0163129 0.0269477  0.956739
4904 0.0755009 0.65051  0.273989
3506 0.380288 0.522211  0.0975014
4549 0.807146 0.105217  0.0876376
4816 0.633439 0.153702  0.212859
4605 0.621121 0.126132  0.252747
740 0.486298 0.42178  0.091922
8179 0.329309 0.357497  0.313194
7379 0.282082 0.269831  0.448087
4953 0.409342 0.297242  0.293416
1776 0.432009 0.314365  0.253626
1793 0.0559607 0.291173  0.652866
6163 0.456534 0.112302  0.431164
1768 0.396015 0.34759  0.256395
2276 0.382503 0.40808  0.209417
4040 0.514651 0.079277  0.406071
6095 0.516346 0.425534  0.0581193
7262 0.316626 0.550715  0.132659
60 0.387594 0.284052  0.328354
7318 0.436291 0.515943  0.0477662
4682 0.426038 0.515511  0.0584507
5859 0.168023 0.571662  0.260315
7310 0.478763 0.164366  0.356871
2724 0.0779181 0.145486  0.776596
8497 0.476356 0.466864  0.0567803
2475 0.391423 0.28356  0.325017
4060 0.0282685 0.516466  0.455265
7458 0.28534 0.44953  0.26513
4915 0.408247 0.365419  0.226335
4643 0.378867 0.157021  0.464112
7109 0.246578 0.151969  0.601453
1758 0.075424 0.326761  0.597815
81 0.400377 0.0155255  0.584098
4723 0.608491 0.249092  0.142418
3426 0.0603438 0.334546  0.60511
8538 0.679783 0.182298  0.137919
4690 0.208084 0.375398  0.416518
5808 0.251794 0.653429  0.0947771
5296 0.368235 0.276943  0.354822
6722 0.102228 0.26028  0.637492
1506 0.0993297 0.475901  0.424769
717 0.37702 0.443096  0.179885
1525 0.0992985 0.608572  0.292129
4657 0.49559 0.475001  0.0294095
4420 0.353634 0.360188  0.286178
3602 0.282694 0.386815  0.330491
5724 0.313824 0.0252826  0.660893
8219 0.31756 0.354007  0.328433
2220 0.585114 0.166943  0.247943
857 0.435189 0.316631  0.24818
4563 0.0807208 0.11416  0.805119
656 0.608406 0.299413  0.0921818
7239 0.703928 0.181069  0.115003
4556 0.167938 0.705516  0.126546
7745 0.321694 0.348842  0.329464
7765 0.498022 0.484422  0.0175561
1536 0.525281 0.451033  0.0236859
7225 0.360951 0.606649  0.0324004
1081 0.270652 0.410369  0.318979
7480 0.359212 0.249344  0.391444
2894 0.203059 0.285504  0.511438
840 0.381551 0.4084  0.21005
3199 0.658336 0.165446  0.176218
257 0.42187 0.278671  0.299459
7962 0.367943 0.407699  0.224358
963 0.434773 0.167495  0.397732
3727 0.23059 0.469493  0.299918
4763 0.502698 0.301363  0.195939
7772 0.459353 0.388672  0.151974
5680 0.0736853 0.461201  0.465114
8117 0.457972 0.0594781  0.48255
1478 0.290802 0.465173  0.244025
3459 0.406488 0.364688  0.228824
1765 0.515819 0.301893  0.182288
561 0.315214 0.51249  0.172297
3694 0.400906 0.524944  0.0741498
4596 0.53437 0.0820437  0.383586
5493 0.334782 0.302762  0.362456
433 0.102641 0.527771  0.369588
7284 0.349336 0.276889  0.373775
5682 0.330302 0.170668  0.49903
1398 0.635286 0.1329  0.231814
6735 0.290655 0.242466  0.46688
6691 0.422298 0.46536  0.112342
7373 0.504373 0.41069  0.0849367
4023 0.306946 0.323941  0.369113
7704 0.597375 0.0538105  0.348815
75 0.701052 0.198695  0.100253
4455 0.501377 0.140507  0.358116
2714 0.239047 0.078828  0.682125
1527 0.596949 0.365242  0.0378096
4674 0.18159 0.33559  0.48282
7372 0.483079 0.400336  0.116585
4509 0.448424 0.193098  0.358478
3138 0.64745 0.0371487  0.315402
2331 0.451129 0.236857  0.312014
707 0.175405 0.72433  0.100266
8510 0.338781 0.482057  0.179162
3764 0.0472429 0.486104  0.466654
5081 0.556311 0.142142  0.301547
1023 0.0681969 0.106023  0.82578
5164 0.435051 0.0317709  0.533178
2254 0.403349 0.577539  0.0191118
734 0.0317122 0.57208  0.396207
3200 0.425564 0.302656  0.27178
1914 0.143029 0.433601  0.423369
4146 0.342226 0.464809  0.192964
7269 0.18663 0.320274  0.493096
1530 0.326564 0.158602  0.514834
8487 0.660582 0.205253  0.134165
8284 0.51137 0.391117  0.0975123
7395 0.380496 0.218562  0.400942
6719 0.266329 0.353434  0.380237
660 0.324544 0.528137  0.147319
4908 0.433669 0.467694  0.0986374
4781 0.399953 0.125914  0.474133
6297 0.414802 0.348248  0.23695
4681 0.0119508 0.440182  0.547867
3570 0.456247 0.267244  0.27651
8283 0.186342 0.404555  0.409103
3093 0.212434 0.280048  0.507518
3023 0.22743 0.120067  0.652503
1693 0.291248 0.233185  0.475567
7439 0.221132 0.714344  0.064524
7896 0.406946 0.200428  0.392627
3646 0.128435 0.765982  0.105583
3557 0.584305 0.280454  0.13524
5009 0.108088 0.167797  0.724115
5025 0.212354 0.410829  0.376817
89 0.0738458 0.473204  0.45295
643 0.374477 0.329733  0.29579
4959 0.111429 0.700302  0.188269
4790 0.0254645 0.540741  0.433795
1460 0.577099 0.184592  0.238309
2362 0.250133 0.161176  0.588691
4722 0.357294 0.236341  0.406364
1916 0.49907 0.0296592  0.471271
2426 0.463164 0.187872  0.348964
3677 0.281043 0.4423  0.276657
4750 0.361657 0.232329  0.406014
1585 0.0915658 0.341742  0.566692
7756 0.397472 0.0578569  0.544672
7439 0.210721 0.631592  0.157686
4772 0.316722 0.298196  0.385083
976 0.114705 0.796683  0.0886125
5077 0.175531 0.59006  0.234409
345 0.2511 0.436726  0.312173
7508 0.290893 0.0528123  0.656295
7342 0.354778 0.29165  0.353572
5152 0.330743 0.317684  0.351573
8334 0.491765 0.328799  0.179436
2983 0.37565 0.159043  0.465307
4814 0.287524 0.380988  0.331488
6263 0.106059 0.265725  0.628215
1605 0.0519412 0.705524  0.242535
5571 0.0869296 0.384106  0.528965
6737 0.137892 0.395951  0.466157
5884 0.378453 0.357325  0.264222
4762 0.24267 0.546996  0.210334
1893 0.45725 0.440901  0.10185
4722 0.61129 0.359001  0.0297085
7909 0.252259 0.420252  0.32749
3710 0.35618 0.374214  0.269606
3607 0.535846 0.237673  0.22648
1524 0.232164 0.322692  0.445144
214 0.155201 0.645035  0.199765
5954 0.3906 0.327925  0.281475
3558 0.310128 0.640541  0.0493313
5448 0.40015 0.464713  0.135137
661 0.033564 0.400537  0.565899
8522 0.658033 0.094576  0.247391
6309 0.454694 0.0218555  0.523451
6345 0.401407 0.39634  0.202253
3064 0.0125856 0.140327  0.847088
3582 0.074117 0.475219  0.450664
6516 0.615263 0.314075  0.0706622
3070 0.421841 0.157424  0.420736
7303 0.315415 0.344319  0.340266
978 0.329637 0.564165  0.106199
4963 0.245739 0.497016  0.257245
2936 0.158832 0.486319  0.354849
1292 0.346721 0.471471  0.181808
2100 0.432135 0.476446  0.0914187
1533 0.21187 0.279573  0.508557
4702 0.169523 0.62354  0.206936
4056 0.423008 0.390441  0.186551
6209 0.544731 0.386341  0.0689284
8086 0.172829 0.416927  0.410244
477 0.577833 0.383493  0.0386734
8308 0.141325 0.40385  0.454825
7726 0.329006 0.324088  0.346906
4943 0.261263 0.622592  0.116145
7989 0.3208 0.0563228  0.622877
3598 0.579147 0.0242041  0.396649
4647 0.156623 0.435508  0.407869
813 0.77555 0.188419  0.0360313
6537 0.225552 0.135145  0.639303
8285 0.0819823 0.724259  0.193759
3577 0.426016 0.142594  0.43139
593 0.234051 0.202623  0.563326
6139 0.499393 0.188935  0.311672
7669 0.532225 0.121841  0.345934
6092 0.541147 0.135736  0.323116
6916 0.513525 0.0837732  0.402702
6590 0.28161 0.40222  0.31617
1126 0.778739 0.079579  0.141682
5087 0.083217 0.228459  0.688324
3553 0.209315 0.58061  0.210075
268 0.00929364 0.535634  0.455073
7573 0.163942 0.115323  0.720735
6480 0.364286 0.303814  0.3319
6331 0.673732 0.151674  0.174594
158 0.320055 0.443998  0.235947
7393 0.348343 0.443108  0.208549
3059 0.390923 0.386505  0.222572
4584 0.0620315 0.558336  0.379633
3104 0.560238 0.150272  0.28949
1334 0.664204 0.202894  0.132902
804 0.0812648 0.783389  0.135347
456 0.496656 0.186593  0.31675
6155 0.137607 0.374103  0.48829
4616 0.44697 0.218458  0.334572
5735 0.402383 0.408667  0.18895
243 0.342849 0.470082  0.187069
4084 0.289939 0.685455  0.0246064
2476 0.507617 0.382662  0.109721
4281 0.364426 0.311448  0.324126
1537 0.245483 0.586313  0.168204
8282 0.638042 0.28863  0.0733276
4639 0.428166 0.272561  0.299273
4994 0.307267 0.0240718  0.668662
6740 0.155685 0.5472  0.297115
4717 0.382105 0.382491  0.235404
1676 0.248874 0.157885  0.593241
1625 0.164948 0.800245  0.0348072
1797 0.134641 0.573317  0.292042
4380 0.647389 0.321737  0.0308745
4442 0.525724 0.1335  0.340776
5565 0.317492 0.221167  0.461341
1594 0.0975466 0.539569  0.362884
6002 0.104056 0.625097  0.270848
8356 0.415023 0.338437  0.24654
1018 0.212073 0.383337  0.40459
2453 0.61451 0.139376  0.246114
1734 0.0992552 0.264553  0.636192
5081 0.170595 0.525287  0.304118
4426 0.332432 0.328126  0.339442
2998 0.314688 0.250529  0.434784
1344 0.600112 0.316479  0.0834084
2866 0.0128769 0.501307  0.485816
8336 0.121985 0.103751  0.774263
1155 0.0483367 0.0778348  0.873828
5935 0.0768992 0.338171  0.58493
5713 0.225904 0.296473  0.477623
3291 0.320356 0.24602  0.433625
7306 0.335405 0.495371  0.169225
248 0.308512 0.310401  0.381087
762 0.353088 0.355331  0.29158
477 0.341638 0.125635  0.532727
7119 0.36004 0.390343  0.249617
195 0.234456 0.315833  0.449711
4889 0.833791 0.0657689  0.10044
4764 0.764477 0.224721  0.0108023
5069 0.439416 0.0929499  0.467634
4725 0.309329 0.212764  0.477907
4159 0.25255 0.355771  0.39168
1541 0.750805 0.0390259  0.210169
4427 0.294352 0.299507  0.406141
3243 0.382737 0.323463  0.2938
7523 0.165446 0.431548  0.403006
4569 0.234836 0.444796  0.320368
7365 0.391867 0.336234  0.271899
2788 0.393887 0.368232  0.237881
7703 0.338316 0.344423  0.317261
1746 0.445109 0.365008  0.189883
789 0.179092 0.243572  0.577336
4580 0.166192 0.374159  0.45965
2962 0.0735013 0.591325  0.335174
3579 0.561021 0.227432  0.211547
7760 0.252085 0.444502  0.303413
5741 0.074633 0.868163  0.0572039
4786 0.583023 0.35867  0.0583069
3587 0.339901 0.0244153  0.635684
794 0.0834096 0.331495  0.585096
5007 0.52892 0.36585  0.10523
811 0.434644 0.111681  0.453675
1614 0.0402506 0.396861  0.562889
6190 0.249772 0.359647  0.390581
8247 0.0621524 0.441807  0.49604
3082 0.0960782 0.529345  0.374577
4982 0.300734 0.689339  0.00992712
7204 0.272831 0.259094  0.468076
4965 0.273725 0.64215  0.0841258
4778 0.387115 0.434159  0.178727
2450 0.451282 0.484172  0.0645461
7568 0.11438 0.522658  0.362962
4966 0.0197848 0.676316  0.303899
6951 0.400756 0.405764  0.19348
3116 0.0695843 0.46549  0.464926
3142 0.514493 0.165734  0.319773
5028 0.163489 0.548346  0.288166
6647 0.392089 0.282881  0.32503
4482 0.423195 0.414287  0.162518
1761 0.67334 0.193891  0.13277
398 0.129118 0.497141  0.37374
8168 0.20333 0.496257  0.300413
6991 0.420382 0.38763  0.191988
4960 0.405291 0.108691  0.486018
1075 0.561008 0.23111  0.207883
3957 0.47825 0.215478  0.306272
3951 0.249819 0.112002  0.63818
4941 0.153728 0.609381  0.236891
594 0.163799 0.259816  0.576385
7464 0.272879 0.257096  0.470026
7392 0.0474802 0.368477  0.584042
3957 0.30039 0.341755  0.357856
7519 0.57765 0.180713  0.241637
3659 0.134968 0.749363  0.115669
5067 0.592388 0.023696  0.383916
7059 0.790646 0.165858  0.0434955
4795 0.472143 0.0944863  0.433371
1650 0.384566 0.346214  0.26922
6323 0.260445 0.3704  0.369156
4762 0.30678 0.206682  0.486538
1977 0.285951 0.485441  0.228608
7402 0.191447 0.189223  0.61933
1727 0.668121 0.0771957  0.254683
6192 0.2395 0.283866  0.476633
4135 0.407234 0.134977  0.457789
580 0.421799 0.3831  0.195101
4946 0.666698 0.216795  0.116508
1628 0.42795 0.489912  0.0821376
4627 0.311532 0.328717  0.359751
4590 0.077919 0.356465  0.565616
5099 0.337384 0.0344029  0.628213
4949 0.516165 0.111141  0.372693
4928 0.445754 0.377079  0.177166
6466 0.478842 0.334765  0.186393
6523 0.351215 0.24456  0.404224
4490 0.361786 0.170054  0.46816
5082 0.339643 0.0553628  0.604995
7699 0.369587 0.140925  0.489487
7491 0.262351 0.153041  0.584608
815 0.164205 0.409407  0.426388
5077 0.344472 0.464263  0.191265
898 0.068256 0.720681  0.211063
1516 0.370931 0.34145  0.287619
6177 0.391644 0.31787  0.290486
282 0.560564 0.230299  0.209137
4997 0.26769 0.245449  0.486861
811 0.508098 0.164777  0.327125
3631 0.0770593 0.523237  0.399704
5140 0.536264 0.164877  0.29886
7240 0.703836 0.205862  0.0903019
7511 0.556618 0.0419599  0.401423
4901 0.105624 0.510747  0.383629
6871 0.43823 0.175746  0.386024
6860 0.453937 0.140943  0.40512
4061 0.411271 0.251253  0.337476
5013 0.310833 0.445879  0.243287
6908 0.0185377 0.208557  0.772906
4592 0.424617 0.216746  0.358637
6092 0.414432 0.348985  0.236583
5535 0.122534 0.49151  0.385956
3675 0.294735 0.327311  0.377954
5741 0.0606387 0.168027  0.771334
7661 0.396711 0.248609  0.35468
1479 0.124807 0.262749  0.612444
244 0.403566 0.455388  0.141046
6835 0.331234 0.138272  0.530494
4571 0.139938 0.455854  0.404208
4707 0.26076 0.505255  0.233986
5176 0.267411 0.154946  0.577643
1472 0.294911 0.332574  0.372514
3768 0.0722802 0.615297  0.312423
7413 0.485079 0.210251  0.304669
6162 0.361634 0.136286  0.50208
7542 0.385194 0.0990564  0.51575
2872 0.329659 0.257553  0.412789
7198 0.0366865 0.141844  0.821469
8118 0.276186 0.384996  0.338818
4611 0.321438 0.401294  0.277268
7240 0.449182 0.466501  0.0843179
4938 0.46266 0.221705  0.315635
7334 0.298374 0.323615  0.378011
4704 0.175202 0.50381  0.320988
6679 0.0600713 0.689852  0.250077
4572 0.346635 0.297899  0.355466
3675 0.15502 0.529603  0.315377
1987 0.383329 0.370213  0.246458
6544 0.145729 0.584027  0.270244
5439 0.5047 0.427515  0.0677851
7129 0.225539 0.625013  0.149448
1786 0.0641339 0.407431  0.528435
1428 0.596117 0.236164  0.167719
803 0.321345 0.285341  0.393314
1499 0.41539 0.364329  0.220281
6481 0.410578 0.336062  0.253359
4549 0.093004 0.550045  0.356951
0 0.466333 0.352777  0.18089
5012 0.575881 0.168222  0.255897
4751 0.435015 0.142011  0.422974
733 0.318827 0.579963  0.10121
4781 0.539288 0.124478  0.336234
4508 0.366016 0.288996  0.344988
4461 0.805702 0.161894  0.0324031
7739 0.394066 0.402869  0.203065
4051 0.353469 0.552884  0.0936477
1745 0.422949 0.221146  0.355904
3666 0.247387 0.465352  0.287261
5958 0.589797 0.243383  0.16682
3486 0.123892 0.837456  0.0386516
1570 0.357501 0.351924  0.290575
7516 0.129532 0.406537  0.463932
5876 0.261486 0.120468  0.618047
3578 0.0917947 0.529244  0.378961
7515 0.0361789 0.517165  0.446656
8127 0.22293 0.372312  0.404759
1773 0.528972 0.243184  0.227845
4938 0.65999 0.303863  0.0361471
8299 0.0551855 0.537128  0.407687
6105 0.425591 0.312182  0.262227
1904 0.335173 0.268384  0.396443
7757 0.458959 0.18168  0.359361
2217 0.665653 0.200165  0.134183
4777 0.381339 0.310729  0.307931
6941 0.122818 0.552857  0.324325
7237 0.467256 0.348566  0.184178
5559 0.649952 0.112914  0.237134
6494 0.473344 0.447418  0.0792382
7412 0.383108 0.193447  0.423445
6920 0.51472 0.103451  0.381829
5090 0.574306 0.186268  0.239426
452 0.593087 0.113194  0.293719
6740 0.342893 0.311252  0.345855
8101 0.338477 0.201266  0.460257
2345 0.280119 0.350489  0.369391
7521 0.302927 0.559298  0.137775
4055 0.472297 0.302258  0.225445
4026 0.563231 0.104771  0.331998
7677 0.267869 0.672635  0.0594965
7709 0.49122 0.250942  0.257838
5943 0.385546 0.0960782  0.518375
4763 0.669594 0.188823  0.141583
1724 0.475272 0.0968151  0.427913
6704 0.33811 0.268476  0.393414
6769 0.573773 0.265343  0.160884
8187 0.34398 0.362345  0.293676
7485 0.0713247 0.614193  0.314482
7197 0.0761282 0.725203  0.198669
8041 0.0201627 0.358305  0.621532
7470 0.146488 0.614421  0.239091
4992 0.0988169 0.486949  0.414234
6034 0.367582 0.248875  0.383542
4436 0.229949 0.464276  0.305776
4785 0.181394 0.398098  0.420508
7464 0.4446 0.36139  0.19401
2834 0.0731792 0.310285  0.616536
6714 0.34148 0.25078  0.40774
4609 0.0865621 0.601532  0.311906
5075 0.230861 0.486032  0.283107
1061 0.452284 0.386058  0.161658
4552 0.288542 0.467271  0.244186
4459 0.189064 0.613375  0.19756
7762 0.057598 0.5806  0.361802
6972 0.061368 0.38573  0.552902
7459 0.144468 0.434262  0.42127
5976 0.140245 0.81572  0.0440345
4016 0.211246 0.38147  0.407283
2933 0.515665 0.0479356  0.4364
6692 0.246128 0.634329  0.119543
2333 0.230447 0.241766  0.527788
4777 0.661353 0.0704065  0.26824
751 0.283803 0.121282  0.594915
6502 0.265607 0.395583  0.33881
743 0.11198 0.0451754  0.842845
6863 0.485356 0.192352  0.322292
6873 0.539686 0.21702  0.243294
4799 0.249919 0.390717  0.359365
739 0.469615 0.143928  0.386457
4647 0.22655 0.533484  0.239966
4037 0.299757 0.362953  0.33729
4644 0.22072 0.302818  0.476462
5266 0.234457 0.287019  0.478524
4563 0.381904 0.406731  0.211366
7354 0.38242 0.294951  0.322629
4683 0.150255 0.634774  0.214971
1985 0.324935 0.285029  0.390036
4760 0.0748704 0.340058  0.585072
7146 0.408182 0.0735405  0.518277
536 0.441621 0.126173  0.432206
1506 0.525192 0.0522843  0.422523
2300 0.176566 0.454864  0.36857
5011 0.337033 0.23189  0.431077
6036 0.253535 0.555901  0.190564
1528 0.243957 0.267599  0.488443
1550 0.539783 0.363377  0.0968397
2053 0.724161 0.163781  0.112057
4303 0.386472 0.48443  0.129098
7258 0.504043 0.0847694  0.411187
4971 0.42126 0.355971  0.222769
6761 0.318349 0.279704  0.401947
1904 0.144969 0.26882  0.586211
246 0.174292 0.386406  0.439302
1746 0.254031 0.305782  0.440187
2327 0.459372 0.375268  0.16536
6005 0.241485 0.476309  0.282207
7453 0.526853 0.454765  0.018382
345 0.33882 0.283422  0.377758
2000 0.656337 0.203143  0.140519
1635 0.12819 0.570672  0.301139
3623 0.0345916 0.404525  0.560883
3656 0.382448 0.4137  0.203852
6660 0.371785 0.146605  0.48161
4935 0.483982 0.099089  0.416929
2949 0.384162 0.210449  0.405389
4033 0.113525 0.143627  0.742848
4745 0.610646 0.208537  0.180817
6023 0.374304 0.201384  0.424312
2670 0.0441614 0.478677  0.477161
5719 0.334459 0.295556  0.369984
5923 0.267471 0.0775664  0.654963
6776 0.303851 0.255244  0.440905
8362 0.271707 0.292057  0.436236
4174 0.537187 0.154823  0.30799
7064 0.682584 0.11011  0.207306
1809 0.0714087 0.305848  0.622743
584 0.464406 0.308778  0.226816
300 0.310122 0.277358  0.41252
101 0.377744 0.164865  0.457391
2590 0.131457 0.732478  0.136066
4786 0.354224 0.390366  0.255411
3591 0.470029 0.219538  0.310433
5210 0.33162 0.309298  0.359082
7384 0.0911947 0.81239  0.096415
1264 0.0886208 0.470097  0.441282
6153 0.439229 0.202868  0.357903
4452 0.142835 0.49375  0.363415
202 0.544979 0.0611441  0.393877
5857 0.499008 0.281137  0.219855
847 0.215334 0.386234  0.398432
7459 0.400651 0.0178431  0.581506
7318 0.365784 0.598965  0.035251
1723 0.706921 0.0889281  0.20415
3013 0.305467 0.526694  0.167839
978 0.206223 0.424791  0.368986
4638 0.101883 0.382938  0.515179
1602 0.358017 0.177692  0.464291
807 0.401327 0.314173  0.2845
6478 0.50803 0.147366  0.344604
4426 0.535814 0.371006  0.0931804
1418 0.180923 0.404297  0.41478
3873 0.0883777 0.42438  0.487242
4783 0.450439 0.0956781  0.453882
1212 0.165042 0.444008  0.39095
7979 0.488212 0.430518  0.0812698
7424 0.664619 0.301845  0.0335351
421 0.147118 0.48412  0.368761
4532 0.341862 0.355621  0.302518
7736 0.267883 0.288462  0.443656
4862 0.154281 0.470642  0.375078
3650 0.305538 0.493747  0.200715
4128 0.385755 0.403504  0.210741
7470 0.0468594 0.437712  0.515428
947 0.736155 0.173845  0.0899996
1464 0.130368 0.335135  0.534497
4040 0.338436 0.419104  0.242459
1115 0.0739973 0.707521  0.218481
4978 0.812886 0.0903926  0.0967209
388 0.519316 0.459431  0.0212535
2773 0.464603 0.234291  0.301106
721 0.393517 0.226988  0.379495
8403 0.274297 0.177724  0.54798
4449 0.40778 0.253808  0.338412
6852 0.48258 0.442226  0.0751937
6766 0.299151 0.331555  0.369293
4961 0.0957224 0.723216  0.181061
8111 0.0471122 0.537625  0.415263
2110 0.143616 0.55308  0.303305
4316 0.440592 0.349894  0.209515
4129 0.47686 0.495523  0.0276167
6144 0.364861 0.408162  0.226978
7312 0.246618 0.329462  0.42392
4524 0.0268867 0.45739  0.515724
7723 0.476045 0.321146  0.202809
7490 0.347715 0.0554645  0.596821
1397 0.419958 0.368258  0.211784
5968 0.316015 0.465888  0.218098
4730 0.0360995 0.363986  0.599915
3819 0.389215 0.308057  0.302728
4751 0.0259607 0.572831  0.401209
118 0.3598 0.303474  0.336726
3606 0.262643 0.558945  0.178413
140 0.360147 0.57053  0.0693229
1912 0.241701 0.307195  0.451104
3619 0.292601 0.307478  0.399921
5988 0.466402 0.392363  0.141234
3748 0.0755384 0.419609  0.504852
8281 0.249054 0.0423285  0.708618
4714 0.48408 0.137031  0.378889
7083 0.618441 0.270375  0.111183
7074 0.0995068 0.22503  0.675463
942 0.501605 0.225888  0.272507
2430 0.278152 0.431413  0.290435
1494 0.246747 0.553124  0.200129
6303 0.301616 0.240733  0.457651
7541 0.346762 0.210641  0.442597
4439 0.190138 0.380532  0.42933
3211 0.0250692 0.638911  0.336019
4980 0.43312 0.30958  0.2573
8096 0.448599 0.508974  0.0424263
4644 0.110054 0.472186  0.41776
4907 0.28585 0.24699  0.46716
7396 0.361449 0.205007  0.433544
6699 0.519893 0.150749  0.329358
4789 0.530319 0.455743  0.0139382
7342 0.37606 0.449948  0.173992
6346 0.391573 0.150062  0.458365
5027 0.532611 0.343557  0.123831
1644 0.476744 0.130449  0.392807
7598 0.514966 0.265579  0.219455
