4569 0.148089 0.295413  0.556498
3450 0.388704 0.326851  0.284445
1754 0.123183 0.693947  0.182869
1800 0.108657 0.544899  0.346444
4715 0.318813 0.385595  0.295592
4117 0.0574431 0.712387  0.230169
4749 0.322623 0.433696  0.243681
3310 0.118848 0.541089  0.340063
4621 0.345949 0.152801  0.50125
1968 0.303471 0.301366  0.395163
217 0.0770189 0.528406  0.394575
1750 0.150054 0.484395  0.365551
3593 0.349715 0.0332872  0.616997
2151 0.602503 0.151881  0.245616
112 0.597461 0.378278  0.0242615
306 0.553225 0.0798762  0.366899
1543 0.197676 0.291995  0.510329
869 0.311196 0.291286  0.397518
3181 0.289975 0.283962  0.426063
498 0.455588 0.50154  0.042872
2756 0.31045 0.59295  0.0965998
2415 0.404018 0.554914  0.0410686
849 0.327805 0.466724  0.205471
1833 0.30956 0.409469  0.280972
2787 0.386375 0.152518  0.461108
2232 0.623316 0.306436  0.0702479
2479 0.119655 0.135893  0.744453
1855 0.207184 0.313212  0.479604
1309 0.319382 0.465816  0.214802
4682 0.771533 0.159197  0.0692693
2490 0.32362 0.484934  0.191445
411 0.366177 0.104835  0.528988
2148 0.24469 0.121345  0.633965
665 0.386532 0.253232  0.360236
4882 0.374388 0.0951837  0.530428
3522 0.46265 0.0248244  0.512526
3714 0.397837 0.286406  0.315757
3613 0.358806 0.494126  0.147068
2928 0.227124 0.437407  0.335469
3105 0.154491 0.466219  0.379291
4953 0.0842117 0.360553  0.555236
607 0.287508 0.305344  0.407148
3108 0.379191 0.483148  0.137661
2070 0.893216 0.0338525  0.0729312
2244 0.0520854 0.171266  0.776649
3700 0.342521 0.356013  0.301465
2837 0.426966 0.501215  0.0718186
2388 0.212457 0.405897  0.381646
3548 0.304164 0.503675  0.192161
2158 0.160862 0.413407  0.42573
940 0.290905 0.418714  0.290381
2429 0.468476 0.290934  0.24059
183 0.311015 0.246192  0.442793
2814 0.4331 0.51923  0.0476702
2844 0.323991 0.186624  0.489385
162 0.359208 0.338778  0.302014
3618 0.181116 0.173802  0.645082
4504 0.484881 0.116162  0.398956
3025 0.270082 0.364535  0.365383
508 0.40046 0.497793  0.101747
3702 0.373328 0.619454  0.00721875
1836 0.0772988 0.394855  0.527846
4049 0.334294 0.340283  0.325423
40 0.780554 0.0660093  0.153437
1504 0.0640923 0.369299  0.566608
4941 0.372618 0.279638  0.347744
2399 0.182873 0.762749  0.0543781
1296 0.380254 0.413323  0.206423
3345 0.272253 0.569631  0.158116
1729 0.352622 0.278509  0.368869
505 0.0903341 0.48824  0.421426
1267 0.434676 0.366233  0.199091
1896 0.192494 0.47588  0.331626
3460 0.306656 0.55227  0.141074
2088 0.724296 0.252202  0.0235024
4198 0.277677 0.164757  0.557566
4405 0.220334 0.364422  0.415244
3250 0.32045 0.258632  0.420918
4057 0.490161 0.459367  0.0504714
1782 0.159373 0.377972  0.462655
793 0.732416 0.057902  0.209682
3133 0.441619 0.0786326  0.479748
929 0.0892823 0.524661  0.386056
4942 0.352232 0.336937  0.310831
3414 0.406138 0.0596641  0.534198
2946 0.147395 0.484707  0.367897
2403 0.438097 0.036706  0.525197
3204 0.547465 0.216632  0.235903
216 0.569881 0.191024  0.239095
2843 0.310562 0.27897  0.410468
2415 0.0331649 0.537778  0.429057
3618 0.405293 0.37273  0.221977
814 0.171607 0.33556  0.492832
2649 0.595672 0.134373  0.269955
3913 0.066122 0.898877  0.0350007
4339 0.32146 0.179591  0.498949
1965 0.623781 0.202663  0.173556
3919 0.280022 0.298635  0.421343
2958 0.170987 0.585226  0.243788
4247 0.0133478 0.421132  0.56552
2028 0.409002 0.174934  0.416064
4582 0.325672 0.623039  0.0512884
540 0.359233 0.154253  0.486514
2065 0.778556 0.0245864  0.196858
3536 0.314444 0.389271  0.296286
4741 0.288583 0.382819  0.328598
3369 0.212997 0.642658  0.144345
2487 0.245564 0.224917  0.529518
4057 0.244601 0.65834  0.0970593
913 0.655004 0.108039  0.236957
3209 0.33763 0.344088  0.318282
4655 0.621993 0.103372  0.274634
3622 0.365551 0.321352  0.313096
4631 0.190057 0.412158  0.397785
4602 0.560702 0.271086  0.168211
1988 0.472002 0.377067  0.150932
4923 0.0340394 0.488142  0.477819
2301 0.425578 0.23475  0.339673
3816 0.478637 0.21725  0.304112
4420 0.172587 0.639916  0.187496
4113 0.542709 0.336309  0.120982
4857 0.127593 0.457233  0.415175
2415 0.390465 0.387517  0.222018
395 0.172522 0.135526  0.691952
4397 0.335594 0.160435  0.503971
2186 0.309858 0.435891  0.25425
1528 0.409614 0.157273  0.433113
1339 0.334202 0.278072  0.387726
2044 0.265157 0.456431  0.278412
4605 0.40811 0.255495  0.336396
4301 0.12416 0.438308  0.437532
4806 0.24492 0.4116  0.34348
1786 0.560333 0.298779  0.140887
514 0.295626 0.299146  0.405228
4406 0.232507 0.0354358  0.732057
384 0.107614 0.458756  0.43363
2220 0.672346 0.138113  0.189542
4396 0.243159 0.541085  0.215757
2770 0.452099 0.248968  0.298934
301 0.29815 0.175312  0.526538
680 0.176256 0.25893  0.564814
1686 0.223671 0.440132  0.336197
1011 0.289248 0.282081  0.428671
2573 0.363478 0.275965  0.360557
954 0.697076 0.1973  0.105624
3482 0.478137 0.101679  0.420184
4558 0.241994 0.349158  0.408848
3199 0.11937 0.581414  0.299216
866 0.44647 0.161987  0.391542
2653 0.409226 0.322022  0.268752
1827 0.37526 0.294768  0.329972
1876 0.388379 0.15962  0.452001
590 0.254233 0.43178  0.313987
4798 0.290882 0.488951  0.220166
1495 0.369021 0.396737  0.234242
3046 0.251582 0.354069  0.394349
1674 0.23903 0.565745  0.195225
473 0.394154 0.323545  0.282301
447 0.341992 0.283996  0.374012
1751 0.231944 0.314019  0.454037
3518 0.537334 0.25276  0.209905
630 0.484722 0.1741  0.341178
2185 0.394368 0.171303  0.434328
4529 0.360611 0.157683  0.481706
2012 0.265453 0.431209  0.303337
149 0.392566 0.238487  0.368948
1309 0.728037 0.19382  0.0781428
3363 0.0695098 0.468969  0.461521
3130 0.496021 0.344858  0.159121
3260 0.444565 0.284666  0.270768
4644 0.348942 0.352683  0.298374
2492 0.119543 0.388418  0.492039
3495 0.489657 0.34012  0.170223
1111 0.469478 0.127928  0.402594
4803 0.44219 0.0657276  0.492082
2436 0.179135 0.422444  0.398421
4493 0.453118 0.476851  0.0700309
2280 0.538067 0.190253  0.27168
2793 0.614082 0.301401  0.0845169
1104 0.198171 0.70651  0.095319
3793 0.249555 0.416535  0.33391
4466 0.137923 0.346097  0.51598
584 0.139127 0.333153  0.527721
3213 0.335053 0.348624  0.316323
2038 0.118902 0.434369  0.446729
3561 0.260673 0.506694  0.232632
3693 0.473058 0.0707424  0.4562
2867 0.687703 0.112847  0.19945
3545 0.177838 0.470004  0.352158
4294 0.40738 0.101929  0.490691
2458 0.552707 0.0320096  0.415283
876 0.460277 0.110761  0.428962
174 0.204544 0.174078  0.621378
2478 0.287103 0.330784  0.382113
3327 0.34052 0.559767  0.0997133
939 0.588101 0.369813  0.0420862
3509 0.12425 0.697378  0.178372
4122 0.328693 0.305632  0.365675
1503 0.0700138 0.66803  0.261957
1349 0.0118015 0.811441  0.176757
3324 0.470381 0.0249826  0.504637
4779 0.730433 0.0954101  0.174157
1633 0.311277 0.267047  0.421676
1059 0.390765 0.138319  0.470915
214 0.527538 0.27765  0.194813
2484 0.472487 0.443634  0.0838789
1827 0.308199 0.320899  0.370902
4127 0.497305 0.273942  0.228752
2751 0.253166 0.467338  0.279496
2428 0.258627 0.158773  0.5826
4458 0.223966 0.332953  0.443081
2392 0.376916 0.329354  0.29373
2295 0.253502 0.460376  0.286122
3822 0.0443336 0.417825  0.537841
2955 0.152075 0.353766  0.494159
3220 0.368123 0.271033  0.360844
2228 0.429219 0.358497  0.212284
283 0.364263 0.381011  0.254725
2740 0.28385 0.592515  0.123635
1791 0.414488 0.207065  0.378447
4254 0.339195 0.332491  0.328314
3632 0.206566 0.334165  0.459269
960 0.217373 0.421697  0.36093
4837 0.313795 0.237786  0.448419
2137 0.409574 0.114374  0.476052
4619 0.294971 0.369771  0.335258
284 0.37778 0.285642  0.336578
3607 0.0811406 0.488834  0.430025
2326 0.415441 0.21133  0.37323
3958 0.181126 0.415418  0.403456
867 0.0778201 0.57208  0.3501
4757 0.189475 0.478477  0.332048
562 0.165052 0.11855  0.716398
2393 0.295843 0.315795  0.388362
1828 0.313084 0.313922  0.372994
2082 0.273752 0.440687  0.285561
1362 0.34373 0.302658  0.353612
2578 0.594724 0.0930168  0.31226
2692 0.173498 0.804384  0.0221178
1889 0.00932878 0.44839  0.542281
4067 0.271443 0.365938  0.362619
4591 0.133058 0.177329  0.689613
3039 0.36763 0.373533  0.258837
3875 0.168292 0.112865  0.718844
4554 0.372613 0.44601  0.181377
2877 0.423999 0.353664  0.222337
3765 0.202462 0.347012  0.450525
4534 0.149827 0.44338  0.406793
192 0.0266306 0.373091  0.600278
4498 0.393302 0.517006  0.0896916
460 0.232022 0.0542006  0.713777
3861 0.514209 0.0876528  0.398139
252 0.583319 0.0762374  0.340444
2536 0.162976 0.25927  0.577753
323 0.328297 0.32519  0.346513
2177 0.401727 0.511869  0.0864038
4013 0.229268 0.138156  0.632575
2355 0.0901497 0.0923483  0.817502
162 0.361958 0.241226  0.396815
859 0.0839265 0.208455  0.707618
3732 0.600423 0.389295  0.010282
3330 0.114862 0.22749  0.657649
4531 0.0353231 0.312153  0.652524
595 0.424795 0.434314  0.140891
2485 0.280604 0.346825  0.37257
4229 0.397708 0.465957  0.136335
4232 0.294711 0.398121  0.307168
1601 0.624468 0.12041  0.255123
3596 0.407903 0.296221  0.295876
3467 0.247064 0.332945  0.419991
1136 0.397866 0.369783  0.232351
4550 0.490184 0.285675  0.224142
2098 0.191106 0.353658  0.455236
900 0.122183 0.209761  0.668055
2584 0.165514 0.455851  0.378635
4305 0.603053 0.167403  0.229544
2884 0.127482 0.381732  0.490787
2062 0.346611 0.131218  0.522171
4228 0.125576 0.396692  0.477732
4672 0.195644 0.331148  0.473207
4167 0.503376 0.410298  0.0863262
2003 0.226307 0.445995  0.327697
1479 0.344989 0.244542  0.410469
1564 0.41979 0.553817  0.0263927
3431 0.0229037 0.237838  0.739258
1254 0.604291 0.127379  0.268329
4492 0.280311 0.42602  0.293669
4379 0.534913 0.145989  0.319098
4663 0.495831 0.281757  0.222412
1796 0.28064 0.348538  0.370822
3234 0.421322 0.259804  0.318873
1124 0.144282 0.346203  0.509515
1044 0.218742 0.173292  0.607966
4468 0.60355 0.0549172  0.341533
978 0.17477 0.478326  0.346905
3121 0.252458 0.460822  0.28672
37 0.376565 0.418545  0.20489
1297 0.441922 0.496499  0.0615787
2450 0.251879 0.0415065  0.706615
2440 0.251901 0.597313  0.150785
3957 0.296759 0.551221  0.152021
3665 0.45947 0.213657  0.326873
2643 0.41001 0.500316  0.0896742
3722 0.320947 0.31437  0.364683
3022 0.675177 0.219638  0.105186
109 0.116551 0.665552  0.217897
2888 0.379655 0.228257  0.392088
961 0.579433 0.12868  0.291887
1356 0.128759 0.545087  0.326154
1296 0.154196 0.337948  0.507856
915 0.0450669 0.531769  0.423164
1925 0.373989 0.500956  0.125055
514 0.371071 0.23836  0.390569
880 0.180345 0.507896  0.31176
1276 0.620905 0.127201  0.251894
2106 0.437657 0.204453  0.35789
491 0.385153 0.295162  0.319686
2165 0.234891 0.545481  0.219628
1282 0.0977128 0.413977  0.48831
3783 0.116314 0.357608  0.526078
747 0.335912 0.354614  0.309474
2655 0.343864 0.379817  0.276319
1834 0.380357 0.309006  0.310637
4133 0.471694 0.507317  0.020989
4596 0.199838 0.316044  0.484118
306 0.242968 0.454497  0.302534
387 0.207461 0.383143  0.409396
770 0.367636 0.304035  0.328329
1943 0.501544 0.476596  0.0218598
2313 0.625255 0.3297  0.0450454
2665 0.791067 0.106531  0.102402
482 0.0309196 0.305438  0.663642
3888 0.530459 0.0918069  0.377735
4774 0.0219779 0.519906  0.458116
2967 0.518604 0.24459  0.236806
3446 0.281022 0.271553  0.447425
587 0.0318478 0.591465  0.376688
358 0.786059 0.109575  0.104365
2687 0.0990456 0.528902  0.372053
296 0.467402 0.242765  0.289833
1026 0.358987 0.346773  0.29424
1220 0.54602 0.299199  0.154781
3965 0.528726 0.339506  0.131768
1467 0.118829 0.488908  0.392264
2193 0.230468 0.299952  0.46958
3872 0.488156 0.453155  0.0586891
607 0.249349 0.509761  0.24089
4006 0.264453 0.40247  0.333078
2134 0.182105 0.533755  0.28414
1360 0.187462 0.0228848  0.789653
541 0.342204 0.173417  0.48438
3513 0.0572551 0.442604  0.500141
99 0.41479 0.371805  0.213406
3973 0.777063 0.158824  0.0641132
4520 0.671776 0.220063  0.108161
2823 0.325488 0.282694  0.391818
863 0.757501 0.122064  0.120435
4670 0.47277 0.407883  0.119347
4101 0.0731009 0.632035  0.294864
2882 0.338594 0.56764  0.0937662
2970 0.188328 0.399263  0.412409
1251 0.0601267 0.851066  0.0888076
3494 0.706768 0.236385  0.0568473
1056 0.813671 0.0338518  0.152477
2731 0.515603 0.0987642  0.385633
3012 0.068259 0.177168  0.754573
2487 0.315578 0.359171  0.325251
2761 0.348007 0.223268  0.428725
4608 0.325119 0.420664  0.254217
4538 0.256994 0.546417  0.196588
3871 0.62261 0.0329954  0.344395
115 0.506515 0.438338  0.0551468
3361 0.212363 0.269971  0.517666
4622 0.309684 0.248374  0.441943
1916 0.363708 0.277626  0.358666
2773 0.51634 0.413416  0.0702443
3187 0.628376 0.0438452  0.327779
3915 0.1171 0.460825  0.422074
4393 0.160104 0.772183  0.067713
3626 0.255443 0.487142  0.257415
1307 0.377299 0.174116  0.448585
24 0.251679 0.381702  0.366619
3980 0.513945 0.31448  0.171576
4640 0.09682 0.423278  0.479902
1670 0.298817 0.332788  0.368394
890 0.07749 0.428712  0.493798
253 0.115573 0.610673  0.273754
3714 0.161518 0.362792  0.47569
586 0.211701 0.462849  0.32545
4898 0.324873 0.342071  0.333055
3628 0.50743 0.089712  0.402859
245 0.234382 0.588674  0.176944
3477 0.638584 0.337482  0.0239338
3221 0.47019 0.261843  0.267967
4436 0.233556 0.402104  0.36434
377 0.458937 0.302402  0.238661
1874 0.401123 0.253162  0.345715
4700 0.145973 0.485265  0.368762
4909 0.283729 0.356869  0.359402
1650 0.520027 0.0516786  0.428294
156 0.583049 0.37336  0.0435905
2695 0.15403 0.602064  0.243905
357 0.390156 0.469986  0.139857
692 0.50908 0.227369  0.263551
3629 0.522509 0.155528  0.321963
3486 0.210282 0.314508  0.475211
4614 0.382991 0.219198  0.397812
58 0.544843 0.165358  0.2898
2269 0.0400244 0.658436  0.30154
1054 0.0495293 0.228251  0.72222
497 0.529417 0.161279  0.309303
1017 0.455698 0.133354  0.410948
2626 0.209906 0.0638344  0.726259
943 0.157157 0.393272  0.449571
3564 0.286742 0.409326  0.303933
3093 0.501426 0.0732055  0.425369
3470 0.246195 0.431582  0.322222
534 0.289907 0.0733103  0.636783
1420 0.30285 0.31716  0.37999
4529 0.688557 0.0201127  0.29133
3709 0.26912 0.510716  0.220164
2290 0.247645 0.331311  0.421045
3836 0.341954 0.317782  0.340264
2449 0.754173 0.0228685  0.222959
2882 0.178074 0.439293  0.382633
892 0.428881 0.393172  0.177947
239 0.116004 0.39211  0.491886
1861 0.429723 0.207787  0.36249
3769 0.656652 0.126087  0.217261
4206 0.386174 0.516839  0.0969872
1437 0.605823 0.110777  0.2834
2598 0.22848 0.33961  0.43191
766 0.311879 0.348583  0.339538
2141 0.113204 0.344949  0.541848
1977 0.39169 0.282745  0.325565
996 0.485693 0.215556  0.298751
716 0.435389 0.178943  0.385667
3915 0.444512 0.3787  0.176788
3546 0.282773 0.232008  0.48522
4476 0.406265 0.443547  0.150187
1870 0.59835 0.314417  0.0872328
3702 0.484292 0.300752  0.214956
3496 0.525148 0.403091  0.0717609
2098 0.149578 0.277045  0.573377
1002 0.219452 0.217134  0.563414
4535 0.0459266 0.328268  0.625805
194 0.367402 0.594926  0.0376725
4371 0.589631 0.214768  0.195601
2164 0.127964 0.43309  0.438946
3917 0.338375 0.016044  0.645581
3463 0.452596 0.0622798  0.485124
106 0.502726 0.145483  0.351791
2542 0.316228 0.468514  0.215258
3864 0.443943 0.107673  0.448384
2525 0.84551 0.0788011  0.0756889
3494 0.219146 0.389568  0.391285
3728 0.596428 0.308195  0.0953771
1204 0.109261 0.425274  0.465465
4007 0.57401 0.305844  0.120145
2495 0.450849 0.33872  0.21043
697 0.469445 0.12916  0.401395
3948 0.121495 0.818161  0.0603447
3981 0.26763 0.375024  0.357347
1962 0.548767 0.417184  0.034049
3148 0.194958 0.495593  0.309449
86 0.17574 0.532999  0.291261
3207 0.707084 0.259464  0.0334516
426 0.26556 0.693112  0.0413274
414 0.0447365 0.218585  0.736679
4136 0.304745 0.280295  0.41496
3845 0.324098 0.45902  0.216882
4837 0.43137 0.525965  0.0426649
1912 0.384577 0.489298  0.126126
4774 0.444659 0.419447  0.135894
3773 0.302157 0.385297  0.312546
4184 0.152672 0.264867  0.582462
845 0.555474 0.0558905  0.388635
944 0.376653 0.318149  0.305198
3368 0.238839 0.296925  0.464236
2053 0.653381 0.0941264  0.252493
1631 0.0410105 0.704573  0.254417
2138 0.456027 0.0208709  0.523103
3555 0.769987 0.186178  0.0438349
3486 0.111936 0.127484  0.76058
1013 0.446021 0.0352944  0.518685
3973 0.497551 0.136121  0.366328
4093 0.257744 0.444841  0.297415
3614 0.352014 0.157305  0.49068
627 0.362816 0.466028  0.171156
1329 0.288973 0.147945  0.563082
1964 0.289264 0.576899  0.133837
4530 0.351757 0.418894  0.229349
3722 0.344242 0.405768  0.249991
1480 0.524636 0.12175  0.353614
39 0.522116 0.386528  0.0913555
1210 0.0464743 0.330349  0.623176
510 0.351825 0.585524  0.0626512
4501 0.0468696 0.429426  0.523704
2351 0.260927 0.289177  0.449896
4932 0.111078 0.32205  0.566872
4423 0.399403 0.160786  0.439811
247 0.724189 0.141413  0.134398
4736 0.404328 0.42726  0.168412
4436 0.0884161 0.632637  0.278947
3838 0.423206 0.361639  0.215156
3863 0.370539 0.268476  0.360985
1590 0.0507792 0.630293  0.318928
3564 0.144678 0.251863  0.603459
4456 0.504662 0.274037  0.221302
541 0.238355 0.333932  0.427713
4078 0.586962 0.115642  0.297396
2444 0.41456 0.299041  0.286399
1920 0.183518 0.372317  0.444165
2751 0.218858 0.640574  0.140568
4488 0.16235 0.364098  0.473552
2516 0.0623556 0.557242  0.380402
3608 0.0521313 0.471654  0.476214
622 0.493273 0.287198  0.219529
3658 0.505227 0.325575  0.169198
673 0.0789856 0.493077  0.427938
4092 0.477869 0.406974  0.115157
369 0.208225 0.392923  0.398853
1622 0.225545 0.188417  0.586038
1887 0.307718 0.107954  0.584328
1430 0.255729 0.316064  0.428207
688 0.18487 0.585548  0.229581
863 0.230902 0.296414  0.472685
3614 0.249045 0.496026  0.254929
2051 0.3824 0.518121  0.0994781
584 0.379343 0.228619  0.392037
276 0.422413 0.0770698  0.500517
3791 0.115652 0.467079  0.417269
4504 0.226164 0.549782  0.224054
2278 0.0164715 0.1541  0.829429
3256 0.379502 0.4224  0.198097
2294 0.35388 0.43453  0.211589
4397 0.351255 0.053551  0.595194
2485 0.2074 0.265043  0.527557
522 0.49302 0.131692  0.375287
418 0.427625 0.446447  0.125928
1684 0.209888 0.33451  0.455603
1137 0.359331 0.514319  0.12635
4869 0.190842 0.29857  0.510588
2094 0.458971 0.319626  0.221403
3212 0.559145 0.396926  0.0439286
1184 0.443007 0.197284  0.359708
3920 0.381252 0.0691097  0.549639
1708 0.358034 0.586437  0.0555291
3877 0.242644 0.45776  0.299596
1646 0.569373 0.410816  0.0198107
354 0.486508 0.486016  0.0274766
1570 0.483746 0.347228  0.169026
4507 0.220796 0.116336  0.662868
780 0.10242 0.57503  0.32255
1260 0.381511 0.161794  0.456695
740 0.481781 0.268534  0.249685
4014 0.486032 0.137484  0.376484
3578 0.537927 0.345731  0.116342
582 0.430768 0.264866  0.304367
420 0.258477 0.37923  0.362293
1207 0.221904 0.243134  0.534962
1995 0.299817 0.123709  0.576474
4451 0.339289 0.353485  0.307226
400 0.679035 0.097474  0.223491
1149 0.294058 0.0766172  0.629325
997 0.30613 0.287753  0.406117
2012 0.435599 0.101296  0.463105
4355 0.292034 0.498822  0.209145
4812 0.255142 0.36953  0.375328
1629 0.58156 0.138256  0.280184
1968 0.348802 0.129627  0.521571
1666 0.661605 0.162091  0.176304
2874 0.461296 0.311456  0.227248
3954 0.159771 0.0168907  0.823338
2903 0.467298 0.227184  0.305518
3679 0.431471 0.414529  0.154
4551 0.586021 0.340569  0.0734094
2434 0.0712273 0.184559  0.744214
2537 0.224635 0.489772  0.285593
2932 0.412343 0.0491443  0.538513
3829 0.155297 0.361287  0.483416
1082 0.398275 0.327181  0.274544
1992 0.040771 0.419463  0.539766
3307 0.384719 0.00899678  0.606285
961 0.459446 0.0665509  0.474003
4553 0.106208 0.850057  0.0437348
3590 0.117403 0.868895  0.0137025
2238 0.069539 0.406065  0.524396
2387 0.526554 0.347985  0.125461
1000 0.654775 0.33391  0.0113151
258 0.118101 0.403418  0.478481
2455 0.297972 0.309561  0.392467
1 0.314564 0.349383  0.336053
2433 0.078306 0.5858  0.335894
2860 0.293895 0.248169  0.457936
4297 0.417263 0.447329  0.135408
2406 0.367286 0.400935  0.231779
4476 0.185565 0.488409  0.326026
4387 0.203053 0.486937  0.31001
659 0.453063 0.244819  0.302118
4353 0.299669 0.198067  0.502264
2377 0.241588 0.485877  0.272534
3414 0.490399 0.260616  0.248984
1300 0.376008 0.356254  0.267738
3617 0.0727453 0.600023  0.327232
230 0.324516 0.381704  0.29378
3748 0.202155 0.547895  0.24995
2695 0.15027 0.204194  0.645536
3424 0.304523 0.415228  0.280249
1996 0.119891 0.542783  0.337326
3643 0.600409 0.0986025  0.300988
2326 0.455753 0.0746774  0.469569
2527 0.355764 0.231629  0.412607
1160 0.208797 0.214496  0.576707
3421 0.433182 0.127632  0.439186
4726 0.0569474 0.781834  0.161219
28 0.194636 0.243951  0.561413
42 0.36266 0.343855  0.293485
4532 0.30888 0.217473  0.473647
2812 0.342868 0.308804  0.348328
1441 0.0307996 0.446325  0.522875
4699 0.0676013 0.369435  0.562964
1671 0.125185 0.578689  0.296126
1297 0.420534 0.461819  0.117648
2974 0.178046 0.399186  0.422768
2217 0.347642 0.335115  0.317243
2359 0.0402095 0.748732  0.211059
2489 0.126175 0.341247  0.532578
3060 0.160158 0.730867  0.108975
4140 0.281379 0.462382  0.256239
3197 0.597833 0.205796  0.19637
792 0.132977 0.449489  0.417534
4303 0.400846 0.497736  0.101418
2817 0.932331 0.044119  0.0235495
2820 0.275107 0.445935  0.278959
2459 0.291598 0.020363  0.688039
3409 0.404584 0.278803  0.316613
2463 0.394417 0.359821  0.245763
1141 0.442173 0.382312  0.175515
3494 0.199112 0.419984  0.380904
3364 0.236345 0.462502  0.301154
2530 0.541139 0.273356  0.185505
1840 0.328438 0.338608  0.332954
1538 0.11567 0.387735  0.496596
141 0.0946667 0.361224  0.544109
2994 0.393155 0.310019  0.296827
689 0.217527 0.429441  0.353032
3413 0.31432 0.249376  0.436305
70 0.132956 0.346434  0.520609
2814 0.148129 0.562661  0.289211
2741 0.023847 0.733761  0.242392
1053 0.36607 0.298033  0.335898
4529 0.241611 0.250183  0.508206
3623 0.194283 0.435594  0.370124
984 0.169185 0.249351  0.581464
820 0.235695 0.64452  0.119784
585 0.124915 0.350051  0.525034
4234 0.261514 0.354964  0.383522
3545 0.434195 0.17546  0.390345
245 0.204613 0.0891858  0.706202
3417 0.173998 0.590992  0.23501
1419 0.21947 0.381321  0.39921
3718 0.541688 0.420136  0.038176
889 0.55554 0.417214  0.027246
2209 0.38636 0.226662  0.386979
3947 0.417096 0.52628  0.0566244
2284 0.207978 0.382199  0.409824
3567 0.278028 0.317186  0.404786
4125 0.314343 0.447424  0.238232
867 0.427499 0.198005  0.374495
192 0.368926 0.301933  0.329142
1038 0.59695 0.113755  0.289296
4026 0.216496 0.0787715  0.704733
372 0.17522 0.117714  0.707066
1771 0.298974 0.335949  0.365077
3967 0.422053 0.0410896  0.536858
1936 0.46994 0.168993  0.361066
3387 0.133808 0.735637  0.130555
41 0.248237 0.199164  0.552598
571 0.386373 0.389947  0.22368
4716 0.396701 0.0744243  0.528875
2249 0.491927 0.495987  0.0120856
2240 0.0713493 0.415444  0.513207
4311 0.525887 0.20481  0.269303
2501 0.10647 0.603086  0.290444
4527 0.380309 0.0671075  0.552583
3332 0.514427 0.377077  0.108496
3746 0.0465527 0.190113  0.763334
3863 0.37847 0.273835  0.347695
1100 0.533138 0.213463  0.253399
3899 0.300934 0.423015  0.276051
3389 0.858814 0.0498168  0.0913694
3156 0.178327 0.729804  0.0918691
3699 0.120704 0.653896  0.2254
3741 0.263126 0.249416  0.487458
4784 0.43954 0.288336  0.272124
35 0.11817 0.579193  0.302637
1818 0.561033 0.208828  0.230138
2135 0.0101074 0.622304  0.367589
4549 0.269991 0.43414  0.295869
4806 0.418904 0.26077  0.320327
4831 0.289526 0.333143  0.377332
1588 0.177576 0.574299  0.248125
2375 0.338503 0.346105  0.315392
4857 0.309085 0.64102  0.049895
1747 0.578918 0.146103  0.274979
2326 0.469349 0.187814  0.342837
1716 0.766405 0.040577  0.193018
1729 0.495632 0.323109  0.181259
1012 0.860547 0.10791  0.0315424
1622 0.347042 0.239896  0.413062
4107 0.0406326 0.056974  0.902393
2318 0.47675 0.0170171  0.506233
3362 0.298981 0.510278  0.190741
2787 0.352842 0.392025  0.255133
4654 0.206509 0.448682  0.344809
1812 0.576012 0.0413807  0.382607
4692 0.0693845 0.347589  0.583026
773 0.293613 0.0617943  0.644592
2769 0.402623 0.25623  0.341147
2625 0.0112458 0.419204  0.56955
545 0.395614 0.0213762  0.58301
2103 0.356522 0.582229  0.0612489
3879 0.798782 0.1423  0.0589183
250 0.385248 0.274698  0.340054
1439 0.47078 0.143222  0.385998
1811 0.481739 0.457921  0.0603404
839 0.0500473 0.274681  0.675272
4104 0.405541 0.454523  0.139936
2964 0.410226 0.178348  0.411426
4519 0.440479 0.460251  0.0992696
3951 0.209603 0.403797  0.3866
4616 0.35137 0.214503  0.434128
4499 0.237592 0.452732  0.309676
103 0.45872 0.103279  0.438002
2474 0.391951 0.469358  0.13869
3750 0.340122 0.638869  0.0210085
4033 0.0319431 0.905933  0.0621239
313 0.617162 0.367444  0.0153947
1040 0.446383 0.20439  0.349227
1333 0.378889 0.423264  0.197847
3367 0.548603 0.0604652  0.390932
3217 0.40857 0.320679  0.270751
4213 0.749046 0.0988443  0.152109
3877 0.579758 0.358526  0.061716
2626 0.786327 0.0598269  0.153846
2838 0.277707 0.424388  0.297905
664 0.321837 0.382875  0.295288
4036 0.432371 0.191273  0.376356
2492 0.450866 0.507944  0.04119
2220 0.281929 0.321882  0.396189
1984 0.204591 0.507482  0.287927
4689 0.32646 0.146802  0.526737
2701 0.367907 0.41581  0.216283
1662 0.463391 0.220395  0.316214
1966 0.0580048 0.459264  0.482731
78 0.348414 0.602676  0.0489106
3984 0.0891385 0.577207  0.333654
1175 0.802986 0.0437266  0.153287
2524 0.104547 0.356483  0.53897
3368 0.28665 0.123311  0.59004
1704 0.842622 0.0687093  0.0886683
2979 0.126114 0.361269  0.512617
4238 0.073211 0.298151  0.628638
2500 0.0480403 0.104749  0.847211
1794 0.756747 0.134456  0.108797
4230 0.434786 0.50671  0.0585031
1292 0.140511 0.672697  0.186792
719 0.282191 0.151345  0.566464
2878 0.121893 0.554806  0.323301
4510 0.77697 0.180574  0.0424555
4820 0.206862 0.444899  0.348239
4143 0.36566 0.214525  0.419815
2202 0.631304 0.139059  0.229636
4517 0.275826 0.390392  0.333782
4708 0.351916 0.517289  0.130795
3076 0.30304 0.541518  0.155442
4646 0.28582 0.399936  0.314244
3750 0.331021 0.479023  0.189955
3353 0.478452 0.416439  0.105108
8 0.0210154 0.327749  0.651235
3617 0.265511 0.32183  0.412659
1388 0.13074 0.40656  0.4627
3603 0.182009 0.210181  0.60781
268 0.458847 0.290045  0.251108
870 0.322162 0.346069  0.331768
4850 0.203114 0.227475  0.569411
1997 0.32407 0.335147  0.340783
3981 0.0523325 0.321556  0.626111
1496 0.382801 0.595124  0.0220751
3982 0.118796 0.717736  0.163468
617 0.293366 0.160138  0.546497
2951 0.131566 0.643274  0.225159
941 0.355149 0.284535  0.360316
223 0.0198447 0.2985  0.681656
4269 0.308614 0.291204  0.400181
301 0.412359 0.274442  0.313199
1823 0.351268 0.120235  0.528497
4475 0.440286 0.148339  0.411375
4629 0.176657 0.566692  0.256651
2536 0.334466 0.511133  0.1544
2458 0.349297 0.220272  0.430431
4531 0.134915 0.652156  0.212928
3458 0.0819309 0.406639  0.51143
4444 0.770378 0.143764  0.0858584
818 0.119349 0.615789  0.264861
1280 0.835196 0.0866166  0.0781875
4815 0.339866 0.306491  0.353643
4367 0.315498 0.365924  0.318578
3962 0.518412 0.0539007  0.427688
3842 0.104932 0.0936015  0.801467
2962 0.198553 0.590442  0.211005
3073 0.287364 0.223152  0.489483
3206 0.154617 0.42721  0.418174
1441 0.265741 0.401644  0.332616
4018 0.445695 0.441878  0.112427
4569 0.184064 0.329088  0.486849
3613 0.136999 0.507379  0.355622
2263 0.270631 0.357789  0.37158
4059 0.126097 0.488413  0.38549
3484 0.376019 0.178125  0.445856
591 0.0670528 0.582713  0.350235
14 0.257642 0.24532  0.497038
4274 0.115707 0.368487  0.515806
3953 0.364427 0.409702  0.225872
3998 0.485174 0.3236  0.191225
3286 0.312911 0.322401  0.364689
76 0.595832 0.388989  0.0151783
2637 0.498031 0.0931311  0.408838
4610 0.515 0.039445  0.445555
2456 0.433686 0.0938221  0.472492
1429 0.285016 0.490922  0.224062
996 0.250479 0.697723  0.0517984
3036 0.332759 0.341443  0.325798
4605 0.28303 0.342637  0.374333
785 0.281524 0.505013  0.213463
667 0.501948 0.29464  0.203412
144 0.407625 0.519283  0.0730916
3181 0.435725 0.300987  0.263288
282 0.463396 0.0232224  0.513382
2644 0.331606 0.107236  0.561158
411 0.237966 0.388394  0.37364
1934 0.0505584 0.680637  0.268804
448 0.195708 0.223563  0.580729
3250 0.442364 0.241076  0.31656
1711 0.617347 0.0878607  0.294793
3506 0.443572 0.417105  0.139323
534 0.321482 0.371077  0.307441
3367 0.320378 0.447361  0.232261
449 0.297367 0.690023  0.0126101
341 0.197998 0.556127  0.245875
708 0.652279 0.0817063  0.266015
3785 0.466993 0.238656  0.294351
1733 0.669253 0.32005  0.0106967
481 0.349278 0.298941  0.351781
2644 0.376355 0.133728  0.489917
1933 0.128829 0.828761  0.0424102
788 0.55177 0.0652848  0.382945
1449 0.242876 0.136429  0.620694
1414 0.484974 0.449236  0.0657896
4846 0.369383 0.38668  0.243937
1901 0.379653 0.569427  0.0509201
4558 0.67691 0.107346  0.215744
3688 0.3787 0.472803  0.148496
2269 0.462824 0.169549  0.367627
1613 0.542549 0.164421  0.29303
2870 0.0522135 0.524747  0.423039
1630 0.180014 0.445341  0.374645
4613 0.0925607 0.299467  0.607972
100 0.542542 0.111442  0.346016
3756 0.39167 0.31617  0.29216
4712 0.539274 0.341952  0.118774
1037 0.149006 0.228662  0.622332
1543 0.151005 0.0488982  0.800097
1518 0.257897 0.392509  0.349594
3688 0.684144 0.108509  0.207348
1333 0.407566 0.333052  0.259382
1543 0.28906 0.684607  0.0263333
583 0.358407 0.29535  0.346243
2354 0.491799 0.465804  0.0423975
132 0.10822 0.486787  0.404993
3795 0.353072 0.503809  0.143119
1784 0.564514 0.0398095  0.395676
2694 0.46767 0.479304  0.0530264
3282 0.352194 0.387775  0.260031
4552 0.253643 0.474787  0.271571
2078 0.0459462 0.530171  0.423883
610 0.161749 0.299557  0.538694
431 0.503924 0.239105  0.256971
4067 0.271569 0.530301  0.198131
797 0.0113129 0.522306  0.466381
3200 0.460917 0.376757  0.162326
2987 0.189634 0.721048  0.0893178
2061 0.380922 0.288314  0.330765
1747 0.0924345 0.325582  0.581983
4248 0.656763 0.309879  0.033358
272 0.537486 0.392528  0.069986
3597 0.36424 0.158424  0.477336
4269 0.711193 0.169259  0.119548
2119 0.407438 0.447122  0.145439
890 0.00961097 0.57649  0.413899
995 0.197579 0.281902  0.520519
3944 0.564079 0.213857  0.222064
1696 0.0423075 0.61222  0.345472
1032 0.514511 0.0439779  0.441512
3471 0.389858 0.592797  0.017345
4497 0.682161 0.238895  0.0789436
3801 0.397572 0.557406  0.0450212
2681 0.278449 0.374191  0.34736
3380 0.469524 0.0748372  0.455639
1841 0.442615 0.300899  0.256486
2267 0.499392 0.388276  0.112333
1791 0.415361 0.184814  0.399825
4923 0.479099 0.444543  0.0763585
3399 0.233131 0.396855  0.370014
692 0.282525 0.330379  0.387096
1902 0.156355 0.265097  0.578548
540 0.340871 0.445664  0.213465
769 0.374984 0.220776  0.40424
1291 0.321981 0.24016  0.437859
595 0.522303 0.374159  0.103538
1397 0.0777519 0.356242  0.566007
2906 0.69861 0.120452  0.180938
1934 0.205833 0.416029  0.378138
1374 0.421347 0.334001  0.244652
3135 0.330333 0.0844267  0.58524
2016 0.210853 0.431884  0.357263
2885 0.408094 0.195873  0.396033
1308 0.501795 0.185858  0.312348
4185 0.494929 0.470563  0.0345078
1228 0.641911 0.117269  0.24082
1809 0.281795 0.310776  0.407429
4566 0.45474 0.503028  0.0422319
4995 0.455452 0.238642  0.305906
969 0.253799 0.638473  0.107729
4784 0.203237 0.551307  0.245456
571 0.175765 0.357146  0.467089
2569 0.111746 0.446144  0.442109
572 0.362106 0.430186  0.207708
1754 0.39658 0.540058  0.0633625
925 0.0486262 0.637852  0.313522
2524 0.670622 0.1567  0.172678
783 0.624016 0.190006  0.185978
3076 0.0878415 0.526911  0.385247
940 0.580725 0.106452  0.312822
963 0.618034 0.261887  0.120079
487 0.35687 0.329408  0.313722
2156 0.201261 0.393036  0.405702
294 0.147934 0.114567  0.737498
3106 0.418725 0.146649  0.434626
978 0.385718 0.215094  0.399188
1386 0.302041 0.433273  0.264686
4525 0.0294192 0.315965  0.654615
740 0.398271 0.269552  0.332177
3477 0.334691 0.30702  0.358289
2133 0.714801 0.213179  0.0720201
2716 0.433678 0.331574  0.234748
3321 0.422726 0.199255  0.378019
565 0.49627 0.475564  0.0281662
1909 0.335959 0.201855  0.462186
2219 0.233538 0.40727  0.359192
53 0.266646 0.473213  0.260142
605 0.0247944 0.193598  0.781608
4556 0.536363 0.452285  0.0113525
1689 0.222307 0.671146  0.106547
2636 0.471477 0.0886828  0.43984
2232 0.541518 0.218869  0.239613
770 0.35188 0.276503  0.371617
3248 0.512931 0.151763  0.335306
1841 0.122955 0.178839  0.698206
260 0.168209 0.448745  0.383046
4511 0.37095 0.124001  0.505048
2304 0.241771 0.0515479  0.706681
547 0.402621 0.216455  0.380924
21 0.410852 0.348769  0.240379
3880 0.350072 0.30296  0.346968
1002 0.16084 0.553842  0.285318
575 0.373465 0.242295  0.384241
790 0.381373 0.45946  0.159167
1890 0.389407 0.402902  0.207691
3884 0.210295 0.397612  0.392093
4654 0.611615 0.254093  0.134291
4082 0.413681 0.168707  0.417612
3335 0.377797 0.421032  0.201171
4540 0.152314 0.379829  0.467857
2757 0.456109 0.0469786  0.496913
1698 0.077915 0.419055  0.50303
2650 0.303127 0.35831  0.338563
1247 0.0271656 0.489672  0.483162
2681 0.32767 0.588801  0.0835295
3290 0.296506 0.43363  0.269864
3619 0.255302 0.373449  0.371249
4632 0.238255 0.429865  0.33188
54 0.316536 0.213774  0.46969
4061 0.0230736 0.702021  0.274906
741 0.368245 0.298296  0.33346
1497 0.387298 0.188809  0.423892
3871 0.225623 0.223014  0.551364
4058 0.249575 0.513086  0.237339
4268 0.43638 0.285558  0.278062
2067 0.0977516 0.516225  0.386024
2020 0.396619 0.158261  0.445121
4541 0.213955 0.359445  0.4266
2118 0.18986 0.172536  0.637604
3985 0.257482 0.448935  0.293584
1445 0.451565 0.476665  0.0717705
4511 0.332755 0.379306  0.287939
1621 0.320832 0.409689  0.269479
4443 0.327982 0.309584  0.362434
933 0.684511 0.212356  0.103133
3149 0.397292 0.217786  0.384922
4006 0.748461 0.147133  0.104406
1268 0.109077 0.448678  0.442245
3636 0.316285 0.288003  0.395712
2852 0.139764 0.575646  0.28459
1227 0.486159 0.36443  0.149411
1932 0.568124 0.352679  0.0791971
1346 0.379485 0.0519012  0.568613
3851 0.399603 0.287381  0.313016
3132 0.715342 0.213486  0.071172
2135 0.210659 0.37747  0.411871
4389 0.337337 0.428307  0.234357
260 0.530478 0.298745  0.170777
1234 0.396408 0.409519  0.194073
4395 0.427497 0.39473  0.177773
2365 0.405582 0.066529  0.527889
1346 0.371733 0.227519  0.400748
2482 0.556138 0.381026  0.0628366
1729 0.358534 0.126636  0.514829
4839 0.433721 0.285739  0.28054
1325 0.585181 0.380741  0.0340781
558 0.362508 0.366852  0.27064
3623 0.484636 0.213281  0.302083
3403 0.284351 0.297067  0.418582
3761 0.476448 0.420957  0.102595
2939 0.220343 0.476995  0.302662
3678 0.415356 0.0450409  0.539603
3042 0.437638 0.369688  0.192674
922 0.398805 0.373013  0.228182
2253 0.59143 0.240192  0.168378
2043 0.473894 0.481221  0.0448858
3898 0.588675 0.195367  0.215958
1366 0.470276 0.0815722  0.448152
3492 0.261559 0.473639  0.264802
3582 0.454145 0.0655978  0.480257
4294 0.135704 0.697783  0.166514
4377 0.34066 0.595091  0.0642497
2585 0.179451 0.279116  0.541432
476 0.489764 0.136241  0.373996
811 0.337743 0.359228  0.303029
2374 0.320696 0.543594  0.13571
301 0.246839 0.629883  0.123278
4927 0.311039 0.136349  0.552612
1643 0.546486 0.39857  0.0549435
410 0.495739 0.0337727  0.470488
150 0.0326445 0.588878  0.378478
4290 0.259843 0.641705  0.0984522
283 0.109832 0.751707  0.138461
3934 0.366603 0.559075  0.0743222
977 0.310205 0.658552  0.0312426
1757 0.275819 0.513392  0.210789
4405 0.326855 0.172512  0.500633
171 0.456624 0.340593  0.202783
942 0.0846645 0.393512  0.521824
1836 0.269901 0.352939  0.37716
1943 0.298587 0.0555089  0.645904
793 0.562534 0.258013  0.179453
1083 0.244522 0.324381  0.431097
2850 0.281238 0.366973  0.35179
3579 0.303778 0.373593  0.32263
996 0.336977 0.262377  0.400647
2407 0.157624 0.258511  0.583865
1295 0.365253 0.221459  0.413289
2430 0.104375 0.551618  0.344007
3537 0.583328 0.14195  0.274722
1845 0.488319 0.265685  0.245997
3285 0.482267 0.503303  0.0144308
4796 0.4687 0.347155  0.184145
481 0.55761 0.100295  0.342094
4450 0.393277 0.446633  0.16009
1280 0.420301 0.0428361  0.536863
1895 0.374675 0.325349  0.299976
4529 0.478221 0.345416  0.176362
4640 0.436367 0.117568  0.446066
3096 0.344149 0.300702  0.355149
3022 0.469339 0.346509  0.184153
4656 0.643153 0.324677  0.03217
4728 0.192606 0.516495  0.290899
4009 0.1918 0.704517  0.103683
4240 0.385101 0.335603  0.279296
4586 0.153982 0.737523  0.108494
2751 0.0521848 0.187415  0.7604
1758 0.673517 0.0849954  0.241487
4934 0.47139 0.253054  0.275557
3172 0.258795 0.312198  0.429007
4733 0.506572 0.333603  0.159825
1696 0.579323 0.231971  0.188706
804 0.572841 0.179585  0.247573
879 0.0361647 0.115548  0.848287
2560 0.126604 0.543641  0.329756
920 0.323055 0.46365  0.213294
3021 0.384114 0.245165  0.370722
1087 0.435445 0.0678197  0.496735
620 0.106847 0.0755572  0.817595
924 0.221963 0.277942  0.500095
2026 0.508187 0.476512  0.0153009
444 0.480857 0.315057  0.204085
4129 0.209448 0.334628  0.455924
2939 0.0820616 0.344515  0.573423
2704 0.213279 0.439425  0.347296
91 0.195189 0.37891  0.425901
195 0.148402 0.26513  0.586467
744 0.436852 0.253541  0.309607
2983 0.231494 0.311182  0.457324
1946 0.454417 0.0888367  0.456746
1848 0.225187 0.437165  0.337648
1980 0.521027 0.282491  0.196481
4927 0.485425 0.0924184  0.422157
692 0.309972 0.501081  0.188948
4523 0.194329 0.522648  0.283023
3537 0.421948 0.47544  0.102612
2939 0.044127 0.49986  0.456013
1109 0.23865 0.420665  0.340685
534 0.394789 0.163548  0.441663
1542 0.305318 0.101944  0.592738
4205 0.343762 0.212662  0.443576
2164 0.274609 0.271773  0.453618
854 0.372617 0.499151  0.128232
3485 0.221629 0.505217  0.273153
1880 0.520712 0.280732  0.198557
4883 0.524877 0.231536  0.243586
1352 0.170335 0.390374  0.439291
4444 0.354254 0.303648  0.342098
4363 0.216522 0.242169  0.541309
629 0.330012 0.0204009  0.649587
3941 0.196118 0.241346  0.562536
4480 0.570288 0.151229  0.278483
2104 0.33078 0.263833  0.405387
4834 0.31174 0.102155  0.586106
602 0.103185 0.383446  0.513369
4196 0.225156 0.423905  0.350938
1124 0.0498229 0.501136  0.449041
4139 0.38693 0.259143  0.353927
347 0.0379332 0.407775  0.554292
103 0.369104 0.244012  0.386884
2006 0.0950596 0.61314  0.291801
3396 0.0394319 0.564642  0.395926
3326 0.112032 0.113726  0.774242
3613 0.26158 0.393429  0.344991
2797 0.322351 0.255565  0.422084
759 0.546237 0.0542809  0.399482
535 0.435 0.283277  0.281723
2056 0.122178 0.488166  0.389657
4169 0.110985 0.644262  0.244753
4515 0.326191 0.38545  0.288359
540 0.471134 0.157438  0.371428
4360 0.353095 0.119481  0.527424
1885 0.22753 0.160339  0.612132
2932 0.354437 0.20768  0.437883
3388 0.23228 0.372238  0.395482
1472 0.686102 0.294822  0.0190763
1755 0.305145 0.661559  0.0332959
3753 0.246951 0.745198  0.00785079
1076 0.43431 0.333956  0.231734
728 0.239221 0.57671  0.184069
463 0.571761 0.181404  0.246835
1287 0.242569 0.327473  0.429958
4021 0.327236 0.318833  0.353931
4358 0.43473 0.503046  0.0622241
2457 0.15524 0.573582  0.271178
363 0.272622 0.338295  0.389083
2235 0.53646 0.435095  0.0284448
2129 0.518072 0.116234  0.365694
1224 0.70368 0.279075  0.0172448
4192 0.134934 0.657684  0.207382
4419 0.217126 0.337801  0.445073
4010 0.110695 0.18242  0.706885
2419 0.487767 0.298854  0.213379
4617 0.487171 0.290238  0.222591
3848 0.203353 0.178498  0.618149
208 0.409871 0.2  0.390129
1738 0.119173 0.837977  0.04285
1612 0.352451 0.354803  0.292747
1734 0.336061 0.347056  0.316883
2216 0.175873 0.217539  0.606588
2625 0.425615 0.156928  0.417456
4071 0.224382 0.269861  0.505757
3157 0.338502 0.601386  0.060112
1345 0.534143 0.389194  0.0766633
228 0.0954681 0.313076  0.591456
3676 0.101463 0.677137  0.2214
3681 0.234583 0.27031  0.495108
2933 0.423023 0.445816  0.13116
3618 0.191515 0.538922  0.269563
1675 0.49364 0.111138  0.395221
1612 0.489202 0.225278  0.285521
1585 0.643911 0.218217  0.137873
4596 0.852581 0.0950307  0.0523882
522 0.312364 0.293685  0.393951
3897 0.296964 0.342381  0.360655
537 0.0441165 0.570198  0.385686
4538 0.758509 0.0768903  0.164601
4803 0.492946 0.378595  0.128458
2740 0.392018 0.449027  0.158955
3053 0.308713 0.336405  0.354882
2499 0.390088 0.563705  0.046207
1298 0.7052 0.0886085  0.206191
2478 0.425947 0.2851  0.288953
4483 0.203926 0.22119  0.574885
4781 0.335333 0.267904  0.396763
2517 0.395579 0.325539  0.278882
2329 0.293857 0.647402  0.058741
3191 0.23547 0.409763  0.354767
3920 0.378069 0.41619  0.205741
2770 0.051497 0.204473  0.74403
1511 0.553274 0.0212837  0.425442
3618 0.291802 0.390765  0.317433
4529 0.346037 0.354774  0.299189
396 0.398825 0.23133  0.369844
4391 0.26807 0.467416  0.264514
4343 0.338151 0.467763  0.194086
1614 0.400463 0.0197993  0.579738
