6050 0.372017 0.151819  0.476164
271 0.258202 0.0237541  0.718043
4623 0.623298 0.12279  0.253912
2604 0.311276 0.32998  0.358745
3551 0.213101 0.367448  0.419451
384 0.531017 0.143035  0.325948
2769 0.554709 0.186974  0.258317
5209 0.491755 0.0675259  0.440719
2508 0.45917 0.227636  0.313194
5158 0.356089 0.624192  0.0197185
4390 0.0969166 0.333523  0.56956
6058 0.286859 0.200263  0.512879
3472 0.291568 0.397151  0.311281
4259 0.016503 0.284806  0.698691
4782 0.352169 0.408573  0.239258
641 0.243354 0.518241  0.238405
4702 0.438569 0.346251  0.21518
1939 0.406181 0.231075  0.362744
1362 0.573361 0.0912107  0.335428
864 0.493345 0.211032  0.295623
2545 0.216938 0.571254  0.211807
5109 0.481224 0.472156  0.0466199
296 0.0204992 0.578848  0.400653
2900 0.446126 0.0956292  0.458244
5493 0.0493667 0.536604  0.41403
2794 0.264155 0.346226  0.389619
3347 0.0307824 0.122038  0.84718
4205 0.0850022 0.612125  0.302873
168 0.390907 0.397537  0.211556
3286 0.133745 0.479173  0.387082
2032 0.233223 0.38136  0.385417
550 0.284818 0.39515  0.320032
3990 0.608269 0.292148  0.099583
5207 0.287229 0.464548  0.248223
6074 0.264444 0.400583  0.334973
1817 0.0895233 0.889305  0.0211719
3064 0.401315 0.365977  0.232708
4389 0.376646 0.18241  0.440944
5748 0.127056 0.68704  0.185904
5311 0.406881 0.196782  0.396337
1299 0.213335 0.386635  0.40003
5197 0.193244 0.247182  0.559574
5180 0.316165 0.114056  0.569779
1395 0.221254 0.319167  0.459578
1827 0.0254988 0.408563  0.565938
2113 0.490106 0.0348149  0.475079
5403 0.329404 0.0359288  0.634667
4754 0.283566 0.216178  0.500256
5843 0.428237 0.491629  0.0801339
5589 0.111607 0.423957  0.464436
4131 0.473591 0.288631  0.237778
2534 0.762157 0.120101  0.117742
146 0.300332 0.351517  0.348151
4955 0.0673421 0.78415  0.148508
5963 0.328152 0.348561  0.323288
3680 0.152719 0.43906  0.408221
512 0.332276 0.249412  0.418312
2088 0.0142719 0.536902  0.448826
325 0.0999773 0.817098  0.0829249
5459 0.0286644 0.773522  0.197813
5542 0.0792916 0.443547  0.477161
1574 0.115746 0.456566  0.427688
858 0.349725 0.238924  0.411351
2570 0.171552 0.421962  0.406486
4446 0.506459 0.156048  0.337493
4847 0.346444 0.481924  0.171632
1770 0.108518 0.22593  0.665552
3005 0.341945 0.350159  0.307896
5334 0.471368 0.448174  0.080458
3392 0.0680847 0.750812  0.181104
4282 0.381254 0.396345  0.222401
1830 0.0677344 0.342948  0.589318
3969 0.419343 0.148528  0.432129
3611 0.0279628 0.459649  0.512389
2787 0.458445 0.244032  0.297523
5310 0.400228 0.171168  0.428604
5036 0.518411 0.256146  0.225442
4144 0.395743 0.467311  0.136945
3843 0.217707 0.553189  0.229104
348 0.538895 0.0705395  0.390566
5152 0.264723 0.0417232  0.693554
3506 0.186516 0.418764  0.39472
5481 0.80521 0.0904267  0.104363
4765 0.0292345 0.545391  0.425374
4445 0.433047 0.332044  0.234909
3436 0.363362 0.290775  0.345863
5469 0.166263 0.519822  0.313915
1608 0.191078 0.176218  0.632704
2431 0.286675 0.368771  0.344555
3874 0.22376 0.643283  0.132957
4362 0.213236 0.594161  0.192603
5486 0.667326 0.262205  0.0704687
2705 0.517814 0.164682  0.317504
1269 0.782835 0.192417  0.0247481
3733 0.382097 0.256431  0.361472
3985 0.302224 0.558028  0.139748
1768 0.371041 0.204203  0.424755
764 0.362395 0.482737  0.154868
3560 0.203191 0.377723  0.419086
3731 0.186521 0.487142  0.326337
3513 0.394152 0.349484  0.256364
3433 0.383447 0.350312  0.26624
3139 0.444143 0.418384  0.137473
4037 0.101695 0.544497  0.353809
3774 0.594026 0.104364  0.30161
4387 0.498204 0.479584  0.0222118
6005 0.0830333 0.123805  0.793162
3038 0.474015 0.405445  0.12054
1116 0.0915329 0.697109  0.211358
3246 0.0722801 0.750358  0.177361
204 0.00932603 0.494745  0.495929
5890 0.487028 0.226611  0.286361
4151 0.707242 0.236015  0.0567431
1414 0.416661 0.271316  0.312023
2555 0.160983 0.505611  0.333407
4584 0.45277 0.39531  0.15192
1622 0.310292 0.347293  0.342414
4295 0.409163 0.448474  0.142363
5196 0.41732 0.133793  0.448887
5170 0.103934 0.447827  0.448239
1906 0.367347 0.603352  0.0293016
4556 0.457697 0.237456  0.304847
310 0.338917 0.165375  0.495708
1853 0.407534 0.552277  0.0401898
1357 0.476354 0.404263  0.119383
639 0.314347 0.648791  0.0368623
5396 0.0390565 0.185537  0.775407
1027 0.299435 0.551482  0.149084
1363 0.39105 0.367986  0.240965
16 0.340686 0.352738  0.306576
4389 0.45798 0.350794  0.191226
4975 0.462064 0.343263  0.194673
1643 0.301616 0.358661  0.339723
123 0.176821 0.26967  0.553509
5455 0.147344 0.616921  0.235734
4383 0.330329 0.413512  0.256159
4668 0.570103 0.0640037  0.365893
5170 0.17292 0.430067  0.397013
5145 0.0539952 0.542719  0.403286
3396 0.273148 0.365724  0.361128
2785 0.100663 0.598712  0.300625
3442 0.360809 0.273714  0.365477
3468 0.577219 0.327654  0.095127
2589 0.225435 0.674413  0.100152
3067 0.335729 0.261942  0.402329
4838 0.151938 0.433649  0.414413
5369 0.300342 0.382409  0.317248
6141 0.416308 0.198676  0.385017
5879 0.3216 0.48759  0.19081
1927 0.401122 0.290114  0.308764
20 0.816438 0.0674066  0.116155
4099 0.515585 0.215256  0.269159
404 0.1533 0.292674  0.554025
873 0.435481 0.344452  0.220067
79 0.58324 0.297464  0.119296
1328 0.208887 0.110115  0.680999
5110 0.318311 0.322259  0.35943
4406 0.283542 0.194259  0.522199
5371 0.404122 0.211902  0.383977
4955 0.188223 0.0469127  0.764864
544 0.169842 0.118107  0.712052
5105 0.350159 0.365406  0.284435
5910 0.013604 0.483902  0.502494
810 0.339311 0.397528  0.263162
5914 0.509067 0.147947  0.342986
5448 0.0584043 0.470667  0.470929
5228 0.153325 0.453081  0.393594
3437 0.208349 0.414185  0.377466
2243 0.51887 0.44287  0.0382597
5362 0.474738 0.515914  0.00934817
811 0.278185 0.349453  0.372362
4342 0.373428 0.305846  0.320726
4489 0.278798 0.372597  0.348605
3965 0.150982 0.313173  0.535844
5229 0.0375713 0.540462  0.421967
3435 0.194922 0.560666  0.244412
5348 0.0864965 0.465116  0.448388
3979 0.108267 0.5598  0.331933
5791 0.275009 0.291686  0.433305
4671 0.136929 0.245032  0.618039
4023 0.376155 0.341799  0.282047
1143 0.604732 0.0990528  0.296215
2834 0.148498 0.614819  0.236683
155 0.169896 0.262598  0.567506
2796 0.0527521 0.398779  0.548469
4336 0.476557 0.376626  0.146817
3898 0.254989 0.661891  0.0831201
3811 0.494121 0.426805  0.0790741
4784 0.433105 0.284106  0.282789
624 0.361801 0.336907  0.301292
953 0.262747 0.317637  0.419615
2491 0.307632 0.345368  0.347
5754 0.670623 0.00859242  0.320785
2762 0.728875 0.170454  0.100671
5881 0.0168273 0.217638  0.765535
4776 0.551531 0.235138  0.213331
775 0.262832 0.527135  0.210033
5788 0.127658 0.391092  0.48125
4375 0.0190464 0.633552  0.347402
126 0.632541 0.0876391  0.27982
6020 0.559802 0.255404  0.184794
1888 0.283889 0.419134  0.296977
3069 0.395252 0.509508  0.0952397
462 0.387316 0.25885  0.353834
4943 0.390087 0.436679  0.173234
766 0.0506694 0.442547  0.506784
3179 0.189787 0.444012  0.366201
946 0.0535699 0.48711  0.45932
4016 0.0977495 0.628227  0.274024
4697 0.768141 0.192086  0.0397734
5767 0.407539 0.313257  0.279204
202 0.02841 0.545428  0.426161
1736 0.62125 0.219041  0.159709
1497 0.183468 0.791727  0.0248053
5786 0.381505 0.430443  0.188052
3640 0.325 0.183375  0.491625
2595 0.387391 0.427279  0.18533
339 0.3715 0.406404  0.222096
5176 0.396987 0.390481  0.212532
4178 0.69594 0.128223  0.175837
687 0.0839873 0.570467  0.345546
5723 0.894101 0.0753747  0.0305243
3738 0.620314 0.0734933  0.306193
5058 0.374763 0.22573  0.399507
5781 0.204747 0.476001  0.319253
3011 0.0289798 0.517147  0.453873
2698 0.101594 0.432296  0.46611
2647 0.558819 0.247652  0.193529
955 0.262969 0.67173  0.0653011
1455 0.412209 0.411352  0.176439
5314 0.103033 0.341462  0.555505
5650 0.297308 0.400589  0.302103
2940 0.281469 0.703259  0.0152718
2531 0.329055 0.341857  0.329088
5503 0.173994 0.502605  0.323401
3576 0.281949 0.311718  0.406333
5825 0.250913 0.312919  0.436167
425 0.0501818 0.52232  0.427498
5984 0.290909 0.309586  0.399506
3927 0.116605 0.177992  0.705402
5166 0.59882 0.214685  0.186495
3 0.496389 0.325355  0.178256
4161 0.08283 0.508097  0.409073
5896 0.30008 0.0300927  0.669827
3968 0.223535 0.396715  0.37975
3855 0.0786292 0.248141  0.67323
4205 0.306744 0.619889  0.0733664
3814 0.317821 0.491594  0.190585
5899 0.368248 0.0783102  0.553442
4900 0.367626 0.248793  0.383581
1734 0.350723 0.374254  0.275023
5443 0.169992 0.357968  0.47204
1850 0.757116 0.209423  0.033461
4841 0.422025 0.110489  0.467485
2346 0.265443 0.657491  0.0770661
3069 0.283692 0.209357  0.506951
1976 0.292588 0.345326  0.362086
4037 0.410205 0.43266  0.157135
5967 0.404014 0.228813  0.367173
2711 0.392561 0.193764  0.413675
2014 0.0112098 0.612959  0.375831
1027 0.498753 0.475414  0.0258324
3321 0.184478 0.2496  0.565922
1963 0.19498 0.261132  0.543888
3289 0.434024 0.433063  0.132913
3762 0.733447 0.181705  0.0848476
2128 0.104212 0.154012  0.741776
1201 0.229595 0.599299  0.171105
4541 0.451803 0.104915  0.443282
3901 0.272317 0.334144  0.393538
1278 0.425905 0.360333  0.213762
3895 0.381495 0.454113  0.164392
1776 0.448566 0.207517  0.343917
2780 0.288031 0.0161067  0.695862
1673 0.232016 0.408757  0.359227
6080 0.342675 0.317253  0.340072
2698 0.496055 0.365054  0.138891
1455 0.128823 0.370106  0.501071
905 0.113172 0.786326  0.100502
1935 0.265449 0.579634  0.154917
5984 0.603644 0.326589  0.0697669
4635 0.247514 0.695979  0.0565071
6059 0.303918 0.389021  0.307061
2768 0.342561 0.324517  0.332921
5621 0.121589 0.435406  0.443005
2621 0.668954 0.0576721  0.273374
2580 0.0446488 0.488412  0.466939
3220 0.0210322 0.584553  0.394415
5928 0.230242 0.381214  0.388544
5945 0.511808 0.418565  0.0696273
5405 0.227422 0.293924  0.478653
1458 0.266771 0.690278  0.042951
2997 0.122898 0.543541  0.333561
5991 0.500768 0.263082  0.23615
3872 0.293009 0.376404  0.330587
4691 0.329837 0.476573  0.193589
3647 0.257298 0.506226  0.236475
4954 0.585103 0.351128  0.0637691
3995 0.387048 0.488355  0.124597
879 0.0678095 0.115132  0.817059
4991 0.0233072 0.886563  0.0901296
1655 0.317759 0.430746  0.251494
2683 0.464242 0.117991  0.417767
388 0.187274 0.0368324  0.775894
2874 0.0138443 0.361505  0.624651
3874 0.122763 0.363178  0.514058
4928 0.356639 0.151156  0.492206
1773 0.0952441 0.523007  0.381749
4389 0.274199 0.34545  0.380351
3980 0.596964 0.0835345  0.319501
4915 0.353848 0.257909  0.388243
5871 0.437797 0.272271  0.289932
5613 0.268503 0.444772  0.286725
2214 0.0439033 0.767315  0.188782
2482 0.216686 0.512119  0.271196
3261 0.0989901 0.469294  0.431716
3668 0.368974 0.280161  0.350865
14 0.225735 0.466936  0.307329
2966 0.595567 0.086605  0.317828
6101 0.656137 0.141755  0.202108
2887 0.171885 0.287155  0.54096
385 0.0959118 0.0679705  0.836118
5218 0.560568 0.248915  0.190517
2742 0.327977 0.47425  0.197773
5991 0.141231 0.397723  0.461046
5685 0.330427 0.642995  0.0265779
2689 0.512193 0.149592  0.338215
4634 0.327766 0.427673  0.244562
3608 0.622125 0.0275171  0.350358
2969 0.292774 0.464507  0.242719
2583 0.0599177 0.0612519  0.87883
2297 0.297792 0.0308099  0.671398
3886 0.319537 0.275466  0.404996
5752 0.429887 0.473099  0.0970139
540 0.0211155 0.64464  0.334245
3274 0.81825 0.0983372  0.0834129
2521 0.141531 0.822239  0.03623
5335 0.493299 0.197715  0.308985
2087 0.329683 0.133987  0.53633
5148 0.173609 0.22984  0.596551
5597 0.638782 0.0927621  0.268456
4909 0.462781 0.025386  0.511833
5896 0.430011 0.38267  0.187319
2807 0.216535 0.66851  0.114954
3768 0.540846 0.193481  0.265673
4663 0.446833 0.475919  0.0772483
4918 0.490426 0.24118  0.268394
3525 0.350214 0.216567  0.433219
4022 0.276409 0.406667  0.316924
3178 0.217177 0.397471  0.385352
5243 0.461106 0.112918  0.425976
2071 0.510794 0.0642335  0.424973
3934 0.478666 0.00718978  0.514144
3001 0.31196 0.344806  0.343234
5093 0.276746 0.474082  0.249172
2375 0.369776 0.123948  0.506276
1706 0.37109 0.603623  0.0252869
3278 0.316196 0.332919  0.350884
2650 0.243421 0.408382  0.348198
4997 0.0408345 0.786556  0.172609
4459 0.556326 0.417001  0.0266733
900 0.260088 0.0507104  0.689201
3046 0.617275 0.0632668  0.319458
3665 0.0781562 0.461885  0.459958
2103 0.289905 0.480899  0.229197
3815 0.42758 0.357816  0.214603
2910 0.583085 0.220288  0.196626
3321 0.258598 0.507243  0.234159
1482 0.334408 0.397967  0.267624
2992 0.791186 0.0560859  0.152728
2548 0.234818 0.382504  0.382678
5898 0.152444 0.724897  0.122658
3052 0.0548612 0.402061  0.543077
5866 0.506616 0.142133  0.351252
3157 0.488117 0.282007  0.229876
2260 0.0736801 0.520186  0.406134
611 0.586937 0.0881438  0.324919
2353 0.263077 0.421033  0.315889
2735 0.259966 0.325746  0.414288
3286 0.403073 0.21635  0.380577
5608 0.0305904 0.284331  0.685078
5505 0.378541 0.324995  0.296464
156 0.0348082 0.439361  0.525831
2680 0.499042 0.446851  0.0541069
2821 0.310502 0.307715  0.381783
5754 0.385394 0.254345  0.36026
4692 0.409294 0.201477  0.389229
496 0.662138 0.102938  0.234925
4516 0.43671 0.267511  0.295779
5753 0.0654301 0.153259  0.781311
460 0.525629 0.0113898  0.462982
5253 0.605469 0.254427  0.140104
1806 0.0589924 0.728677  0.212331
3132 0.178521 0.44519  0.376288
417 0.0957924 0.865543  0.0386648
5213 0.619813 0.320853  0.0593341
2443 0.759504 0.210303  0.0301931
2464 0.386072 0.39987  0.214058
3273 0.491045 0.214938  0.294017
5025 0.423153 0.328991  0.247856
910 0.122266 0.349059  0.528675
985 0.272654 0.122092  0.605253
67 0.144978 0.0785673  0.776454
2630 0.593964 0.045869  0.360167
4910 0.335567 0.551785  0.112649
1057 0.401026 0.446137  0.152836
4352 0.468306 0.380689  0.151006
1566 0.493304 0.171168  0.335528
2195 0.225911 0.235949  0.53814
5225 0.341942 0.303031  0.355027
382 0.67135 0.097122  0.231528
1213 0.285558 0.20745  0.506992
3118 0.297046 0.39424  0.308715
2577 0.0701214 0.892376  0.0375023
3881 0.460373 0.110142  0.429485
919 0.273091 0.43888  0.288029
4719 0.429422 0.261284  0.309294
3610 0.440673 0.466025  0.0933016
2564 0.298132 0.204983  0.496885
5203 0.167407 0.100374  0.732219
3670 0.360486 0.30325  0.336264
830 0.157049 0.115484  0.727467
3959 0.329704 0.387916  0.282379
2919 0.378373 0.43191  0.189717
2236 0.413899 0.0121185  0.573982
5336 0.163628 0.365767  0.470605
1709 0.312449 0.385722  0.301829
3001 0.0850645 0.623996  0.290939
3065 0.531795 0.230487  0.237719
4359 0.664118 0.306165  0.0297171
4307 0.568636 0.00943299  0.421931
3420 0.354369 0.324059  0.321572
854 0.093521 0.485147  0.421332
707 0.296645 0.382808  0.320547
2458 0.392844 0.092541  0.514615
4400 0.387966 0.379492  0.232542
4797 0.218724 0.739267  0.0420091
2739 0.0227921 0.395997  0.581211
5843 0.05135 0.59778  0.35087
33 0.346725 0.100705  0.55257
38 0.55113 0.105728  0.343142
3786 0.358934 0.411941  0.229125
5241 0.0876873 0.202685  0.709628
2414 0.358391 0.270743  0.370867
3978 0.429854 0.242518  0.327628
5313 0.385892 0.397355  0.216753
495 0.312793 0.559413  0.127794
2550 0.189732 0.716712  0.0935558
699 0.371845 0.337208  0.290947
2388 0.539981 0.0126634  0.447355
113 0.250561 0.497692  0.251746
1915 0.112917 0.38619  0.500893
3341 0.613388 0.215032  0.17158
1747 0.480017 0.138876  0.381106
5492 0.286283 0.287907  0.42581
1479 0.322238 0.36088  0.316882
4051 0.531125 0.0438104  0.425064
1915 0.0550055 0.81692  0.128074
5650 0.0854582 0.373654  0.540888
4113 0.33881 0.485587  0.175603
2408 0.572837 0.411782  0.0153814
5227 0.0805932 0.411799  0.507608
3854 0.378339 0.0940671  0.527594
4661 0.43464 0.0345834  0.530777
4496 0.404113 0.399638  0.196248
3159 0.0127943 0.385643  0.601563
3629 0.2478 0.392898  0.359302
2853 0.0870227 0.45639  0.456588
5049 0.0869351 0.384584  0.528481
825 0.313572 0.344426  0.342002
3596 0.179984 0.451824  0.368192
1339 0.44525 0.486706  0.0680435
2326 0.185854 0.489369  0.324777
24 0.345988 0.305376  0.348636
539 0.352551 0.0865371  0.560912
2258 0.535666 0.0779089  0.386425
2629 0.163655 0.812721  0.023624
5996 0.338725 0.338425  0.32285
2843 0.22511 0.558606  0.216284
3216 0.0692379 0.508043  0.422719
2948 0.157182 0.498461  0.344358
1272 0.375165 0.365309  0.259526
2127 0.376354 0.253402  0.370244
4682 0.0304934 0.409196  0.56031
3507 0.11196 0.205826  0.682214
5641 0.639022 0.0531528  0.307825
5646 0.0766436 0.748672  0.174684
5230 0.14817 0.319014  0.532816
2415 0.378967 0.261903  0.35913
5788 0.710478 0.198451  0.0910705
3068 0.139582 0.310304  0.550114
3338 0.0176353 0.156626  0.825739
2559 0.398724 0.0727338  0.528543
115 0.400453 0.345777  0.253771
6087 0.493047 0.0339583  0.472995
2756 0.514984 0.126588  0.358428
5158 0.0136318 0.63005  0.356319
4020 0.240683 0.311634  0.447683
3361 0.826747 0.0752562  0.0979971
3471 0.105223 0.435957  0.458821
3007 0.587082 0.192358  0.22056
860 0.203324 0.190349  0.606327
4121 0.454186 0.488669  0.0571452
951 0.27408 0.6489  0.0770206
5302 0.361903 0.355242  0.282855
3620 0.197016 0.314972  0.488011
120 0.31454 0.231099  0.454361
6088 0.631067 0.065694  0.303239
3142 0.189244 0.557402  0.253353
3651 0.359005 0.297214  0.343781
1620 0.157647 0.381701  0.460652
3502 0.596697 0.134424  0.268879
642 0.147236 0.263779  0.588985
1971 0.0936294 0.461562  0.444809
319 0.45634 0.170772  0.372887
3591 0.375739 0.55933  0.064931
4789 0.517187 0.13463  0.348184
2552 0.32417 0.49554  0.18029
5708 0.273439 0.0727451  0.653816
4048 0.426174 0.103494  0.470332
4854 0.867747 0.0260309  0.106223
2478 0.0208196 0.519293  0.459888
4599 0.409343 0.272014  0.318643
3487 0.351763 0.399964  0.248273
3287 0.0954327 0.624524  0.280043
4736 0.491411 0.300145  0.208444
1856 0.429885 0.423712  0.146403
5928 0.405087 0.221766  0.373148
2820 0.40367 0.420734  0.175596
1863 0.503165 0.37724  0.119595
3935 0.447187 0.374663  0.178151
3553 0.413206 0.27194  0.314854
2258 0.157255 0.514839  0.327907
1407 0.609648 0.342799  0.0475523
4564 0.196442 0.695416  0.108142
2467 0.0175762 0.47869  0.503734
696 0.0829758 0.105722  0.811302
2826 0.216294 0.131462  0.652245
3906 0.189684 0.600567  0.209749
1106 0.244032 0.708338  0.0476303
462 0.0964227 0.225267  0.678311
5978 0.146774 0.435526  0.4177
542 0.217595 0.63035  0.152055
3362 0.0490295 0.382736  0.568234
1618 0.145512 0.0114735  0.843015
3173 0.427709 0.170382  0.401909
5805 0.544538 0.0176576  0.437804
2284 0.3345 0.497964  0.167535
728 0.378465 0.468203  0.153332
5940 0.0347216 0.353701  0.611578
40 0.386921 0.388152  0.224927
4440 0.763023 0.149296  0.0876814
1392 0.332643 0.38651  0.280848
4874 0.500458 0.344911  0.154631
3274 0.21118 0.367107  0.421712
4793 0.396539 0.212486  0.390974
321 0.114126 0.0453801  0.840494
1005 0.324964 0.290553  0.384482
3281 0.429983 0.268885  0.301131
2079 0.342446 0.321741  0.335812
3227 0.369649 0.419692  0.210659
5278 0.276479 0.426648  0.296873
3464 0.216822 0.532844  0.250334
5761 0.0784059 0.529457  0.392137
4245 0.0159785 0.431033  0.552988
1629 0.539292 0.376479  0.0842291
3921 0.324487 0.488427  0.187085
5251 0.0660823 0.586547  0.34737
3324 0.128148 0.72813  0.143723
2953 0.445167 0.42978  0.125052
2420 0.52935 0.414869  0.0557804
5504 0.225885 0.704884  0.0692311
2864 0.538752 0.0421801  0.419068
512 0.174884 0.586423  0.238694
4029 0.319458 0.242118  0.438424
4399 0.122682 0.490902  0.386415
5748 0.607642 0.269013  0.123345
3254 0.0239471 0.446533  0.52952
2471 0.370462 0.188155  0.441384
1032 0.160775 0.491534  0.347691
1305 0.118879 0.655078  0.226043
1523 0.147005 0.339817  0.513178
5682 0.66426 0.200207  0.135533
1320 0.104361 0.163168  0.73247
3957 0.104341 0.345169  0.55049
2085 0.339161 0.358004  0.302835
3715 0.205402 0.293097  0.501501
311 0.283754 0.337768  0.378478
2155 0.265891 0.345752  0.388357
594 0.367573 0.268589  0.363838
1282 0.473894 0.220696  0.305409
2314 0.180215 0.347807  0.471978
4122 0.337805 0.586794  0.0754013
5284 0.11444 0.578307  0.307253
751 0.0261681 0.635223  0.338609
1724 0.514469 0.209534  0.275997
2502 0.253409 0.445734  0.300856
3319 0.127704 0.387369  0.484928
1612 0.608526 0.13555  0.255924
1609 0.263434 0.129342  0.607224
1607 0.0887972 0.59901  0.312193
3790 0.392495 0.389917  0.217588
5943 0.692638 0.129289  0.178073
4547 0.0472377 0.462727  0.490035
6030 0.280831 0.314019  0.40515
5421 0.445242 0.188431  0.366326
2206 0.455537 0.265313  0.27915
5336 0.182331 0.165317  0.652352
5158 0.218335 0.311771  0.469893
1170 0.413726 0.274595  0.311679
1566 0.392563 0.125493  0.481945
5838 0.317174 0.40547  0.277356
216 0.499395 0.199325  0.30128
1742 0.430929 0.28502  0.284051
5388 0.364825 0.00696857  0.628206
3489 0.124775 0.25932  0.615905
4175 0.341608 0.49287  0.165522
1999 0.0363426 0.261815  0.701842
2568 0.327104 0.337502  0.335393
2763 0.792573 0.118465  0.0889618
3481 0.0460795 0.490935  0.462986
4084 0.531179 0.445027  0.0237945
4903 0.191142 0.233879  0.574979
796 0.475745 0.17796  0.346294
6028 0.209089 0.43704  0.353871
205 0.462537 0.103028  0.434435
5773 0.187505 0.455398  0.357096
3783 0.406001 0.489863  0.104136
3615 0.425304 0.155212  0.419484
753 0.385783 0.250616  0.363601
1719 0.209918 0.363951  0.426131
1307 0.218227 0.211939  0.569834
4152 0.66054 0.0712963  0.268164
1300 0.433399 0.45158  0.115021
1663 0.172715 0.404203  0.423082
161 0.334361 0.318546  0.347093
4546 0.118993 0.767989  0.113018
3556 0.462186 0.219175  0.318639
235 0.309095 0.296319  0.394586
3779 0.362839 0.42464  0.212521
5758 0.596848 0.123306  0.279846
4322 0.568853 0.160937  0.270211
3794 0.374217 0.301604  0.324179
4797 0.335914 0.146178  0.517908
5728 0.254839 0.0127558  0.732405
238 0.512954 0.284736  0.20231
1948 0.0749656 0.830205  0.0948297
13 0.446936 0.442401  0.110663
1180 0.111358 0.519324  0.369318
3644 0.358226 0.0439115  0.597863
4774 0.0747468 0.567383  0.357871
2509 0.397123 0.251398  0.351479
4241 0.0163488 0.443189  0.540462
2077 0.267006 0.32006  0.412934
5272 0.450273 0.24592  0.303807
886 0.414988 0.0299771  0.555035
5075 0.202959 0.656115  0.140926
4585 0.60173 0.357089  0.0411811
2236 0.131567 0.432209  0.436224
5195 0.160868 0.1391  0.700032
3625 0.468544 0.455561  0.0758943
5814 0.314043 0.334328  0.351629
205 0.271918 0.387358  0.340724
4074 0.496196 0.292645  0.211159
3433 0.397952 0.372591  0.229457
966 0.533008 0.0152531  0.451739
5184 0.325563 0.402205  0.272232
1187 0.511411 0.446249  0.0423406
2436 0.209939 0.131035  0.659027
5906 0.361467 0.272664  0.365869
224 0.275877 0.405272  0.318851
4181 0.194163 0.376815  0.429022
2552 0.819327 0.0729957  0.107677
550 0.179013 0.316557  0.50443
4450 0.459192 0.164305  0.376503
325 0.137002 0.07534  0.787658
564 0.0213755 0.659284  0.319341
4096 0.290896 0.118142  0.590962
3824 0.234648 0.405939  0.359413
3408 0.596477 0.37089  0.0326326
569 0.316542 0.373964  0.309494
5151 0.190413 0.387855  0.421731
5298 0.362993 0.228856  0.40815
178 0.0540607 0.293988  0.651952
44 0.130972 0.460915  0.408113
1367 0.487757 0.291141  0.221101
3383 0.452405 0.152054  0.395541
3842 0.327169 0.350817  0.322013
3485 0.0529741 0.610385  0.336641
1000 0.244752 0.24597  0.509278
185 0.355633 0.377073  0.267294
4776 0.167801 0.418253  0.413946
3341 0.189454 0.493588  0.316959
1847 0.247175 0.298759  0.454066
2265 0.475333 0.0244914  0.500176
1013 0.221388 0.43569  0.342923
3476 0.0368283 0.403601  0.559571
2371 0.186813 0.206647  0.606541
91 0.429144 0.314536  0.25632
5509 0.593373 0.346724  0.059903
5224 0.0989332 0.560376  0.340691
3843 0.826871 0.026794  0.146335
4122 0.112333 0.315673  0.571994
962 0.196094 0.446379  0.357527
1797 0.0881089 0.473664  0.438227
1971 0.170006 0.0663743  0.763619
3240 0.101678 0.468416  0.429906
5446 0.331419 0.0110119  0.657569
3340 0.400975 0.461951  0.137074
3594 0.339826 0.21077  0.449404
685 0.144978 0.638963  0.216058
3004 0.29305 0.404832  0.302118
1798 0.109196 0.312154  0.57865
4286 0.265755 0.178503  0.555743
4734 0.307347 0.490356  0.202297
3368 0.0574182 0.573145  0.369437
626 0.10844 0.519552  0.372008
2746 0.247162 0.371088  0.38175
3544 0.729505 0.0171382  0.253357
5306 0.486767 0.27084  0.242393
2734 0.284534 0.552777  0.162689
3391 0.496369 0.346425  0.157206
6037 0.0598707 0.476804  0.463325
3478 0.323659 0.104235  0.572106
1816 0.488824 0.329108  0.182068
5485 0.300713 0.148866  0.550421
450 0.366835 0.361602  0.271563
6097 0.0664263 0.794294  0.139279
891 0.274654 0.388753  0.336593
5576 0.510036 0.202856  0.287108
2926 0.150624 0.452875  0.396501
3438 0.162679 0.657043  0.180279
1671 0.091004 0.488559  0.420437
1900 0.291828 0.101265  0.606907
895 0.337248 0.315073  0.347679
4709 0.109398 0.46614  0.424462
2352 0.194097 0.305077  0.500826
3360 0.631249 0.216113  0.152638
3781 0.495771 0.451524  0.0527047
1875 0.14144 0.598811  0.259749
5341 0.0139306 0.176328  0.809742
5969 0.267487 0.289411  0.443102
3385 0.230242 0.668664  0.101093
3275 0.172912 0.415028  0.41206
1337 0.529874 0.293117  0.177009
1519 0.34096 0.366152  0.292888
2710 0.0505158 0.422279  0.527205
2176 0.286289 0.225302  0.488408
3068 0.0609853 0.507329  0.431686
2626 0.60049 0.109183  0.290327
5427 0.541242 0.235565  0.223192
2559 0.437995 0.34863  0.213375
1533 0.402858 0.24957  0.347572
4264 0.00671378 0.462584  0.530702
659 0.472275 0.109146  0.418579
5878 0.249326 0.487681  0.262993
205 0.41252 0.0865995  0.500881
2556 0.249856 0.380727  0.369416
931 0.233612 0.361579  0.404809
4085 0.337129 0.287016  0.375855
1651 0.765087 0.0991179  0.135795
2281 0.463677 0.321003  0.21532
271 0.329884 0.31976  0.350356
2785 0.0354052 0.624732  0.339863
3342 0.376748 0.506898  0.116354
206 0.0664619 0.432134  0.501404
2144 0.540184 0.105354  0.354462
1599 0.149786 0.513272  0.336942
5659 0.330148 0.255234  0.414618
3915 0.601038 0.386463  0.0124986
5883 0.121532 0.337345  0.541123
3158 0.202156 0.307575  0.490269
5919 0.393398 0.221515  0.385087
5850 0.325217 0.271465  0.403319
846 0.519038 0.45235  0.0286119
1399 0.609153 0.177681  0.213166
4839 0.239532 0.418477  0.341991
278 0.306215 0.252226  0.441559
2254 0.400203 0.24152  0.358276
2129 0.487883 0.472652  0.0394651
3361 0.436576 0.271841  0.291583
84 0.237289 0.509792  0.252919
2851 0.348597 0.212912  0.438491
2458 0.611171 0.179608  0.209221
717 0.329409 0.224499  0.446092
5960 0.359866 0.291837  0.348297
624 0.407349 0.525206  0.0674458
3348 0.454758 0.137459  0.407782
2352 0.178376 0.474816  0.346808
3049 0.051791 0.632992  0.315217
1126 0.417825 0.494365  0.0878107
45 0.236207 0.473667  0.290126
1388 0.405658 0.543319  0.0510232
6079 0.4737 0.055384  0.470916
3609 0.531677 0.433297  0.0350252
9 0.18234 0.379292  0.438368
2547 0.081492 0.153786  0.764722
4218 0.310786 0.441613  0.247601
3365 0.105097 0.664371  0.230532
2848 0.143945 0.492552  0.363503
3141 0.136015 0.432298  0.431687
1197 0.326767 0.42574  0.247493
4244 0.0812319 0.191863  0.726905
2284 0.187875 0.252362  0.559763
5377 0.466919 0.377836  0.155245
5469 0.385843 0.480716  0.133441
878 0.234891 0.639253  0.125856
182 0.213673 0.412482  0.373844
1257 0.206683 0.288497  0.50482
4666 0.364888 0.236773  0.398339
2360 0.356616 0.319795  0.32359
2083 0.215742 0.242327  0.541931
1013 0.068512 0.37332  0.558168
6087 0.561671 0.0483886  0.38994
989 0.575335 0.353416  0.0712497
5001 0.816311 0.0794236  0.104265
2816 0.334033 0.358822  0.307144
4882 0.0937729 0.475991  0.430236
1571 0.452051 0.329681  0.218268
531 0.312145 0.476617  0.211237
4412 0.286373 0.394316  0.31931
1945 0.048975 0.840041  0.110984
2086 0.245127 0.376193  0.37868
3644 0.404791 0.535416  0.0597935
2663 0.691731 0.257437  0.0508314
1517 0.552474 0.400465  0.0470613
4107 0.389389 0.0292217  0.581389
1139 0.480074 0.25102  0.268906
5393 0.608954 0.134824  0.256222
5773 0.357362 0.286364  0.356274
2374 0.292181 0.384041  0.323778
5355 0.400392 0.206079  0.39353
4382 0.515187 0.437874  0.0469393
5526 0.500817 0.386943  0.11224
5423 0.430003 0.217937  0.35206
2228 0.515347 0.292783  0.19187
3175 0.266414 0.395651  0.337935
4122 0.441224 0.322311  0.236465
4834 0.318244 0.304267  0.377489
5625 0.744826 0.0238628  0.231312
3211 0.313144 0.0622308  0.624625
463 0.530245 0.0936981  0.376057
2949 0.140823 0.432623  0.426554
1376 0.223069 0.325561  0.45137
3341 0.578492 0.052353  0.369155
989 0.186637 0.58249  0.230874
2547 0.16632 0.492015  0.341665
5244 0.456142 0.379735  0.164123
3273 0.122848 0.533284  0.343868
4886 0.497933 0.111032  0.391036
447 0.438877 0.289866  0.271256
4686 0.215764 0.589753  0.194482
2684 0.240644 0.61944  0.139916
3325 0.113571 0.368537  0.517892
319 0.424977 0.253516  0.321506
5680 0.60238 0.16349  0.23413
1417 0.476496 0.194531  0.328973
4386 0.349487 0.0285723  0.621941
2554 0.0377975 0.0519844  0.910218
3711 0.371052 0.192614  0.436334
2237 0.459428 0.263509  0.277063
4823 0.582851 0.0546068  0.362542
1962 0.294176 0.266096  0.439728
4084 0.68848 0.239179  0.0723414
5868 0.574585 0.130353  0.295062
5759 0.385451 0.469517  0.145031
2221 0.0947848 0.216633  0.688582
738 0.653323 0.097572  0.249105
3110 0.187305 0.337353  0.475343
6117 0.46715 0.393814  0.139036
6106 0.35676 0.317692  0.325548
2025 0.337968 0.320339  0.341693
4415 0.143624 0.633703  0.222672
1560 0.556902 0.235793  0.207304
3800 0.585424 0.195953  0.218623
1728 0.611525 0.111281  0.277194
678 0.272351 0.388073  0.339576
4145 0.449873 0.165791  0.384335
83 0.53099 0.203305  0.265704
414 0.0812629 0.251459  0.667278
2399 0.47899 0.294488  0.226522
1081 0.270951 0.3986  0.330449
2368 0.329464 0.497159  0.173377
2859 0.149081 0.553843  0.297076
2276 0.252047 0.476037  0.271915
5870 0.224507 0.386878  0.388615
5864 0.486565 0.142842  0.370592
4661 0.457416 0.10955  0.433034
3233 0.351918 0.113589  0.534493
4773 0.429518 0.324019  0.246463
1287 0.385186 0.183143  0.431671
141 0.224898 0.562148  0.212954
865 0.360835 0.290527  0.348638
4314 0.534441 0.401151  0.0644079
4193 0.442602 0.538556  0.0188422
740 0.452649 0.0509661  0.496385
1911 0.134043 0.358488  0.507469
616 0.174507 0.285717  0.539776
2407 0.202779 0.368422  0.428799
4026 0.220701 0.0674811  0.711818
5612 0.349138 0.234133  0.416729
4100 0.445497 0.365647  0.188856
1174 0.265389 0.252076  0.482536
3485 0.309787 0.540952  0.149261
1646 0.241009 0.398581  0.36041
1026 0.722085 0.0410132  0.236902
2594 0.354636 0.369404  0.27596
2771 0.478392 0.247353  0.274256
707 0.193303 0.364126  0.442571
2700 0.383088 0.302763  0.314148
324 0.481633 0.176733  0.341634
4694 0.0999753 0.807578  0.0924468
2860 0.487697 0.3684  0.143903
5512 0.357233 0.048755  0.594012
4181 0.463403 0.410934  0.125663
401 0.244202 0.230681  0.525117
4289 0.379218 0.133218  0.487563
2920 0.6049 0.34181  0.0532898
2728 0.445169 0.189511  0.365319
2509 0.184139 0.137798  0.678063
4958 0.081476 0.0894946  0.829029
3628 0.391975 0.575975  0.0320499
3462 0.437393 0.0803856  0.482221
2895 0.311686 0.317702  0.370612
2599 0.389828 0.147428  0.462744
6026 0.2273 0.53411  0.23859
2634 0.314437 0.419161  0.266402
5193 0.585258 0.149342  0.2654
904 0.455619 0.273912  0.270469
1000 0.367576 0.330518  0.301906
3456 0.407926 0.223176  0.368898
3495 0.33663 0.345982  0.317388
281 0.544559 0.0521419  0.403299
5093 0.379985 0.173027  0.446987
5905 0.0776471 0.346107  0.576246
1655 0.175186 0.412099  0.412715
5592 0.424643 0.296121  0.279236
5270 0.027813 0.145706  0.826481
5730 0.225649 0.396121  0.37823
4091 0.248174 0.637467  0.114359
3222 0.187563 0.101429  0.711008
1395 0.438116 0.517192  0.0446916
2918 0.141381 0.474946  0.383674
1331 0.212514 0.552208  0.235278
3852 0.288796 0.00922462  0.70198
640 0.23379 0.21679  0.54942
2119 0.627704 0.188131  0.184165
4604 0.408709 0.0964676  0.494824
5179 0.416692 0.277438  0.305869
3274 0.0516204 0.416444  0.531936
3499 0.0552687 0.519183  0.425548
5502 0.217227 0.489966  0.292807
4263 0.203918 0.7201  0.0759826
3242 0.123967 0.464483  0.411549
5644 0.363052 0.146254  0.490695
3216 0.181312 0.283807  0.534882
5450 0.389203 0.379677  0.23112
6108 0.29235 0.0240183  0.683631
4486 0.175399 0.338138  0.486463
550 0.4206 0.128304  0.451096
788 0.427153 0.16243  0.410417
592 0.0967219 0.504593  0.398685
3675 0.422618 0.386821  0.190561
2553 0.625976 0.235849  0.138175
1778 0.311669 0.246641  0.441689
1886 0.213166 0.364937  0.421897
381 0.177082 0.390475  0.432443
2033 0.291086 0.372297  0.336617
4032 0.264675 0.682616  0.0527088
3833 0.152279 0.368544  0.479176
3503 0.411952 0.306046  0.282002
347 0.201599 0.436033  0.362368
4834 0.325785 0.504691  0.169524
32 0.372137 0.253496  0.374366
5910 0.437511 0.211418  0.351071
5564 0.215464 0.47212  0.312416
4508 0.425012 0.135686  0.439302
1747 0.351396 0.0760104  0.572594
97 0.543653 0.0468544  0.409493
1468 0.469094 0.0149223  0.515984
168 0.410281 0.27387  0.315849
2490 0.263664 0.468879  0.267456
5471 0.648717 0.277008  0.0742748
2935 0.143106 0.470963  0.385932
5280 0.343577 0.337029  0.319395
2534 0.367093 0.489161  0.143745
1914 0.405638 0.512813  0.0815496
4257 0.200608 0.606853  0.192539
4068 0.261935 0.472783  0.265282
2932 0.647321 0.132869  0.219811
6136 0.396075 0.374168  0.229757
74 0.140756 0.594594  0.26465
5027 0.0716314 0.0780545  0.850314
2899 0.368286 0.221055  0.410659
6073 0.229382 0.50837  0.262249
5148 0.2853 0.500177  0.214523
4285 0.25612 0.103294  0.640586
4788 0.192686 0.393906  0.413408
31 0.39717 0.475886  0.126944
2887 0.415134 0.231269  0.353596
2136 0.343813 0.45744  0.198747
2360 0.298537 0.168208  0.533254
4568 0.827554 0.130342  0.0421039
1980 0.304735 0.329825  0.36544
3529 0.103539 0.102573  0.793888
2416 0.109466 0.691439  0.199096
4672 0.20502 0.112661  0.68232
6082 0.425754 0.0565498  0.517697
3067 0.227803 0.572332  0.199865
3191 0.187223 0.246309  0.566468
4816 0.652252 0.0565612  0.291187
7 0.382199 0.174156  0.443645
1741 0.42852 0.261751  0.309729
2129 0.0823483 0.744092  0.17356
643 0.632194 0.0768757  0.29093
4233 0.601282 0.146435  0.252283
4618 0.426061 0.378574  0.195366
4380 0.515984 0.377664  0.106351
1017 0.306621 0.324751  0.368628
3782 0.501521 0.155683  0.342796
5923 0.480194 0.213866  0.30594
4840 0.296373 0.463999  0.239629
3107 0.484172 0.330198  0.18563
5991 0.0399605 0.587784  0.372255
3220 0.272962 0.31064  0.416398
3650 0.0340481 0.119693  0.846259
5458 0.424399 0.0345378  0.541063
575 0.439444 0.456866  0.10369
435 0.503647 0.422678  0.0736755
1754 0.383579 0.484448  0.131973
5632 0.275535 0.405901  0.318565
2781 0.0757011 0.614621  0.309678
2713 0.285365 0.210869  0.503765
5033 0.519507 0.438976  0.0415166
4222 0.262707 0.280801  0.456492
5074 0.411248 0.289346  0.299406
3824 0.266915 0.26688  0.466205
3506 0.760991 0.0198997  0.219109
2534 0.0968774 0.434799  0.468324
2522 0.0540431 0.464099  0.481858
1814 0.0729928 0.140588  0.786419
5915 0.409497 0.456291  0.134212
3642 0.539654 0.0187379  0.441608
4908 0.28318 0.385511  0.331309
5820 0.352707 0.257572  0.389722
74 0.255113 0.31507  0.429817
5778 0.416249 0.0153067  0.568444
4502 0.322007 0.513451  0.164542
2656 0.113244 0.528851  0.357905
310 0.0627735 0.364828  0.572399
1453 0.0723233 0.678951  0.248726
2511 0.113107 0.820577  0.0663161
5845 0.35252 0.444571  0.202909
1562 0.568427 0.296291  0.135282
1432 0.0129311 0.761966  0.225103
4874 0.141668 0.368946  0.489386
499 0.317965 0.45292  0.229116
5534 0.148273 0.585229  0.266497
5212 0.63462 0.052284  0.313096
860 0.339953 0.33481  0.325237
3092 0.176493 0.63846  0.185047
1258 0.499774 0.339176  0.161049
1986 0.382815 0.282653  0.334532
1753 0.514425 0.294406  0.191169
5963 0.329604 0.121789  0.548607
5628 0.101088 0.552986  0.345926
1655 0.46831 0.130945  0.400745
1140 0.244649 0.155933  0.599418
2825 0.0683836 0.499588  0.432029
6076 0.173126 0.421347  0.405527
2795 0.0311671 0.657688  0.311145
752 0.29716 0.408287  0.294553
5020 0.320104 0.374803  0.305093
5589 0.469658 0.328761  0.201582
1884 0.318554 0.334648  0.346798
3999 0.172911 0.491463  0.335625
4972 0.258961 0.428062  0.312977
4775 0.69624 0.192805  0.110955
5529 0.197268 0.526703  0.276029
4667 0.336928 0.108515  0.554557
1661 0.155822 0.363836  0.480342
1845 0.146135 0.512259  0.341606
1093 0.488114 0.272202  0.239684
4887 0.442927 0.547364  0.0097096
2950 0.125401 0.650449  0.22415
1961 0.0699137 0.787706  0.142381
3347 0.45892 0.127518  0.413562
124 0.684919 0.182425  0.132657
3850 0.605074 0.117316  0.27761
1056 0.0552077 0.283519  0.661274
3829 0.47006 0.428822  0.101118
5766 0.169595 0.304116  0.526288
1597 0.314317 0.2248  0.460884
4674 0.430625 0.302918  0.266457
5173 0.149579 0.473518  0.376903
3103 0.318004 0.0317165  0.650279
1301 0.550555 0.16472  0.284725
40 0.137752 0.494297  0.367951
4080 0.0773636 0.363675  0.558961
1589 0.46857 0.433567  0.0978633
1393 0.606172 0.169765  0.224062
2201 0.0299135 0.276843  0.693243
2645 0.0625755 0.323193  0.614232
3810 0.38306 0.236148  0.380792
417 0.428454 0.301941  0.269604
1170 0.567113 0.256625  0.176261
1609 0.259438 0.520865  0.219698
2085 0.356572 0.50442  0.139008
3515 0.399294 0.24414  0.356566
4937 0.666377 0.1803  0.153323
166 0.113725 0.273825  0.61245
785 0.19709 0.367422  0.435488
4682 0.407974 0.211259  0.380767
4901 0.459695 0.25075  0.289555
2974 0.0391171 0.396133  0.564749
3977 0.474188 0.238668  0.287144
5461 0.242158 0.514968  0.242874
6005 0.515483 0.1423  0.342217
1519 0.249473 0.569073  0.181454
2049 0.131879 0.393373  0.474748
2436 0.210419 0.238818  0.550762
4889 0.0653286 0.584483  0.350188
5876 0.398338 0.374634  0.227028
5141 0.41935 0.426651  0.153999
2742 0.571908 0.281264  0.146828
1814 0.377486 0.210385  0.412129
1071 0.16779 0.367991  0.464219
3789 0.155484 0.408329  0.436187
2253 0.154738 0.385423  0.459839
1203 0.217045 0.616141  0.166814
2320 0.110403 0.793692  0.0959045
3286 0.395008 0.0984868  0.506506
2404 0.407289 0.435391  0.157321
5692 0.122091 0.509485  0.368425
2583 0.447435 0.362637  0.189928
26 0.363869 0.542073  0.0940578
5991 0.126141 0.500858  0.373001
2375 0.6463 0.157826  0.195874
1501 0.552736 0.13223  0.315034
3028 0.347916 0.328909  0.323176
5069 0.60284 0.104116  0.293044
3151 0.748391 0.110288  0.141321
4573 0.215148 0.333638  0.451214
4144 0.529188 0.0414187  0.429394
2641 0.369718 0.259277  0.371006
5526 0.650336 0.25363  0.096034
1458 0.19926 0.535864  0.264876
141 0.38315 0.24563  0.371219
4852 0.0806723 0.5213  0.398028
200 0.431661 0.465641  0.102698
5818 0.323808 0.245482  0.43071
3379 0.409731 0.298689  0.29158
2572 0.582324 0.221358  0.196318
1134 0.356953 0.311552  0.331495
2216 0.421118 0.290914  0.287968
4468 0.0679327 0.533716  0.398352
56 0.567049 0.326061  0.10689
2214 0.367597 0.0367656  0.595638
3812 0.345709 0.306327  0.347964
1262 0.0243724 0.488255  0.487373
3098 0.246742 0.435651  0.317608
2938 0.388689 0.434244  0.177067
4140 0.0952212 0.375029  0.52975
3341 0.409183 0.440299  0.150518
3717 0.292935 0.114729  0.592336
94 0.561191 0.177436  0.261372
5748 0.307999 0.0130147  0.678986
2296 0.409604 0.371436  0.21896
1482 0.0210892 0.440549  0.538362
999 0.773848 0.149756  0.0763959
921 0.597959 0.0175019  0.384539
841 0.350896 0.544033  0.105071
4364 0.382395 0.243621  0.373984
4891 0.288375 0.246936  0.464688
3321 0.275861 0.538539  0.185601
219 0.425272 0.477311  0.0974166
2323 0.394636 0.37639  0.228974
25 0.169539 0.221369  0.609093
4486 0.0657328 0.450451  0.483817
3627 0.403127 0.417212  0.179662
5176 0.0784754 0.419479  0.502046
1871 0.515601 0.184924  0.299476
1845 0.27772 0.347965  0.374315
1941 0.081935 0.442042  0.476023
2702 0.187434 0.641735  0.170831
5183 0.15261 0.345208  0.502182
4821 0.464547 0.153186  0.382268
2680 0.110219 0.413774  0.476007
2322 0.531305 0.210594  0.258101
1258 0.258287 0.696527  0.0451863
572 0.0229471 0.666048  0.311005
1398 0.460222 0.372404  0.167374
2291 0.213204 0.493731  0.293065
1743 0.0602987 0.144726  0.794975
4445 0.360772 0.285465  0.353762
5629 0.578533 0.365031  0.056436
3250 0.201728 0.323317  0.474956
307 0.066987 0.638562  0.294451
4720 0.492773 0.0935745  0.413652
5774 0.0183819 0.517714  0.463904
6076 0.601004 0.285323  0.113673
3424 0.421345 0.303787  0.274868
5192 0.320623 0.592446  0.0869315
4303 0.213485 0.0543235  0.732191
4854 0.274961 0.45559  0.269449
1995 0.441749 0.366043  0.192208
5200 0.207425 0.458526  0.334049
5706 0.0764893 0.488037  0.435474
1415 0.313155 0.260497  0.426348
5939 0.141399 0.41899  0.439611
3342 0.390217 0.0672959  0.542487
5062 0.174265 0.091391  0.734344
3230 0.312783 0.591595  0.0956213
5125 0.512536 0.1286  0.358864
2281 0.631045 0.21977  0.149185
5667 0.393546 0.105201  0.501253
3814 0.338138 0.551766  0.110096
