11765 0.035079 0.462005  0.502916
1364 0.407384 0.434683  0.157933
1077 0.366049 0.549617  0.0843341
7909 0.293098 0.340774  0.366128
12323 0.430858 0.370864  0.198278
4869 0.213558 0.647163  0.13928
9304 0.525086 0.215672  0.259242
450 0.315652 0.315086  0.369262
3720 0.105982 0.549597  0.344421
10460 0.2934 0.458498  0.248102
12189 0.294933 0.325405  0.379662
11608 0.335877 0.260636  0.403487
11735 0.721274 0.0412784  0.237447
1915 0.398028 0.288733  0.313239
9887 0.336896 0.331429  0.331675
5704 0.501924 0.245972  0.252104
11229 0.201056 0.672089  0.126855
12257 0.443166 0.447143  0.10969
4126 0.252999 0.536908  0.210093
5274 0.532224 0.24518  0.222597
1894 0.194376 0.424557  0.381067
11898 0.462239 0.466188  0.0715734
10960 0.267435 0.149229  0.583336
10661 0.235297 0.417102  0.347601
7633 0.375628 0.17221  0.452162
9408 0.162161 0.545394  0.292445
1616 0.406297 0.113631  0.480072
5489 0.375347 0.206029  0.418625
3361 0.320502 0.488892  0.190606
2159 0.462368 0.484281  0.0533513
3395 0.265214 0.294993  0.439793
11452 0.405984 0.536202  0.0578135
7296 0.200214 0.30715  0.492636
421 0.324781 0.371609  0.303609
4843 0.388432 0.0603686  0.5512
3419 0.325614 0.224082  0.450304
2294 0.492831 0.499053  0.00811597
1636 0.211384 0.208222  0.580394
9929 0.329406 0.656082  0.0145116
3837 0.307451 0.541022  0.151528
5493 0.291102 0.324471  0.384426
9276 0.324418 0.169184  0.506398
5849 0.3053 0.214889  0.479811
905 0.254946 0.372815  0.372239
5330 0.684707 0.0880839  0.227209
5371 0.141349 0.613591  0.24506
12213 0.339771 0.134595  0.525634
11892 0.18228 0.667976  0.149744
3522 0.013507 0.407569  0.578924
1219 0.716926 0.0672519  0.215822
1885 0.376459 0.338738  0.284803
9637 0.153231 0.355807  0.490962
11793 0.46539 0.217762  0.316847
4747 0.440645 0.332124  0.227231
5952 0.240166 0.295758  0.464075
9689 0.500337 0.292862  0.206801
1227 0.331442 0.165187  0.503371
3427 0.379873 0.440056  0.180071
4463 0.370652 0.350378  0.278971
8394 0.122647 0.51265  0.364703
3572 0.362508 0.340475  0.297017
811 0.259901 0.35673  0.383369
2162 0.0711632 0.415968  0.512869
1541 0.386117 0.565793  0.0480901
392 0.232827 0.04459  0.722583
1807 0.0924215 0.285239  0.62234
12000 0.212894 0.705776  0.0813301
12018 0.16033 0.207922  0.631747
813 0.353353 0.447153  0.199494
7757 0.432471 0.0757018  0.491827
7021 0.262384 0.354065  0.383552
7657 0.210476 0.49731  0.292214
1240 0.206562 0.259354  0.534084
3102 0.520106 0.257282  0.222611
10978 0.375759 0.279955  0.344285
11593 0.205557 0.549252  0.245191
11910 0.00909859 0.701233  0.289668
4445 0.346747 0.223154  0.430099
12291 0.213724 0.659977  0.126299
9883 0.609249 0.0998569  0.290894
8306 0.38947 0.522976  0.0875535
11678 0.132612 0.789292  0.0780957
4156 0.190902 0.261296  0.547802
1582 0.470784 0.118415  0.410802
11954 0.321449 0.353133  0.325418
10494 0.564318 0.298437  0.137245
11749 0.402623 0.0863885  0.510988
12247 0.200272 0.371112  0.428616
5242 0.227325 0.355171  0.417504
9874 0.113723 0.47052  0.415757
7346 0.431826 0.143977  0.424197
2106 0.423123 0.492698  0.0841786
1274 0.36157 0.508101  0.130329
9946 0.25065 0.328994  0.420357
3736 0.393584 0.330371  0.276045
1869 0.474414 0.157443  0.368143
2103 0.128325 0.839822  0.0318531
153 0.116707 0.423919  0.459374
8123 0.378224 0.118929  0.502847
7796 0.627253 0.341215  0.0315325
4485 0.574701 0.0450407  0.380258
2529 0.725407 0.151169  0.123424
8609 0.3909 0.324633  0.284467
10694 0.138322 0.0759631  0.785715
11644 0.340272 0.312831  0.346897
4157 0.596578 0.224148  0.179274
6094 0.270646 0.357831  0.371523
5103 0.698154 0.197717  0.104129
4183 0.28296 0.404315  0.312725
613 0.429443 0.363866  0.20669
8371 0.125854 0.59969  0.274456
3465 0.431571 0.266951  0.301478
2053 0.309154 0.307799  0.383047
10039 0.56968 0.408521  0.0217995
3787 0.175164 0.391619  0.433216
3492 0.618459 0.223097  0.158444
10120 0.320555 0.17928  0.500165
3281 0.482086 0.416235  0.101678
2210 0.355217 0.483227  0.161556
3873 0.108747 0.463137  0.428116
105 0.40288 0.253004  0.344117
12134 0.548224 0.188875  0.262901
2795 0.140592 0.750489  0.108919
10573 0.249017 0.365154  0.385829
1450 0.0440602 0.432697  0.523243
5108 0.606605 0.152294  0.241101
8099 0.365859 0.258466  0.375675
8086 0.648989 0.0942962  0.256715
9596 0.5618 0.428248  0.00995257
2056 0.559346 0.0614959  0.379158
775 0.423953 0.394373  0.181674
9404 0.511311 0.249262  0.239427
6935 0.0283864 0.497222  0.474392
6262 0.0998005 0.58245  0.317749
6316 0.0985366 0.562987  0.338477
1192 0.394934 0.360311  0.244755
6158 0.449232 0.145014  0.405754
12246 0.632872 0.172814  0.194313
6652 0.294409 0.116894  0.588697
3851 0.0297527 0.272939  0.697308
6786 0.400978 0.254377  0.344645
6175 0.431692 0.14382  0.424487
3795 0.399606 0.104075  0.496319
8937 0.252682 0.585442  0.161876
7890 0.0888926 0.430559  0.480549
60 0.181719 0.376998  0.441283
7145 0.452831 0.257618  0.289552
3610 0.0130536 0.547186  0.43976
8985 0.535217 0.189923  0.27486
997 0.208967 0.715169  0.075864
2192 0.313103 0.190001  0.496897
4334 0.0662205 0.599335  0.334445
11405 0.538281 0.122195  0.339524
8402 0.471184 0.508697  0.0201186
83 0.379753 0.45441  0.165838
2673 0.253068 0.424579  0.322352
9994 0.359619 0.0336281  0.606753
74 0.422032 0.466053  0.111915
12422 0.149682 0.305153  0.545165
10835 0.0230671 0.569677  0.407256
3076 0.610847 0.380744  0.00840838
3696 0.211161 0.297734  0.491105
4048 0.595256 0.106095  0.29865
9238 0.240607 0.340676  0.418716
7222 0.176907 0.59264  0.230453
9952 0.0177126 0.392936  0.589351
11170 0.275921 0.116339  0.607739
9632 0.546727 0.405829  0.0474438
10816 0.520187 0.057185  0.422628
5426 0.0715702 0.516667  0.411763
12251 0.630886 0.101006  0.268109
7670 0.185802 0.0328713  0.781327
6057 0.404906 0.472383  0.122711
11701 0.465264 0.306851  0.227885
4797 0.372243 0.464486  0.163271
7593 0.646717 0.168236  0.185047
6050 0.585152 0.272286  0.142562
2820 0.623153 0.354496  0.0223518
7688 0.217176 0.312777  0.470046
8977 0.336407 0.0431  0.620493
3609 0.0242838 0.634757  0.340959
5498 0.558875 0.259601  0.181524
10671 0.554482 0.369246  0.0762721
9536 0.227708 0.400157  0.372135
9030 0.407219 0.129482  0.463299
1551 0.256152 0.184523  0.559325
10297 0.264989 0.436575  0.298437
7306 0.570832 0.0534656  0.375703
5737 0.31249 0.189164  0.498346
12091 0.30528 0.67277  0.0219504
9274 0.343526 0.18864  0.467833
11597 0.0641775 0.263071  0.672751
5456 0.567202 0.215699  0.217098
7980 0.475724 0.12293  0.401346
11737 0.448777 0.261583  0.28964
1810 0.273303 0.382332  0.344366
8228 0.0221197 0.740948  0.236932
3024 0.378498 0.325563  0.295939
240 0.52226 0.455892  0.0218474
970 0.403571 0.412946  0.183483
6575 0.181569 0.498527  0.319904
6406 0.0211528 0.532163  0.446684
4019 0.357173 0.0917213  0.551106
10183 0.529972 0.324491  0.145537
9969 0.513238 0.0177228  0.469039
882 0.0441666 0.38794  0.567894
4948 0.214634 0.178209  0.607158
221 0.693619 0.178941  0.127439
5517 0.154139 0.436738  0.409124
9661 0.221118 0.458214  0.320668
7419 0.140744 0.210057  0.649199
11426 0.0897303 0.453461  0.456809
3875 0.0395678 0.66594  0.294492
7557 0.522628 0.281993  0.195379
10302 0.374683 0.316148  0.309169
6621 0.72193 0.0576467  0.220423
3030 0.392089 0.367255  0.240657
3278 0.376518 0.45098  0.172502
5694 0.30689 0.350641  0.342469
5371 0.225419 0.455575  0.319007
192 0.58329 0.00845823  0.408252
4279 0.287132 0.30597  0.406898
7929 0.121185 0.0850292  0.793786
1578 0.0932007 0.457486  0.449313
4940 0.554392 0.311598  0.134011
2083 0.400335 0.399614  0.200051
5858 0.458243 0.297168  0.244589
11871 0.403027 0.272077  0.324896
866 0.12959 0.241724  0.628686
2393 0.245832 0.363  0.391168
1253 0.374662 0.0387156  0.586623
1782 0.396332 0.219572  0.384096
1420 0.479772 0.405298  0.11493
10783 0.394922 0.28416  0.320919
4112 0.304267 0.421386  0.274346
2070 0.485263 0.252516  0.262221
7462 0.0495517 0.563137  0.387312
3610 0.0655926 0.519064  0.415343
7309 0.204197 0.652025  0.143778
9621 0.408927 0.273112  0.317961
4045 0.173957 0.436106  0.389937
10781 0.383968 0.372521  0.243511
2322 0.234457 0.538185  0.227358
4402 0.429453 0.305407  0.26514
6261 0.598868 0.281382  0.119751
1355 0.377469 0.438347  0.184183
1847 0.155535 0.506921  0.337545
3578 0.914951 0.0668845  0.0181646
4401 0.309817 0.478954  0.211229
589 0.216993 0.453136  0.329871
4758 0.329553 0.256954  0.413493
7650 0.393312 0.271479  0.335209
9324 0.353763 0.283741  0.362496
667 0.370295 0.393867  0.235837
7593 0.467078 0.299022  0.2339
1947 0.0658684 0.522557  0.411574
2117 0.613133 0.00814148  0.378725
11159 0.233331 0.165093  0.601576
4496 0.387998 0.380403  0.231599
11437 0.153032 0.106909  0.740059
11240 0.0262317 0.201561  0.772207
5492 0.605868 0.0308245  0.363307
2666 0.275431 0.233469  0.4911
4607 0.367157 0.349911  0.282932
2053 0.220248 0.47205  0.307702
3361 0.303281 0.0837555  0.612963
10837 0.262337 0.236902  0.500762
11743 0.422102 0.343003  0.234896
3907 0.404274 0.539706  0.0560194
1341 0.504071 0.0444131  0.451516
9363 0.450177 0.245893  0.30393
9904 0.18017 0.796688  0.0231421
10362 0.380899 0.504096  0.115005
11497 0.394444 0.0871508  0.518405
3791 0.813875 0.0893964  0.0967289
10642 0.0569531 0.502179  0.440868
3858 0.114102 0.276868  0.60903
968 0.262663 0.357474  0.379862
1454 0.54316 0.306441  0.1504
6756 0.164392 0.791688  0.0439197
9583 0.141741 0.268766  0.589493
8031 0.436674 0.548955  0.0143714
6741 0.470287 0.329755  0.199958
8459 0.361165 0.543103  0.0957321
1690 0.234273 0.731486  0.0342405
2029 0.533962 0.429433  0.036605
6593 0.0504619 0.512902  0.436636
5791 0.38203 0.308931  0.309039
6603 0.135142 0.453506  0.411352
2733 0.439818 0.118068  0.442114
9271 0.0943296 0.0657815  0.839889
9569 0.386025 0.373715  0.24026
11450 0.201058 0.4489  0.350041
7021 0.50802 0.467632  0.024348
1324 0.319674 0.231402  0.448924
9313 0.135927 0.280411  0.583662
11977 0.2155 0.217911  0.566589
11304 0.375187 0.260222  0.364591
8104 0.510875 0.143048  0.346077
9989 0.282002 0.317286  0.400711
5123 0.149331 0.645429  0.20524
3356 0.141753 0.341307  0.516941
23 0.260464 0.253403  0.486133
4586 0.413948 0.411792  0.174261
3876 0.0771375 0.433163  0.489699
10464 0.0190379 0.300574  0.680388
11898 0.460569 0.134131  0.4053
10878 0.337242 0.558097  0.104662
8744 0.390941 0.376799  0.23226
6760 0.190531 0.428492  0.380977
858 0.341913 0.186106  0.471981
94 0.396972 0.306988  0.29604
9590 0.462133 0.484421  0.0534452
10145 0.340439 0.30048  0.359081
1532 0.297078 0.533573  0.169349
1832 0.648227 0.0352984  0.316475
7368 0.512211 0.252793  0.234996
2857 0.309461 0.529594  0.160945
12201 0.258011 0.672038  0.069951
6567 0.173989 0.477102  0.348909
10779 0.465708 0.293378  0.240914
1358 0.180451 0.595829  0.22372
1955 0.63403 0.159892  0.206077
6348 0.336669 0.413899  0.249432
3014 0.351004 0.0441354  0.604861
1728 0.107642 0.829039  0.0633183
11049 0.0923302 0.867059  0.0406104
124 0.137503 0.485275  0.377223
3768 0.138263 0.21901  0.642727
8154 0.604702 0.0549039  0.340394
365 0.408942 0.0767902  0.514268
11823 0.395757 0.379066  0.225178
2881 0.347156 0.435706  0.217138
2332 0.141614 0.0826552  0.775731
7407 0.579278 0.183977  0.236745
5539 0.374445 0.406542  0.219013
7181 0.445421 0.265522  0.289057
3155 0.59279 0.150502  0.256708
12000 0.136984 0.579606  0.28341
10246 0.541693 0.442546  0.0157604
11276 0.458146 0.292393  0.249462
9131 0.234465 0.393063  0.372472
1818 0.445818 0.320674  0.233508
10505 0.294771 0.308114  0.397114
740 0.0629904 0.483562  0.453447
1522 0.326001 0.115726  0.558273
3967 0.239235 0.273856  0.486908
9723 0.373788 0.455612  0.1706
3758 0.124878 0.338117  0.537005
6713 0.0513983 0.340479  0.608123
776 0.290676 0.370793  0.338531
884 0.306532 0.312811  0.380657
10679 0.35317 0.206401  0.440429
5248 0.33614 0.390564  0.273295
4721 0.317256 0.305486  0.377259
9499 0.290749 0.337677  0.371573
2253 0.290736 0.379891  0.329374
374 0.0257641 0.535498  0.438738
11481 0.299815 0.304037  0.396148
838 0.329501 0.440653  0.229846
2834 0.267474 0.230585  0.50194
4094 0.374693 0.482689  0.142618
9713 0.192288 0.375773  0.431939
6609 0.172943 0.3087  0.518358
8748 0.192079 0.681153  0.126768
1280 0.0993621 0.334877  0.565761
8305 0.247477 0.592923  0.159601
10857 0.234989 0.453121  0.31189
8212 0.381388 0.256773  0.361839
10551 0.0110865 0.837485  0.151429
9685 0.52908 0.149908  0.321012
3755 0.622437 0.256383  0.12118
3298 0.399374 0.159008  0.441618
3248 0.43098 0.25773  0.31129
996 0.703204 0.0599541  0.236842
11975 0.297712 0.0676299  0.634658
5979 0.380882 0.168658  0.45046
2787 0.541432 0.274086  0.184482
2430 0.330399 0.438239  0.231361
11000 0.650154 0.287545  0.0623006
11609 0.109115 0.522894  0.367991
4892 0.51259 0.381312  0.106097
1579 0.490405 0.388632  0.120963
4558 0.115638 0.462507  0.421855
3853 0.320978 0.494418  0.184605
3197 0.124144 0.0401471  0.835709
2974 0.540556 0.0615533  0.39789
11788 0.032317 0.48601  0.481674
12451 0.0406765 0.81832  0.141003
9070 0.184921 0.422474  0.392605
6428 0.261761 0.426801  0.311438
2062 0.438981 0.16419  0.396829
10519 0.486504 0.132335  0.381161
516 0.245347 0.501034  0.253619
10924 0.347494 0.254055  0.398451
10427 0.251207 0.369051  0.379741
2271 0.282297 0.312885  0.404819
5140 0.379213 0.0842316  0.536555
196 0.0161136 0.770056  0.21383
8909 0.33552 0.232641  0.431839
7109 0.460345 0.481212  0.0584424
7790 0.3573 0.375837  0.266863
2669 0.352692 0.608649  0.0386597
5203 0.0598088 0.330124  0.610067
11659 0.670168 0.0107465  0.319086
6397 0.081884 0.324926  0.59319
11885 0.0684609 0.706958  0.224581
3938 0.374493 0.247481  0.378026
10850 0.221753 0.207422  0.570826
2485 0.566377 0.0259506  0.407672
4288 0.228106 0.432498  0.339396
7190 0.0429818 0.18779  0.769228
5738 0.383559 0.383579  0.232862
4913 0.29125 0.406264  0.302486
7704 0.320754 0.0765947  0.602651
7528 0.0603002 0.797142  0.142557
11564 0.285806 0.662329  0.0518648
1332 0.368061 0.312098  0.319841
3567 0.11637 0.562767  0.320862
8339 0.272734 0.147873  0.579393
9170 0.534467 0.425662  0.0398712
6995 0.506948 0.202778  0.290274
9378 0.0518476 0.438985  0.509167
3076 0.363869 0.0937127  0.542418
1487 0.517923 0.00799148  0.474085
4522 0.560274 0.0304401  0.409286
3662 0.804119 0.105622  0.0902594
7620 0.420434 0.232251  0.347315
2676 0.576938 0.123645  0.299417
172 0.511262 0.4145  0.0742385
11299 0.01061 0.599645  0.389745
6389 0.083633 0.768975  0.147392
1965 0.431813 0.0213711  0.546816
2379 0.185704 0.716064  0.0982312
3761 0.00904981 0.598156  0.392794
846 0.443291 0.162625  0.394084
9268 0.643152 0.214411  0.142437
10911 0.121784 0.540868  0.337348
733 0.391279 0.172552  0.436169
1983 0.356071 0.0604003  0.583529
9532 0.169334 0.401115  0.429551
9676 0.297962 0.38655  0.315488
9903 0.298727 0.583385  0.117888
993 0.0589599 0.35566  0.585381
11795 0.252036 0.380469  0.367495
9107 0.441479 0.0190384  0.539482
10444 0.441508 0.100906  0.457587
614 0.112088 0.435769  0.452143
1286 0.448483 0.440729  0.110788
2703 0.0942611 0.412444  0.493295
8575 0.0953498 0.161464  0.743187
11212 0.16851 0.306796  0.524695
11283 0.279607 0.201234  0.519158
695 0.524139 0.404081  0.07178
2956 0.438806 0.190408  0.370787
2563 0.402235 0.338376  0.259389
7525 0.365429 0.195552  0.439018
9515 0.357099 0.29284  0.350061
9479 0.37296 0.436737  0.190304
4263 0.31767 0.336408  0.345922
3917 0.420808 0.337768  0.241423
5529 0.202293 0.368808  0.428899
10650 0.592534 0.325152  0.0823134
7570 0.141875 0.588455  0.26967
9660 0.767855 0.0586375  0.173507
233 0.245543 0.120189  0.634268
375 0.288791 0.453275  0.257934
1852 0.35404 0.557359  0.0886009
10996 0.741126 0.0994049  0.159469
295 0.332763 0.392053  0.275184
6602 0.634857 0.138158  0.226985
3799 0.0967445 0.378422  0.524834
2546 0.223897 0.160038  0.616065
7887 0.482 0.377831  0.140169
8367 0.132706 0.212738  0.654556
11634 0.677971 0.0814985  0.24053
3794 0.214232 0.376297  0.409471
5055 0.439185 0.38493  0.175885
8634 0.205604 0.340851  0.453545
4514 0.0383605 0.368405  0.593235
7970 0.0670619 0.752724  0.180214
10966 0.331259 0.307514  0.361227
11540 0.122895 0.274352  0.602752
4243 0.319994 0.474039  0.205968
4658 0.153973 0.108678  0.737349
1292 0.0574841 0.414289  0.528227
11473 0.499023 0.215869  0.285108
1953 0.574851 0.378703  0.0464461
3787 0.442 0.144146  0.413854
9027 0.650327 0.264039  0.0856336
6575 0.219276 0.424031  0.356693
6708 0.232329 0.246702  0.520969
9469 0.384368 0.303217  0.312415
3774 0.541192 0.0703989  0.388409
4519 0.0266789 0.561305  0.412016
4501 0.432024 0.385085  0.182891
2151 0.118391 0.583027  0.298582
9472 0.259537 0.341677  0.398786
1290 0.399322 0.321798  0.27888
11617 0.333582 0.579802  0.0866158
9952 0.168879 0.430906  0.400214
2413 0.436913 0.358778  0.204309
3719 0.637972 0.130153  0.231875
6117 0.0771003 0.170422  0.752477
6795 0.518275 0.30867  0.173055
8663 0.404917 0.0252735  0.569809
993 0.613979 0.355805  0.0302158
5129 0.150626 0.472654  0.376719
1236 0.319566 0.577079  0.103355
8095 0.436541 0.403328  0.160131
6159 0.125206 0.581783  0.293011
11964 0.409226 0.449867  0.140907
7969 0.0905438 0.1146  0.794856
8503 0.08239 0.250208  0.667402
8173 0.418419 0.409012  0.172569
8260 0.286526 0.478288  0.235186
1141 0.0328337 0.829796  0.13737
4246 0.114518 0.137075  0.748407
10698 0.698605 0.1238  0.177595
8921 0.499344 0.0898483  0.410808
4592 0.349273 0.209126  0.4416
1790 0.260729 0.496822  0.242449
2748 0.654563 0.125442  0.219995
12298 0.282764 0.631003  0.0862336
3983 0.118132 0.316362  0.565506
5436 0.49466 0.0936324  0.411707
9703 0.35439 0.327832  0.317779
6141 0.319867 0.1863  0.493833
2565 0.542496 0.0341132  0.423391
6097 0.226161 0.32164  0.452199
9461 0.0610418 0.613165  0.325793
4029 0.448522 0.400398  0.151081
10785 0.26461 0.502361  0.233029
6043 0.473259 0.370423  0.156318
9371 0.513703 0.0244443  0.461853
7132 0.0319588 0.889351  0.07869
2787 0.396947 0.474953  0.1281
4643 0.0260125 0.535727  0.43826
10055 0.434542 0.0308302  0.534628
8663 0.481597 0.152923  0.36548
3536 0.321656 0.536497  0.141847
565 0.314309 0.30848  0.377211
9713 0.249584 0.273339  0.477077
2343 0.236599 0.490417  0.272983
2420 0.717349 0.119401  0.163249
9677 0.0433319 0.1087  0.847968
4946 0.255003 0.217268  0.527729
9684 0.718869 0.028565  0.252566
10180 0.400354 0.183958  0.415688
5311 0.329845 0.158468  0.511687
12071 0.114046 0.764967  0.120987
3813 0.608782 0.129562  0.261656
11712 0.362111 0.27994  0.357949
6871 0.443344 0.251566  0.30509
6573 0.294458 0.60871  0.0968328
995 0.26124 0.338593  0.400168
1724 0.454096 0.126666  0.419238
3515 0.107178 0.433475  0.459346
12033 0.12786 0.425713  0.446426
3854 0.260451 0.333306  0.406243
8208 0.231514 0.219179  0.549307
568 0.326174 0.55662  0.117206
6810 0.103057 0.24803  0.648913
1327 0.534193 0.444697  0.0211099
3166 0.135067 0.404346  0.460587
1925 0.377317 0.43387  0.188813
6745 0.165557 0.428171  0.406272
10641 0.372137 0.506787  0.121076
6248 0.415735 0.419739  0.164526
11467 0.351876 0.0111979  0.636927
2238 0.386785 0.388027  0.225188
1956 0.368089 0.473883  0.158028
1040 0.577657 0.11449  0.307853
11122 0.557827 0.189259  0.252914
107 0.359223 0.337634  0.303143
7873 0.387843 0.179132  0.433024
2456 0.208447 0.378383  0.41317
2420 0.200919 0.195197  0.603885
5141 0.377377 0.268207  0.354416
1869 0.283913 0.159296  0.556792
465 0.478176 0.493797  0.0280268
3274 0.736793 0.0660742  0.197133
10836 0.049541 0.759687  0.190772
5362 0.128653 0.358495  0.512852
11052 0.549362 0.289419  0.161219
5547 0.363017 0.569557  0.0674261
873 0.402581 0.347863  0.249556
268 0.387124 0.207116  0.40576
4713 0.232259 0.28349  0.484252
1362 0.0573633 0.27142  0.671217
2840 0.342467 0.409079  0.248454
451 0.301857 0.433573  0.264571
12301 0.676602 0.124686  0.198712
2670 0.170873 0.326661  0.502466
1461 0.354628 0.304669  0.340703
2665 0.140927 0.499631  0.359442
8088 0.0395031 0.507108  0.453389
10246 0.0700897 0.897477  0.0324337
5099 0.123097 0.490485  0.386417
4139 0.11725 0.229494  0.653256
3853 0.271222 0.350892  0.377886
7731 0.456797 0.0266489  0.516554
9623 0.403231 0.276885  0.319883
8654 0.391578 0.193468  0.414954
7844 0.326057 0.141931  0.532012
6450 0.15034 0.511128  0.338531
5372 0.0104586 0.42867  0.560871
5523 0.249877 0.335899  0.414223
1707 0.462363 0.309098  0.228539
1485 0.37128 0.0361444  0.592576
5098 0.411302 0.566481  0.0222176
781 0.392425 0.0839351  0.52364
7616 0.376949 0.182767  0.440284
3711 0.702875 0.281796  0.0153292
7410 0.20596 0.474392  0.319648
11717 0.487473 0.181884  0.330643
7690 0.367544 0.366096  0.26636
6423 0.407672 0.370253  0.222075
1159 0.383342 0.387455  0.229204
2604 0.461545 0.336399  0.202056
2120 0.383679 0.337039  0.279282
3623 0.119973 0.702986  0.17704
11729 0.430654 0.306356  0.26299
598 0.441502 0.480368  0.0781295
1934 0.298349 0.310539  0.391112
1577 0.523907 0.451753  0.0243396
11550 0.262962 0.512729  0.224309
1238 0.490655 0.449054  0.0602912
946 0.417959 0.20135  0.380691
10678 0.101239 0.435507  0.463254
11550 0.0878562 0.392816  0.519328
534 0.913759 0.0123922  0.0738487
12228 0.477404 0.443229  0.0793676
1747 0.272059 0.230317  0.497624
2894 0.17074 0.19104  0.63822
12278 0.517243 0.100735  0.382023
10996 0.625722 0.173711  0.200567
5875 0.595642 0.362356  0.0420025
10356 0.260808 0.301274  0.437918
7346 0.488355 0.142218  0.369427
10515 0.2359 0.189254  0.574846
1806 0.447608 0.184625  0.367767
4492 0.141887 0.406576  0.451538
11077 0.285186 0.465083  0.24973
8178 0.0253185 0.451933  0.522749
10564 0.441497 0.464777  0.093726
5308 0.336569 0.239541  0.42389
3976 0.538319 0.437522  0.0241596
10505 0.604977 0.290018  0.105004
11781 0.222142 0.242033  0.535825
3915 0.357783 0.190002  0.452215
5368 0.379344 0.268174  0.352482
2631 0.346712 0.317132  0.336156
8296 0.043947 0.549035  0.407018
5691 0.377048 0.411271  0.21168
2396 0.168228 0.310742  0.52103
4012 0.0676198 0.421599  0.510782
5319 0.254213 0.425987  0.3198
2030 0.0995639 0.208843  0.691594
11203 0.301605 0.265133  0.433262
7879 0.235456 0.359231  0.405314
7184 0.293535 0.339026  0.367439
3372 0.413651 0.157316  0.429034
2959 0.607086 0.222111  0.170803
843 0.0941044 0.868046  0.0378499
9474 0.359003 0.373765  0.267232
779 0.550568 0.296146  0.153286
9818 0.106612 0.461805  0.431584
4042 0.582019 0.0481957  0.369785
10951 0.310455 0.2691  0.420445
3467 0.32814 0.281333  0.390526
1604 0.0935966 0.131107  0.775296
4015 0.272733 0.243  0.484267
7221 0.391354 0.345566  0.263079
3493 0.285415 0.448713  0.265872
5175 0.0208726 0.864822  0.114306
3052 0.120515 0.452589  0.426896
4032 0.354856 0.28052  0.364624
8304 0.387879 0.27611  0.336011
12067 0.336988 0.360805  0.302206
4539 0.156757 0.363652  0.479591
9024 0.304784 0.255363  0.439853
8994 0.381978 0.145837  0.472185
2571 0.437196 0.170747  0.392057
8724 0.374736 0.48905  0.136214
8907 0.391865 0.55951  0.0486251
10175 0.191837 0.661988  0.146175
860 0.282024 0.215654  0.502323
9434 0.342603 0.130871  0.526525
8464 0.347178 0.576299  0.0765228
4423 0.33742 0.298804  0.363776
10402 0.127893 0.431276  0.44083
4183 0.324284 0.309212  0.366504
7176 0.37861 0.49407  0.12732
414 0.0158614 0.663421  0.320717
9805 0.413557 0.0779423  0.508501
810 0.387823 0.290648  0.321529
8860 0.199214 0.459117  0.341669
4335 0.397301 0.506025  0.0966745
2056 0.441551 0.233868  0.324581
9685 0.529469 0.362064  0.108467
8512 0.31157 0.437086  0.251344
11995 0.606344 0.0946121  0.299044
5778 0.472136 0.206815  0.321049
6138 0.054659 0.453052  0.492289
9432 0.583236 0.130442  0.286322
12290 0.330788 0.41615  0.253062
1076 0.427081 0.117943  0.454976
3054 0.312877 0.584933  0.102191
6955 0.552337 0.155566  0.292097
4592 0.272923 0.347243  0.379834
6256 0.440689 0.359363  0.199948
10938 0.688527 0.272321  0.0391517
10679 0.18367 0.46174  0.35459
3144 0.0582915 0.532562  0.409147
12426 0.28395 0.366555  0.349494
303 0.204122 0.592121  0.203757
11143 0.358582 0.375317  0.266101
6574 0.128566 0.361743  0.509691
3265 0.482575 0.489494  0.0279301
5939 0.468327 0.296229  0.235444
6258 0.199084 0.44548  0.355436
4017 0.400655 0.231716  0.367629
4643 0.326838 0.157636  0.515526
10761 0.358721 0.209572  0.431707
12209 0.442883 0.419601  0.137515
12009 0.253929 0.679162  0.0669087
4405 0.190954 0.515756  0.29329
3227 0.0553912 0.325263  0.619346
4928 0.315472 0.557867  0.126662
8076 0.120721 0.568367  0.310912
10246 0.465714 0.0201447  0.514141
1873 0.222273 0.685949  0.0917781
11554 0.447437 0.462919  0.0896442
11889 0.401853 0.428451  0.169696
9140 0.440465 0.341053  0.218482
12133 0.346931 0.328324  0.324745
2759 0.864484 0.0557835  0.0797321
11479 0.264041 0.193497  0.542462
2926 0.414136 0.15118  0.434684
1012 0.564375 0.0140791  0.421546
773 0.123572 0.190065  0.686363
2748 0.423666 0.0872848  0.489049
12381 0.243041 0.655545  0.101415
8789 0.176299 0.395012  0.428689
9273 0.376911 0.511174  0.111915
8604 0.56602 0.357944  0.0760355
7048 0.331319 0.310417  0.358265
7199 0.089788 0.522092  0.38812
11710 0.676763 0.114245  0.208992
4924 0.373651 0.447237  0.179113
8707 0.627582 0.0473277  0.325091
2027 0.752995 0.171985  0.0750199
12188 0.261706 0.0197116  0.718583
10301 0.483887 0.252179  0.263933
7730 0.463957 0.290111  0.245932
3893 0.363842 0.427111  0.209047
9276 0.624127 0.111746  0.264127
10345 0.298758 0.366821  0.334421
9688 0.158852 0.430713  0.410435
6052 0.312819 0.523748  0.163433
9357 0.482001 0.357095  0.160904
8001 0.38055 0.434719  0.18473
4717 0.70115 0.0671144  0.231735
3208 0.364465 0.521624  0.113911
1134 0.192124 0.391575  0.416301
12075 0.0186946 0.538738  0.442567
11635 0.478221 0.472191  0.0495883
11042 0.228096 0.576257  0.195647
1492 0.385024 0.0131461  0.601829
11114 0.575965 0.107364  0.316671
6134 0.386466 0.346953  0.266582
5991 0.412155 0.265205  0.32264
3365 0.800611 0.190888  0.00850102
2560 0.262867 0.444228  0.292904
3719 0.571286 0.312571  0.116143
7458 0.280879 0.031086  0.688035
4444 0.451406 0.500488  0.0481055
4470 0.775188 0.0936746  0.131137
2687 0.348507 0.360934  0.290559
6925 0.407082 0.39414  0.198778
1370 0.307073 0.0988669  0.59406
3442 0.484414 0.00916796  0.506418
10590 0.165294 0.32692  0.507786
10101 0.538755 0.0419839  0.419261
10814 0.45666 0.289965  0.253375
4970 0.0831644 0.380576  0.536259
6266 0.375171 0.22665  0.398179
510 0.550728 0.290717  0.158555
11214 0.209385 0.173756  0.61686
1211 0.678021 0.0247517  0.297227
2901 0.33476 0.412407  0.252832
11184 0.60628 0.11288  0.28084
4923 0.502477 0.399567  0.0979556
141 0.290903 0.33621  0.372887
8161 0.0679994 0.737289  0.194712
7440 0.0840832 0.493176  0.422741
3231 0.408083 0.299882  0.292035
2259 0.261885 0.400006  0.338109
4362 0.518491 0.206629  0.27488
7650 0.0744389 0.667488  0.258073
4808 0.41945 0.211847  0.368703
10937 0.533101 0.29006  0.176839
12043 0.233869 0.150167  0.615964
4325 0.320876 0.367414  0.31171
11477 0.0460897 0.447299  0.506611
5875 0.270224 0.297605  0.432171
3762 0.711801 0.0662806  0.221918
6955 0.372701 0.248491  0.378808
7853 0.246965 0.513329  0.239706
12273 0.272382 0.490606  0.237012
826 0.339556 0.325044  0.3354
8726 0.815023 0.0467325  0.138245
5372 0.419774 0.106463  0.473763
10341 0.367926 0.276348  0.355726
1053 0.230303 0.280566  0.489131
7818 0.185341 0.587862  0.226797
11194 0.115507 0.357989  0.526505
2163 0.108219 0.611705  0.280075
1638 0.120331 0.771642  0.108027
4562 0.701642 0.12921  0.169148
11338 0.093293 0.506978  0.399729
9421 0.370166 0.532952  0.0968815
7818 0.384325 0.218198  0.397477
9423 0.381514 0.226111  0.392376
1098 0.0543654 0.540065  0.40557
2290 0.0860023 0.470297  0.443701
11113 0.343071 0.454303  0.202626
1558 0.438898 0.398874  0.162228
6660 0.395174 0.25757  0.347256
11797 0.443533 0.156408  0.400059
9324 0.260506 0.45298  0.286515
7343 0.562336 0.38714  0.050524
1815 0.622127 0.101138  0.276735
9971 0.22608 0.325112  0.448808
7011 0.477837 0.0140605  0.508103
5538 0.17036 0.425778  0.403862
3110 0.407608 0.288357  0.304035
1298 0.269667 0.372038  0.358295
2795 0.573366 0.335757  0.0908767
6957 0.323533 0.35954  0.316927
7821 0.0451757 0.659239  0.295585
4852 0.247907 0.0289678  0.723125
4151 0.107658 0.761277  0.131065
1123 0.141706 0.294282  0.564012
1465 0.608773 0.0898751  0.301352
4252 0.285449 0.382102  0.332449
10812 0.346468 0.229637  0.423894
9311 0.453765 0.313431  0.232804
961 0.254808 0.436854  0.308339
6781 0.270637 0.631084  0.0982791
106 0.646751 0.117891  0.235358
5803 0.0435898 0.487193  0.469217
10849 0.281585 0.417716  0.300699
1732 0.155672 0.497342  0.346986
10181 0.121551 0.437695  0.440754
2377 0.201897 0.405269  0.392834
10149 0.522623 0.102166  0.375211
1350 0.421648 0.399785  0.178567
1723 0.128043 0.51437  0.357587
12280 0.350099 0.0899347  0.559966
2939 0.0311378 0.659902  0.30896
8558 0.132545 0.462761  0.404694
8145 0.390695 0.396887  0.212418
1277 0.586921 0.215299  0.19778
10280 0.255524 0.52542  0.219057
3639 0.470794 0.0485934  0.480613
3098 0.219133 0.410915  0.369953
2869 0.416397 0.118856  0.464748
3587 0.59404 0.109304  0.296656
10296 0.617046 0.302406  0.0805485
10876 0.415188 0.372985  0.211827
4403 0.56633 0.0714834  0.362187
11304 0.148007 0.404519  0.447474
4333 0.277412 0.412074  0.310513
8519 0.744289 0.0919433  0.163768
11531 0.396667 0.194179  0.409154
8245 0.367249 0.255972  0.376778
6366 0.37774 0.0392006  0.583059
1962 0.509668 0.138119  0.352212
135 0.156022 0.423817  0.420161
11160 0.529128 0.230241  0.240631
1274 0.0404405 0.532675  0.426884
4799 0.332397 0.334773  0.33283
576 0.326628 0.303449  0.369924
10414 0.159042 0.659075  0.181883
7890 0.59726 0.0214934  0.381246
11184 0.4069 0.179585  0.413515
326 0.482915 0.424363  0.0927217
3092 0.50035 0.0927941  0.406856
565 0.434195 0.185209  0.380595
5065 0.450872 0.427301  0.121827
5008 0.450066 0.431791  0.118143
2340 0.272902 0.351732  0.375366
6778 0.297638 0.368863  0.333499
8704 0.366096 0.141213  0.49269
52 0.848355 0.0615859  0.0900595
7436 0.297478 0.64738  0.0551418
6489 0.289787 0.293277  0.416936
4157 0.264283 0.577643  0.158074
7528 0.265614 0.38743  0.346957
2258 0.673301 0.147704  0.178995
11204 0.24461 0.315841  0.439549
11991 0.403976 0.17007  0.425954
3361 0.45866 0.42528  0.11606
9781 0.206742 0.518955  0.274303
3940 0.188234 0.320158  0.491609
4672 0.397765 0.259056  0.34318
4411 0.51758 0.0361249  0.446295
3534 0.676258 0.0258061  0.297936
2334 0.317108 0.346345  0.336547
6809 0.300465 0.0425797  0.656956
9909 0.516123 0.237983  0.245894
9247 0.0380049 0.663373  0.298622
3234 0.107853 0.108483  0.783665
6263 0.206745 0.478942  0.314312
1868 0.237581 0.353649  0.408769
1105 0.338062 0.207001  0.454937
6514 0.155391 0.74388  0.100729
6361 0.518861 0.0905924  0.390547
6485 0.136643 0.678123  0.185234
11358 0.383142 0.228336  0.388522
4314 0.453696 0.0789911  0.467313
1446 0.105237 0.157961  0.736802
4543 0.249297 0.379261  0.371442
211 0.408778 0.4491  0.142121
3452 0.0842068 0.0434185  0.872375
10399 0.238855 0.160966  0.600179
7490 0.245433 0.568052  0.186515
7125 0.370581 0.310487  0.318932
11472 0.455913 0.133162  0.410925
9951 0.33675 0.264131  0.399119
9276 0.46757 0.272093  0.260337
5019 0.310319 0.202156  0.487525
10336 0.293152 0.0385228  0.668325
4595 0.553336 0.169713  0.276951
11835 0.175975 0.482561  0.341464
7065 0.652598 0.204348  0.143055
3054 0.287567 0.315666  0.396768
8701 0.748577 0.200137  0.051286
2366 0.376783 0.177196  0.446021
1601 0.400769 0.356527  0.242705
2190 0.741819 0.114344  0.143837
8538 0.399873 0.232758  0.367369
9202 0.291097 0.267829  0.441074
444 0.892834 0.0785197  0.0286466
2156 0.53126 0.156764  0.311976
10548 0.0431089 0.0506367  0.906254
12178 0.707936 0.0585591  0.233505
4871 0.530681 0.34602  0.123299
9200 0.239518 0.372432  0.38805
1225 0.429841 0.0584632  0.511696
2323 0.564406 0.1281  0.307494
6394 0.524211 0.0899462  0.385842
3386 0.722015 0.198329  0.079656
2197 0.417704 0.183023  0.399273
5507 0.163731 0.475421  0.360848
5426 0.38233 0.387802  0.229868
11897 0.266101 0.403198  0.330701
8250 0.219121 0.247071  0.533808
4280 0.328638 0.356723  0.314639
1416 0.59108 0.0711013  0.337819
93 0.674459 0.297489  0.0280518
6025 0.121682 0.69984  0.178478
10148 0.19754 0.287239  0.515221
1860 0.356476 0.215878  0.427646
1901 0.402016 0.190671  0.407313
5175 0.185638 0.534483  0.279879
2408 0.274306 0.530586  0.195108
11466 0.0499595 0.576628  0.373412
4160 0.443909 0.0250656  0.531025
1380 0.251252 0.141454  0.607294
8601 0.220479 0.160533  0.618988
6534 0.524851 0.12401  0.351139
374 0.215658 0.716299  0.0680431
5332 0.517321 0.109839  0.372839
6788 0.442287 0.21502  0.342694
7487 0.53143 0.324101  0.144469
5012 0.295047 0.15327  0.551683
5884 0.620161 0.218866  0.160972
8308 0.352697 0.161842  0.485461
4552 0.387985 0.271337  0.340678
7630 0.460898 0.038843  0.500259
2091 0.310618 0.16494  0.524442
6355 0.54198 0.339915  0.118105
2560 0.619212 0.0262697  0.354518
8627 0.105062 0.339357  0.555581
5382 0.328506 0.487792  0.183701
7058 0.496076 0.447174  0.0567506
6624 0.472628 0.348544  0.178828
10056 0.319285 0.274715  0.406
8477 0.453625 0.431098  0.115277
8215 0.299572 0.268871  0.431557
838 0.309225 0.272112  0.418664
1764 0.0345445 0.726073  0.239382
5904 0.0378166 0.874642  0.0875414
10170 0.36103 0.382595  0.256375
5597 0.126936 0.462084  0.41098
2772 0.315835 0.246451  0.437714
2094 0.13262 0.39199  0.475389
8266 0.308314 0.38903  0.302656
997 0.604706 0.143212  0.252082
10750 0.140387 0.0188049  0.840808
7572 0.327196 0.289518  0.383286
4799 0.580729 0.291492  0.127779
4400 0.18013 0.292666  0.527205
10186 0.39323 0.320402  0.286368
3039 0.421902 0.461936  0.116162
9982 0.728415 0.136746  0.134839
11732 0.435212 0.493112  0.0716753
10174 0.538298 0.340211  0.121491
3553 0.0150662 0.707979  0.276955
71 0.348761 0.336968  0.314271
8167 0.057012 0.0260441  0.916944
9252 0.26409 0.401832  0.334078
7851 0.856339 0.107323  0.0363386
10173 0.625621 0.196615  0.177764
10779 0.0450951 0.503735  0.451169
11471 0.300565 0.295214  0.404221
11123 0.333324 0.425156  0.241519
10179 0.332764 0.287509  0.379727
141 0.745187 0.0390364  0.215776
11596 0.27933 0.431792  0.288878
7125 0.145813 0.406735  0.447452
8557 0.592062 0.288422  0.119516
1504 0.456899 0.485584  0.057517
3691 0.536749 0.154563  0.308688
3828 0.263347 0.362551  0.374101
3942 0.466696 0.183544  0.34976
8000 0.0124818 0.34718  0.640338
330 0.0301569 0.295139  0.674704
8270 0.335835 0.272871  0.391294
9247 0.187468 0.355604  0.456928
1629 0.351983 0.279112  0.368905
11193 0.399842 0.563477  0.0366807
172 0.281753 0.360361  0.357886
10781 0.317807 0.403123  0.279069
3253 0.0991116 0.732366  0.168522
11330 0.522174 0.165884  0.311942
4628 0.434156 0.329824  0.23602
8483 0.187803 0.294909  0.517288
6065 0.68902 0.217353  0.0936269
2920 0.412541 0.537146  0.0503123
3569 0.450736 0.0781067  0.471157
3595 0.119137 0.348876  0.531988
3148 0.432377 0.44342  0.124203
8379 0.525018 0.336748  0.138234
627 0.195369 0.444294  0.360337
12002 0.0226451 0.255708  0.721647
4906 0.107917 0.597957  0.294126
6450 0.103603 0.512456  0.383942
12059 0.131935 0.343425  0.524639
2284 0.298774 0.258609  0.442617
6347 0.460658 0.191039  0.348302
2052 0.43387 0.356811  0.209319
6501 0.435458 0.07109  0.493452
1375 0.344971 0.320556  0.334472
391 0.359829 0.36077  0.279401
11226 0.317428 0.290592  0.391981
3490 0.145075 0.382405  0.47252
3394 0.120715 0.414705  0.46458
6110 0.308994 0.200752  0.490254
11292 0.201785 0.388816  0.409399
3471 0.457456 0.333442  0.209102
3134 0.458851 0.130548  0.410601
4188 0.168259 0.436747  0.394994
1913 0.0801054 0.476448  0.443447
2384 0.414308 0.302374  0.283318
6018 0.203853 0.609291  0.186856
11664 0.334124 0.182399  0.483477
9545 0.32858 0.299258  0.372162
2799 0.586015 0.255508  0.158477
9894 0.575307 0.18884  0.235854
11088 0.511335 0.337596  0.151069
3951 0.210971 0.0810238  0.708005
11040 0.299471 0.290003  0.410526
899 0.118054 0.411966  0.46998
10088 0.593429 0.157413  0.249158
9446 0.796156 0.0657709  0.138073
11062 0.169994 0.147777  0.682229
2620 0.273531 0.24986  0.47661
28 0.278412 0.36082  0.360768
237 0.349652 0.283668  0.366681
10193 0.192611 0.479048  0.328341
4458 0.458904 0.118642  0.422455
10937 0.365228 0.447013  0.187759
9550 0.252022 0.609262  0.138717
5409 0.506769 0.0393684  0.453863
11071 0.219567 0.704362  0.0760714
11476 0.736741 0.0716304  0.191628
6845 0.194379 0.572484  0.233137
9182 0.344876 0.317632  0.337492
9622 0.0652172 0.586044  0.348739
7118 0.355447 0.241878  0.402675
4925 0.562151 0.13662  0.301229
11779 0.391502 0.413792  0.194706
3513 0.128392 0.446327  0.425281
5179 0.272524 0.362844  0.364632
8555 0.624821 0.243175  0.132004
4558 0.0722743 0.661533  0.266193
2808 0.383301 0.365206  0.251494
5549 0.302936 0.36786  0.329204
8487 0.0351455 0.692684  0.27217
6852 0.150327 0.390224  0.459449
11560 0.670858 0.261802  0.06734
3909 0.346322 0.587073  0.0666052
3921 0.0400864 0.491623  0.46829
2268 0.36015 0.125713  0.514137
11356 0.470173 0.235711  0.294115
10938 0.283285 0.375563  0.341152
11024 0.175364 0.727126  0.09751
10854 0.349819 0.582382  0.0677987
11276 0.077793 0.347682  0.574525
5457 0.51116 0.368375  0.120465
9249 0.243539 0.656915  0.0995461
7076 0.799895 0.070951  0.129154
6895 0.421321 0.238857  0.339822
5499 0.438022 0.0416061  0.520372
3487 0.320968 0.365695  0.313337
3452 0.276763 0.394687  0.32855
1488 0.284898 0.265915  0.449187
7121 0.0699837 0.423148  0.506868
10228 0.37728 0.316897  0.305823
3941 0.686769 0.246637  0.0665935
10330 0.311883 0.418138  0.269978
6329 0.298863 0.162256  0.538881
12080 0.463582 0.516782  0.0196363
5666 0.518124 0.447053  0.0348232
11708 0.0310703 0.525622  0.443308
9781 0.0338915 0.131101  0.835008
9593 0.458578 0.0450348  0.496387
5438 0.564448 0.0632532  0.372299
5215 0.319721 0.134951  0.545328
5798 0.107542 0.770698  0.12176
7684 0.336762 0.538795  0.124443
10261 0.465721 0.220509  0.313771
10837 0.0355601 0.170782  0.793658
8924 0.224637 0.272214  0.50315
10374 0.295246 0.395034  0.309719
2552 0.394474 0.208488  0.397038
3088 0.0188617 0.542064  0.439075
2815 0.0379184 0.553641  0.408441
3846 0.461416 0.127235  0.411349
2361 0.173639 0.200951  0.625411
4397 0.233663 0.57587  0.190467
4276 0.269939 0.43235  0.297711
6983 0.187533 0.190414  0.622053
8330 0.238851 0.13942  0.621729
2635 0.446687 0.426113  0.1272
3856 0.0589588 0.132611  0.80843
3533 0.202108 0.314716  0.483176
3843 0.243909 0.2541  0.501991
8610 0.33947 0.243475  0.417056
8543 0.42599 0.148316  0.425695
557 0.51618 0.0548314  0.428989
3781 0.306745 0.333269  0.359986
2408 0.371281 0.15441  0.474309
3206 0.680043 0.0270996  0.292857
10308 0.19081 0.0612182  0.747972
9247 0.26223 0.588029  0.149741
1984 0.747542 0.188612  0.063846
10336 0.278123 0.34559  0.376287
7438 0.360538 0.290277  0.349185
2457 0.282998 0.285016  0.431986
7406 0.44718 0.171812  0.381008
7283 0.192838 0.298896  0.508266
11890 0.251093 0.577965  0.170942
5434 0.223534 0.280916  0.49555
1761 0.122633 0.326913  0.550454
1293 0.814984 0.0221073  0.162909
7670 0.184756 0.418259  0.396986
3238 0.358567 0.050368  0.591064
1028 0.450725 0.191368  0.357907
1033 0.281048 0.401448  0.317505
4676 0.351053 0.326771  0.322176
10062 0.191015 0.560047  0.248938
6819 0.415957 0.0980291  0.486014
6044 0.179937 0.70964  0.110423
9070 0.304755 0.419676  0.275569
1223 0.0390803 0.0462429  0.914677
10309 0.2256 0.35698  0.417421
7757 0.0555479 0.631137  0.313315
2080 0.175355 0.803139  0.0215065
4976 0.0315622 0.525385  0.443053
2390 0.422606 0.0301664  0.547227
1963 0.515448 0.296175  0.188377
1081 0.0924967 0.302863  0.60464
10381 0.220133 0.152964  0.626903
1148 0.488617 0.122513  0.38887
4800 0.373835 0.254631  0.371534
8376 0.291251 0.640761  0.067988
1636 0.430702 0.48388  0.0854181
5136 0.596063 0.302444  0.101493
3219 0.0859138 0.414195  0.499891
1652 0.436577 0.413969  0.149454
7896 0.138698 0.089884  0.771418
2326 0.179038 0.287936  0.533026
7209 0.12501 0.277004  0.597985
3594 0.400356 0.281971  0.317673
814 0.094542 0.447451  0.458007
9805 0.236811 0.446206  0.316983
10445 0.339639 0.62806  0.0323008
4347 0.492782 0.198798  0.30842
2049 0.305118 0.575009  0.119873
9869 0.457655 0.407342  0.135003
5207 0.368491 0.511123  0.120386
4433 0.402376 0.0680611  0.529562
