4630 0.118436 0.514682  0.366882
3592 0.193377 0.0451091  0.761514
2798 0.415957 0.0853069  0.498736
1841 0.283106 0.203815  0.51308
3132 0.417046 0.159295  0.423659
907 0.354329 0.156317  0.489355
2744 0.132534 0.506179  0.361286
3251 0.284749 0.50025  0.215001
3186 0.417284 0.44183  0.140887
276 0.468168 0.164742  0.36709
2403 0.678617 0.0335706  0.287812
3022 0.256362 0.727089  0.0165493
1985 0.228954 0.156702  0.614344
3265 0.354272 0.282018  0.36371
2878 0.432455 0.15708  0.410465
3469 0.0190986 0.261733  0.719168
2664 0.439865 0.11675  0.443384
4647 0.109793 0.363015  0.527192
1277 0.635949 0.161819  0.202232
386 0.450844 0.33244  0.216716
2163 0.0590245 0.548449  0.392526
2152 0.242926 0.16634  0.590733
4971 0.399522 0.105513  0.494965
361 0.334047 0.633136  0.0328169
1959 0.231483 0.48429  0.284227
4093 0.379805 0.361953  0.258242
2833 0.0792216 0.648051  0.272727
296 0.347881 0.0768773  0.575242
520 0.358753 0.314061  0.327186
3471 0.135058 0.385388  0.479554
4620 0.685466 0.224511  0.0900226
4318 0.700825 0.0868024  0.212373
778 0.14035 0.831507  0.0281436
3469 0.132103 0.0160142  0.851883
4007 0.379196 0.315628  0.305176
2788 0.396884 0.146865  0.456251
562 0.630771 0.0240525  0.345177
2044 0.366875 0.323474  0.309651
2526 0.288611 0.316676  0.394713
3840 0.727121 0.0750644  0.197815
924 0.268862 0.435424  0.295715
3275 0.586338 0.0668596  0.346803
4106 0.461173 0.457929  0.0808976
28 0.19365 0.509993  0.296357
3514 0.721088 0.021655  0.257257
4106 0.53552 0.180568  0.283912
2897 0.642914 0.0689498  0.288136
3901 0.296537 0.232059  0.471404
962 0.563794 0.250658  0.185548
4589 0.321055 0.344842  0.334104
3873 0.124371 0.660886  0.214743
1912 0.158098 0.574943  0.266959
1276 0.566769 0.360446  0.0727848
3750 0.443094 0.192409  0.364497
671 0.394952 0.187396  0.417652
4166 0.283331 0.47107  0.245599
3850 0.274379 0.0663302  0.659291
4195 0.572559 0.0652951  0.362146
4460 0.514344 0.280454  0.205202
243 0.331463 0.109213  0.559323
4785 0.363178 0.342181  0.294641
3743 0.43892 0.470885  0.0901949
2759 0.103904 0.711861  0.184236
1697 0.380124 0.219095  0.400781
2840 0.201472 0.398521  0.400006
515 0.292323 0.370706  0.33697
1760 0.092131 0.441344  0.466525
4590 0.39993 0.490873  0.109196
4823 0.557035 0.279035  0.163931
2100 0.292187 0.652684  0.0551285
1706 0.533696 0.267745  0.198559
3733 0.519453 0.162434  0.318113
4631 0.302783 0.220763  0.476454
1172 0.295822 0.265501  0.438677
774 0.272712 0.432746  0.294542
2817 0.459711 0.0862632  0.454026
2365 0.0657486 0.883491  0.0507605
1904 0.368978 0.479349  0.151673
4946 0.483529 0.414338  0.102134
2291 0.655879 0.237153  0.106969
4366 0.736465 0.130778  0.132756
1738 0.276524 0.701656  0.02182
3926 0.314246 0.285  0.400754
3582 0.393565 0.295197  0.311238
3090 0.278325 0.20825  0.513424
2664 0.325094 0.33134  0.343566
1997 0.236486 0.278592  0.484922
2880 0.418507 0.194412  0.387081
1275 0.483591 0.471069  0.0453401
3811 0.367226 0.47076  0.162013
2490 0.356954 0.460012  0.183034
1929 0.310162 0.667892  0.0219451
3738 0.419855 0.282658  0.297488
3734 0.418552 0.265568  0.31588
545 0.313525 0.292871  0.393603
3570 0.544677 0.439137  0.0161859
640 0.12343 0.477494  0.399076
2100 0.154988 0.486966  0.358046
1178 0.177643 0.730945  0.0914122
1281 0.211062 0.0975086  0.69143
970 0.192086 0.75807  0.0498443
1228 0.293384 0.158807  0.547809
4549 0.456015 0.35885  0.185135
812 0.619273 0.340097  0.04063
4136 0.0882572 0.434096  0.477647
3454 0.218593 0.435466  0.345941
4828 0.376026 0.380005  0.243969
2260 0.410872 0.277828  0.3113
3634 0.230692 0.251043  0.518265
346 0.203177 0.592643  0.20418
1273 0.560825 0.379188  0.0599862
3581 0.165298 0.261951  0.572751
4265 0.275412 0.0524208  0.672168
537 0.058123 0.422278  0.519599
4484 0.500607 0.348604  0.150789
3370 0.286149 0.397871  0.31598
663 0.151141 0.305063  0.543796
1697 0.231882 0.224076  0.544042
4324 0.399765 0.130313  0.469923
3639 0.574211 0.35409  0.0716993
2725 0.462748 0.20632  0.330932
4450 0.04427 0.541267  0.414463
4116 0.118774 0.237233  0.643992
2969 0.626146 0.222697  0.151156
4540 0.165337 0.187374  0.64729
2179 0.294914 0.188399  0.516687
4826 0.386438 0.317377  0.296185
1864 0.270909 0.271262  0.457829
4834 0.500793 0.260069  0.239138
3611 0.489392 0.229665  0.280943
1707 0.573464 0.227534  0.199002
3594 0.55867 0.390713  0.0506173
1784 0.100852 0.328854  0.570294
1457 0.552001 0.126993  0.321006
4235 0.383326 0.33452  0.282153
4161 0.363108 0.0336204  0.603272
2755 0.365497 0.520555  0.113948
3186 0.185124 0.390198  0.424678
4206 0.518862 0.0535835  0.427555
1606 0.834359 0.128583  0.0370578
3550 0.443284 0.497262  0.0594534
4054 0.441272 0.457411  0.101317
3065 0.544593 0.318707  0.1367
3232 0.0545846 0.22053  0.724885
1114 0.587113 0.355928  0.0569585
2052 0.376632 0.369726  0.253642
4565 0.199575 0.734812  0.0656128
4568 0.233127 0.391906  0.374967
2695 0.211208 0.222039  0.566753
1990 0.45388 0.0716736  0.474446
4278 0.734206 0.186924  0.0788696
3603 0.318458 0.579698  0.101844
3947 0.444922 0.343032  0.212046
4251 0.271155 0.314695  0.41415
4624 0.46576 0.0224853  0.511755
4150 0.286388 0.360152  0.35346
1420 0.199467 0.287879  0.512654
3147 0.339924 0.304266  0.355811
1036 0.364039 0.19498  0.440981
1283 0.4072 0.267093  0.325707
4115 0.0461073 0.460951  0.492941
2664 0.41269 0.0904182  0.496892
4624 0.620809 0.276442  0.10275
1957 0.464346 0.160512  0.375142
3214 0.466511 0.343461  0.190029
2826 0.318282 0.316881  0.364836
845 0.150597 0.687241  0.162162
4508 0.183068 0.118299  0.698633
1575 0.365987 0.262845  0.371169
4630 0.651703 0.0312148  0.317082
4106 0.516349 0.091269  0.392382
4483 0.413825 0.303132  0.283043
2713 0.549066 0.0198353  0.431099
1802 0.215066 0.385022  0.399912
3572 0.275333 0.306582  0.418085
1760 0.596459 0.0252593  0.378282
3238 0.238643 0.347672  0.413685
2785 0.157046 0.2817  0.561254
2790 0.439258 0.196119  0.364624
4294 0.354556 0.263736  0.381707
2100 0.235815 0.443527  0.320658
3105 0.361935 0.0288813  0.609184
2668 0.453351 0.391451  0.155198
4378 0.0698951 0.875154  0.0549507
4284 0.274388 0.632715  0.0928979
3218 0.271426 0.567788  0.160786
4708 0.243844 0.327049  0.429107
1582 0.437162 0.293411  0.269426
1682 0.199215 0.392644  0.408141
1817 0.393722 0.485463  0.120815
1436 0.180397 0.396457  0.423146
1279 0.228873 0.389577  0.38155
2941 0.0637773 0.191627  0.744596
3501 0.198661 0.422513  0.378826
4226 0.457738 0.312756  0.229506
2997 0.122063 0.620562  0.257375
2101 0.0968882 0.743783  0.159329
4116 0.33873 0.217439  0.44383
1456 0.38824 0.283719  0.328041
1535 0.0961295 0.346304  0.557566
4545 0.15219 0.0675953  0.780214
1893 0.477531 0.0826412  0.439828
3280 0.304886 0.00917968  0.685935
2282 0.514634 0.379162  0.106205
4646 0.101762 0.436718  0.46152
642 0.315361 0.378557  0.306082
1955 0.188914 0.505619  0.305467
3551 0.133309 0.411884  0.454807
4471 0.485003 0.451452  0.0635452
2809 0.293251 0.351641  0.355108
4848 0.488057 0.495385  0.0165584
2923 0.276942 0.140291  0.582767
4283 0.242298 0.0543495  0.703353
4097 0.316903 0.24785  0.435247
3072 0.304617 0.0534426  0.64194
4624 0.735865 0.226841  0.0372943
4128 0.0818861 0.34113  0.576984
3889 0.640474 0.0104989  0.349027
4483 0.367467 0.22261  0.409923
462 0.457285 0.421766  0.120949
700 0.209425 0.38673  0.403845
2637 0.213304 0.324564  0.462132
1164 0.338677 0.178025  0.483299
1812 0.0199768 0.942556  0.0374675
2625 0.438542 0.208192  0.353267
4591 0.0106369 0.542345  0.447018
3932 0.50326 0.372944  0.123796
4590 0.313963 0.454156  0.231881
1295 0.321744 0.397126  0.28113
1256 0.416293 0.160202  0.423505
3356 0.14681 0.582305  0.270885
4145 0.30629 0.414271  0.279439
1118 0.372055 0.257195  0.37075
492 0.445716 0.0896204  0.464664
1283 0.17667 0.168551  0.654778
4116 0.519053 0.0455306  0.435417
2735 0.469059 0.0857636  0.445177
2005 0.346024 0.177158  0.476818
4859 0.338609 0.0711352  0.590256
1060 0.356136 0.441381  0.202482
894 0.118563 0.407225  0.474212
1829 0.365831 0.396218  0.237951
2181 0.18582 0.216622  0.597558
205 0.392426 0.32556  0.282014
4177 0.352114 0.559238  0.0886476
1931 0.513649 0.0228712  0.463479
1858 0.293622 0.106295  0.600083
1445 0.507492 0.0729264  0.419582
3854 0.555984 0.427247  0.0167687
4796 0.387631 0.23008  0.382289
2091 0.52429 0.42047  0.0552402
4262 0.337901 0.222316  0.439783
1729 0.108763 0.492648  0.39859
3271 0.119372 0.492673  0.387956
903 0.390089 0.170628  0.439283
4618 0.449133 0.223192  0.327675
4386 0.266611 0.311855  0.421534
4936 0.106051 0.341556  0.552393
2041 0.434902 0.0415879  0.52351
4798 0.323201 0.378433  0.298366
2824 0.485132 0.420778  0.0940907
1809 0.398032 0.427369  0.174599
2751 0.39207 0.154348  0.453582
3500 0.123237 0.419887  0.456875
4630 0.120016 0.360883  0.519101
3884 0.561509 0.131614  0.306878
4134 0.563889 0.0135145  0.422596
286 0.227279 0.276813  0.495908
3542 0.334698 0.536464  0.128838
1149 0.477493 0.230403  0.292104
3805 0.260067 0.510019  0.229913
3116 0.811794 0.0817592  0.106447
1997 0.246424 0.405342  0.348234
593 0.560171 0.307408  0.13242
3904 0.262088 0.445249  0.292663
297 0.502763 0.0710409  0.426196
4684 0.143639 0.210083  0.646278
460 0.18562 0.614043  0.200338
2119 0.51639 0.163926  0.319684
4965 0.206361 0.422546  0.371093
2969 0.148486 0.316297  0.535217
1335 0.572078 0.361396  0.066526
3283 0.268171 0.549719  0.18211
4073 0.333496 0.169671  0.496833
2759 0.0837867 0.675163  0.24105
2958 0.315588 0.508157  0.176255
1274 0.456437 0.148877  0.394687
1329 0.529522 0.217773  0.252705
4043 0.755031 0.168325  0.0766445
625 0.140491 0.255979  0.60353
4858 0.465325 0.22419  0.310485
976 0.199324 0.310862  0.489814
344 0.682295 0.263193  0.0545119
1957 0.169164 0.348351  0.482484
4226 0.415698 0.223586  0.360716
2485 0.555582 0.0160509  0.428367
3479 0.0552831 0.783606  0.16111
674 0.250276 0.0884741  0.661249
1277 0.179314 0.563244  0.257443
3371 0.137206 0.357939  0.504855
1017 0.345617 0.304769  0.349614
863 0.447035 0.192159  0.360806
4078 0.405396 0.445761  0.148843
3755 0.54043 0.0424766  0.417093
4860 0.220738 0.388252  0.39101
2749 0.0167306 0.544546  0.438723
1627 0.465635 0.184889  0.349477
3823 0.54573 0.293519  0.160751
2699 0.627804 0.291881  0.0803149
4106 0.314603 0.336373  0.349024
1275 0.240952 0.353114  0.405934
3987 0.0942165 0.325115  0.580669
3738 0.600637 0.261596  0.137767
4683 0.563637 0.0208979  0.415465
4630 0.355367 0.50551  0.139123
781 0.388718 0.23312  0.378162
1817 0.444366 0.344776  0.210858
2973 0.397683 0.374372  0.227945
1089 0.321299 0.237216  0.441485
2421 0.782226 0.0549614  0.162813
3905 0.124023 0.484056  0.391921
4231 0.378775 0.485546  0.135679
2826 0.276441 0.327265  0.396293
1283 0.308597 0.334653  0.356751
2041 0.552861 0.0190395  0.4281
3366 0.65291 0.0140664  0.333024
4835 0.146282 0.43005  0.423668
3571 0.381593 0.191374  0.427033
1515 0.288151 0.308647  0.403201
4495 0.162545 0.812409  0.0250469
361 0.263887 0.415995  0.320118
1895 0.199472 0.350041  0.450488
3373 0.168121 0.628607  0.203272
1871 0.388231 0.296999  0.31477
3543 0.724827 0.053863  0.22131
1974 0.153769 0.263055  0.583175
1088 0.379291 0.20095  0.419759
4063 0.500673 0.133734  0.365593
250 0.422809 0.170556  0.406635
527 0.257392 0.293601  0.449007
4111 0.110676 0.663054  0.226271
1829 0.359309 0.262244  0.378447
1336 0.036441 0.318113  0.645446
1278 0.324783 0.360442  0.314775
1129 0.0234087 0.41601  0.560581
2508 0.437305 0.520647  0.0420486
4479 0.531346 0.4048  0.0638543
2560 0.348985 0.350905  0.30011
1144 0.339126 0.618947  0.0419277
3296 0.303518 0.353463  0.343019
2110 0.182167 0.616104  0.201729
4556 0.482689 0.34096  0.176351
3700 0.49483 0.407239  0.0979308
4074 0.419362 0.242035  0.338604
4115 0.446303 0.187644  0.366053
2754 0.221601 0.390128  0.388271
4388 0.212301 0.474432  0.313267
3737 0.250813 0.373992  0.375195
3273 0.509158 0.289573  0.201269
4676 0.170686 0.277787  0.551527
610 0.862642 0.0307218  0.106637
3226 0.146521 0.68446  0.169019
2033 0.35501 0.297494  0.347496
498 0.372779 0.103794  0.523427
578 0.0511071 0.236677  0.712216
3636 0.0426591 0.633567  0.323774
3733 0.622096 0.135273  0.242631
4935 0.699618 0.215915  0.0844674
554 0.721918 0.212931  0.0651501
2275 0.411085 0.24823  0.340685
4068 0.46048 0.0805849  0.458935
3226 0.0709944 0.459923  0.469082
2668 0.0431091 0.0241908  0.9327
296 0.132701 0.188459  0.67884
2116 0.585548 0.0268544  0.387597
681 0.35825 0.505516  0.136234
279 0.368981 0.215383  0.415636
4883 0.365339 0.301003  0.333658
3445 0.169702 0.484763  0.345535
3626 0.152592 0.352877  0.494531
4858 0.215704 0.228802  0.555495
4004 0.304816 0.312108  0.383075
2010 0.446575 0.221504  0.331921
3882 0.594593 0.0720289  0.333378
3550 0.331801 0.0339154  0.634284
3870 0.575028 0.314398  0.110574
4579 0.402698 0.0723355  0.524966
4989 0.286251 0.35656  0.357189
29 0.50286 0.0635164  0.433624
4263 0.352648 0.286439  0.360913
340 0.334017 0.204045  0.461938
1730 0.3975 0.245131  0.35737
2924 0.420352 0.432535  0.147114
4630 0.0896395 0.614143  0.296218
1445 0.113686 0.580031  0.306284
4589 0.319523 0.0548465  0.625631
1331 0.0267506 0.453702  0.519547
2006 0.648181 0.202626  0.149193
4652 0.568891 0.275676  0.155433
3258 0.267601 0.0320507  0.700348
4836 0.373267 0.577581  0.0491511
246 0.313776 0.128129  0.558095
2423 0.387016 0.283678  0.329305
4597 0.814349 0.133822  0.0518283
4485 0.25876 0.193265  0.547975
833 0.479364 0.348413  0.172223
4617 0.426917 0.154764  0.418319
586 0.507726 0.182367  0.309908
2111 0.0694039 0.302209  0.628387
3193 0.455359 0.425795  0.118847
4936 0.543026 0.199666  0.257308
3709 0.707308 0.262121  0.0305712
4727 0.2386 0.468487  0.292912
1870 0.0593654 0.247287  0.693347
4134 0.221795 0.717174  0.0610303
4006 0.529842 0.240864  0.229293
3186 0.474729 0.141337  0.383934
4610 0.598939 0.242342  0.158719
3551 0.116537 0.421759  0.461704
1671 0.22209 0.433061  0.34485
1241 0.422969 0.280049  0.296982
4936 0.273478 0.549897  0.176624
4134 0.553898 0.177192  0.26891
1893 0.477531 0.374478  0.14799
3380 0.488602 0.0538661  0.457532
2086 0.402596 0.536533  0.0608713
4663 0.568188 0.368563  0.0632489
1345 0.268054 0.401759  0.330186
4106 0.298808 0.389604  0.311588
4607 0.278136 0.074241  0.647623
4544 0.50848 0.105222  0.386298
1154 0.471464 0.129822  0.398715
4634 0.138352 0.411573  0.450075
681 0.207015 0.422428  0.370556
1436 0.584955 0.329366  0.0856796
4078 0.236356 0.434494  0.32915
371 0.552744 0.272208  0.175048
3444 0.75649 0.127543  0.115967
2260 0.428819 0.446294  0.124887
746 0.347237 0.336377  0.316386
4300 0.390157 0.0337084  0.576135
2600 0.407667 0.116862  0.475471
1971 0.305175 0.521919  0.172906
2438 0.445532 0.544415  0.0100525
1908 0.421801 0.394674  0.183525
1181 0.549639 0.307558  0.142803
1256 0.630471 0.0886593  0.28087
4782 0.41087 0.299102  0.290028
4712 0.36707 0.519518  0.113411
1980 0.324362 0.247394  0.428244
2398 0.400735 0.575618  0.023647
4482 0.439507 0.486817  0.0736754
286 0.779799 0.0265951  0.193606
3259 0.393804 0.410249  0.195947
3284 0.193096 0.249568  0.557336
3552 0.568551 0.320079  0.11137
1310 0.343174 0.135991  0.520835
4754 0.0212333 0.519264  0.459503
2387 0.458937 0.424852  0.116211
1804 0.189576 0.414007  0.396417
2586 0.156679 0.574993  0.268329
3615 0.260969 0.339723  0.399308
1364 0.750884 0.100342  0.148774
4780 0.39303 0.368589  0.238381
3012 0.412403 0.22224  0.365357
4046 0.0393356 0.52301  0.437654
2824 0.626268 0.0293634  0.344368
4067 0.500626 0.472075  0.0272984
2868 0.243902 0.669944  0.0861537
4590 0.228947 0.408547  0.362506
841 0.231347 0.364956  0.403696
4080 0.58836 0.389658  0.0219819
4051 0.649913 0.17778  0.172306
575 0.437783 0.522588  0.0396287
4543 0.139095 0.598154  0.262752
767 0.27057 0.411019  0.318411
1329 0.474905 0.0177381  0.507357
846 0.583902 0.0374236  0.378674
3924 0.377138 0.143788  0.479073
4192 0.605731 0.19222  0.202049
4704 0.315954 0.314456  0.36959
4819 0.431149 0.178664  0.390187
4483 0.300027 0.679725  0.0202481
1273 0.0466307 0.433735  0.519634
3780 0.338391 0.344998  0.316611
4931 0.380052 0.318187  0.301761
3310 0.343051 0.522427  0.134522
655 0.478031 0.414761  0.107209
3259 0.192929 0.0848884  0.722183
4828 0.0482604 0.024897  0.926843
505 0.212602 0.39581  0.391588
1822 0.540704 0.273364  0.185932
3869 0.11363 0.327293  0.559077
4590 0.0743221 0.451131  0.474547
3964 0.135421 0.439555  0.425023
4825 0.259856 0.318301  0.421843
3625 0.212027 0.186222  0.601751
1893 0.478495 0.329661  0.191843
4949 0.361136 0.459563  0.1793
4495 0.313014 0.655504  0.0314822
4057 0.275261 0.127591  0.597148
4689 0.443419 0.493762  0.0628184
1885 0.287674 0.415451  0.296875
2604 0.354088 0.202197  0.443716
3725 0.370807 0.332357  0.296836
984 0.140099 0.402783  0.457119
4836 0.457659 0.115945  0.426396
4221 0.29321 0.245812  0.460979
2727 0.309871 0.308627  0.381501
158 0.325204 0.337503  0.337293
4545 0.223106 0.306763  0.47013
2018 0.130003 0.363238  0.506759
4293 0.0836602 0.48825  0.42809
845 0.246964 0.224788  0.528248
4590 0.414915 0.247251  0.337834
3861 0.409177 0.109931  0.480892
1507 0.497132 0.251706  0.251162
4182 0.132577 0.402357  0.465066
392 0.310533 0.226309  0.463158
156 0.30263 0.24954  0.44783
4822 0.309406 0.273406  0.417188
4971 0.313746 0.272968  0.413286
4297 0.0189188 0.520176  0.460905
4116 0.425273 0.325637  0.24909
3493 0.696133 0.282972  0.0208951
1212 0.348698 0.41848  0.232822
4615 0.490237 0.227615  0.282148
3664 0.41617 0.407572  0.176259
2923 0.464349 0.119899  0.415753
3525 0.35744 0.261726  0.380834
2337 0.132053 0.488935  0.379012
3954 0.506242 0.133645  0.360112
2852 0.278179 0.431446  0.290376
3369 0.656241 0.332917  0.0108422
3124 0.184896 0.15183  0.663274
3924 0.206104 0.410625  0.383271
1730 0.326341 0.447558  0.226101
4134 0.599784 0.143701  0.256514
3743 0.0151634 0.755034  0.229803
2043 0.358647 0.091371  0.549982
1230 0.568088 0.121276  0.310636
1616 0.2185 0.666975  0.114525
2546 0.0808385 0.589786  0.329376
3601 0.466021 0.524771  0.00920782
4571 0.344526 0.209037  0.446437
3814 0.309788 0.277026  0.413187
1661 0.324128 0.570238  0.105634
4836 0.187195 0.620727  0.192077
4078 0.168578 0.53035  0.301072
1338 0.462291 0.232489  0.30522
1241 0.295358 0.283395  0.421247
3489 0.301204 0.533651  0.165145
4423 0.141989 0.394971  0.463041
2282 0.196066 0.379661  0.424272
3261 0.251135 0.402123  0.346741
4153 0.281865 0.363781  0.354353
2935 0.428307 0.191505  0.380188
3823 0.429752 0.45612  0.114128
4605 0.279064 0.418335  0.3026
197 0.0384998 0.541201  0.420299
4820 0.0567367 0.401498  0.541765
1275 0.150073 0.38464  0.465287
1756 0.552141 0.126411  0.321448
4266 0.569027 0.25608  0.174893
42 0.177033 0.385717  0.43725
4116 0.19395 0.441904  0.364146
3561 0.149664 0.41843  0.431906
3581 0.3358 0.537436  0.126764
4969 0.332582 0.394952  0.272467
4613 0.0444579 0.293216  0.662326
2921 0.429204 0.188163  0.382632
4460 0.214269 0.0660667  0.719665
4485 0.424514 0.234817  0.340668
4206 0.379572 0.292362  0.328066
4949 0.207888 0.351362  0.44075
492 0.522492 0.429995  0.0475137
1574 0.296145 0.257799  0.446056
2485 0.224768 0.67939  0.0958422
2631 0.486063 0.455187  0.0587503
1533 0.281535 0.323302  0.395163
4495 0.337039 0.361611  0.30135
4657 0.253572 0.0403704  0.706057
4160 0.293195 0.276569  0.430237
4895 0.295666 0.362099  0.342235
1533 0.384559 0.141138  0.474303
1211 0.117007 0.500069  0.382924
554 0.334366 0.254873  0.410762
1955 0.46297 0.41444  0.12259
4065 0.562345 0.194102  0.243554
2421 0.140817 0.339734  0.519449
1148 0.338985 0.588988  0.0720276
489 0.424286 0.404683  0.171031
4265 0.283907 0.0765476  0.639545
3436 0.114804 0.562941  0.322255
3364 0.0711604 0.723387  0.205453
4279 0.010621 0.518326  0.471053
2252 0.507689 0.318287  0.174025
4485 0.768616 0.0317442  0.19964
3549 0.735618 0.10797  0.156412
4724 0.055494 0.464849  0.479657
595 0.370413 0.0344982  0.595089
3259 0.552463 0.331158  0.11638
1255 0.320599 0.301255  0.378147
4675 0.262085 0.602655  0.13526
4450 0.227589 0.359394  0.413017
3741 0.190092 0.469238  0.34067
1170 0.402747 0.354763  0.24249
2751 0.184588 0.328448  0.486964
3549 0.247488 0.304195  0.448317
1014 0.0481989 0.357537  0.594264
1935 0.124353 0.497262  0.378385
2891 0.119055 0.386503  0.494441
3888 0.233116 0.121197  0.645687
749 0.820478 0.0188338  0.160688
702 0.0653563 0.81856  0.116084
4272 0.139206 0.384515  0.476279
4277 0.332399 0.382864  0.284737
4609 0.513988 0.257755  0.228257
4612 0.681408 0.17076  0.147832
2768 0.110836 0.546284  0.34288
3755 0.296079 0.253826  0.450095
2471 0.240664 0.284503  0.474833
2316 0.549435 0.0165948  0.43397
4383 0.7099 0.0563704  0.23373
981 0.335019 0.515793  0.149188
3551 0.420178 0.0850455  0.494776
4860 0.306982 0.373065  0.319953
4537 0.105906 0.390631  0.503462
3717 0.186023 0.464433  0.349544
4668 0.479667 0.0272892  0.493043
1693 0.375788 0.524911  0.0993013
2089 0.417023 0.0200711  0.562906
4859 0.180202 0.301126  0.518671
585 0.615079 0.219328  0.165593
3831 0.457383 0.385596  0.157021
4887 0.337163 0.357045  0.305792
1833 0.188934 0.0860819  0.724984
1234 0.381065 0.172294  0.446641
4485 0.277513 0.620391  0.102096
2838 0.21968 0.284198  0.496122
551 0.736425 0.137544  0.126031
1761 0.186261 0.433424  0.380314
821 0.0495851 0.540251  0.410164
4148 0.0669396 0.444886  0.488174
3340 0.188665 0.400616  0.410719
4130 0.264419 0.399484  0.336097
3622 0.197512 0.449982  0.352506
1336 0.258113 0.441136  0.300751
2880 0.358266 0.306959  0.334774
2596 0.131126 0.428692  0.440182
4761 0.519643 0.297916  0.182441
3904 0.279331 0.309505  0.411164
1641 0.474991 0.0518905  0.473119
1521 0.312999 0.459365  0.227636
6 0.123851 0.705072  0.171076
4613 0.0529046 0.495119  0.451976
2601 0.817038 0.0299073  0.153055
3845 0.029799 0.601561  0.36864
4597 0.441539 0.143697  0.414765
4543 0.441824 0.0902253  0.46795
1894 0.488845 0.406731  0.104424
4989 0.316831 0.362182  0.320987
4801 0.262612 0.144148  0.59324
4427 0.787582 0.029844  0.182574
3142 0.169959 0.513257  0.316784
3222 0.596347 0.105628  0.298025
3727 0.421207 0.3425  0.236294
3134 0.399234 0.429463  0.171302
4631 0.489169 0.347186  0.163645
1089 0.223669 0.462858  0.313473
2324 0.521835 0.276602  0.201563
4608 0.913752 0.0238134  0.0624351
4272 0.022002 0.682738  0.29526
4243 0.290977 0.397771  0.311251
525 0.246158 0.348481  0.405361
3628 0.362647 0.321322  0.316031
4134 0.409808 0.211714  0.378478
499 0.488725 0.0142248  0.49705
4648 0.0373311 0.678778  0.283891
2247 0.45373 0.305569  0.240702
1619 0.362098 0.435097  0.202805
2677 0.191881 0.23499  0.573129
2530 0.380584 0.196888  0.422529
1893 0.421943 0.206035  0.372022
4562 0.408273 0.183568  0.408159
886 0.530435 0.167379  0.302186
2649 0.0502229 0.434689  0.515088
3373 0.302113 0.197933  0.499954
397 0.495903 0.237305  0.266792
4936 0.471824 0.120833  0.407343
390 0.156646 0.422003  0.421351
3978 0.037939 0.784109  0.177952
2954 0.301133 0.302307  0.39656
2816 0.505548 0.221501  0.272951
3119 0.421989 0.0959378  0.482073
4860 0.20622 0.408474  0.385305
2390 0.149205 0.759692  0.0911028
4376 0.143051 0.418853  0.438096
2918 0.382511 0.504841  0.112648
1623 0.111605 0.546035  0.34236
4094 0.46405 0.0480647  0.487886
1729 0.689876 0.120987  0.189137
845 0.279448 0.360427  0.360126
4607 0.0541428 0.168712  0.777145
4802 0.309466 0.242272  0.448262
4078 0.186257 0.079384  0.734359
1345 0.670704 0.263015  0.0662803
1475 0.255309 0.460583  0.284107
2519 0.112081 0.470547  0.417371
3209 0.220905 0.252733  0.526363
1506 0.351421 0.443699  0.204879
3285 0.765973 0.132472  0.101555
360 0.365727 0.411589  0.222684
3873 0.556045 0.39262  0.0513347
2769 0.433354 0.0885237  0.478123
2721 0.740004 0.0521955  0.207801
960 0.332641 0.136188  0.531171
1688 0.540284 0.187325  0.272392
1807 0.342248 0.479471  0.178281
1281 0.258133 0.33575  0.406117
2074 0.251817 0.431106  0.317077
4860 0.347359 0.224705  0.427936
3016 0.275071 0.156397  0.568532
3556 0.155941 0.465244  0.378815
647 0.303273 0.34256  0.354167
501 0.23218 0.329377  0.438444
4622 0.211472 0.571641  0.216887
1425 0.216946 0.531305  0.251749
660 0.32045 0.36343  0.316119
749 0.446571 0.464698  0.088731
4466 0.310642 0.406417  0.28294
3697 0.0658411 0.332585  0.601574
4646 0.461542 0.344745  0.193713
1794 0.409368 0.23038  0.360252
2495 0.354587 0.487301  0.158112
1741 0.606682 0.0514998  0.341818
2321 0.18055 0.106904  0.712546
2526 0.392447 0.28053  0.327023
1326 0.432974 0.248792  0.318234
3548 0.342641 0.517342  0.140016
598 0.359506 0.368377  0.272117
2381 0.0298329 0.778626  0.191542
2773 0.249728 0.316  0.434272
3540 0.40309 0.37924  0.21767
2631 0.27048 0.249244  0.480277
1893 0.584309 0.142126  0.273565
541 0.125389 0.389943  0.484669
3387 0.464269 0.360012  0.175719
3779 0.190886 0.427043  0.38207
492 0.973322 0.0116266  0.0150513
3555 0.414531 0.253559  0.33191
2415 0.0743145 0.246989  0.678697
846 0.54548 0.153318  0.301202
2470 0.0720022 0.489767  0.43823
1265 0.425972 0.304648  0.26938
2540 0.665375 0.215125  0.1195
2873 0.355664 0.389091  0.255245
3177 0.220796 0.108526  0.670678
738 0.0553124 0.379193  0.565495
286 0.104445 0.828634  0.0669208
3912 0.36863 0.371776  0.259594
4860 0.408572 0.20686  0.384569
3853 0.307963 0.222505  0.469532
526 0.583104 0.138221  0.278676
2971 0.0464664 0.490362  0.463172
2255 0.548813 0.0876297  0.363557
877 0.36811 0.349188  0.282702
4159 0.560142 0.33023  0.109628
2393 0.0478899 0.850972  0.101138
3549 0.556913 0.288313  0.154774
590 0.627197 0.357481  0.0153228
971 0.606478 0.150658  0.242864
4232 0.37598 0.271764  0.352256
4273 0.16563 0.718457  0.115913
4255 0.38539 0.567902  0.046708
675 0.138855 0.171135  0.690009
2104 0.459934 0.256407  0.283658
4819 0.578718 0.0947137  0.326568
4404 0.15839 0.197822  0.643788
4126 0.218403 0.279202  0.502396
4590 0.336273 0.469757  0.19397
3129 0.459275 0.359333  0.181392
3209 0.613779 0.126769  0.259452
2014 0.718768 0.272463  0.00876891
3716 0.329419 0.39519  0.275391
3898 0.378459 0.295058  0.326483
4647 0.273517 0.562811  0.163672
3904 0.3863 0.21384  0.399861
1137 0.317251 0.504399  0.17835
3383 0.117771 0.338373  0.543856
4270 0.421341 0.0699583  0.508701
2451 0.319591 0.03379  0.646619
3373 0.17401 0.49369  0.3323
4528 0.119101 0.478298  0.402601
4634 0.0425173 0.860377  0.0971053
4860 0.275223 0.41253  0.312247
918 0.379767 0.248583  0.371651
2221 0.500975 0.340615  0.158409
3916 0.459647 0.223713  0.31664
2548 0.427193 0.13779  0.435017
3417 0.192388 0.263797  0.543815
644 0.436342 0.168796  0.394862
4944 0.586782 0.235038  0.178179
3549 0.24049 0.180758  0.578752
3550 0.279836 0.354548  0.365615
1533 0.165333 0.168741  0.665927
3590 0.353225 0.27073  0.376046
3543 0.393875 0.433915  0.17221
4935 0.127852 0.296173  0.575975
1906 0.419975 0.247997  0.332028
3609 0.184594 0.630108  0.185298
4339 0.0808574 0.10669  0.812453
3967 0.582745 0.161574  0.255681
2388 0.0156223 0.633586  0.350792
4502 0.344952 0.473759  0.18129
750 0.699446 0.159624  0.140929
2360 0.290678 0.314715  0.394607
2289 0.209167 0.410956  0.379878
4891 0.102767 0.355821  0.541412
2140 0.25388 0.437069  0.309051
4116 0.413163 0.562484  0.0243528
2687 0.0509144 0.425493  0.523593
1437 0.309572 0.151139  0.539288
4496 0.640255 0.20044  0.159305
1276 0.340729 0.455821  0.203451
1033 0.314449 0.351039  0.334512
1145 0.544153 0.306943  0.148904
2656 0.140565 0.473516  0.385919
248 0.388188 0.256207  0.355605
503 0.326731 0.108161  0.565108
4045 0.447814 0.262749  0.289437
3549 0.162841 0.356306  0.480853
3703 0.372104 0.487303  0.140593
3450 0.145085 0.41211  0.442805
1155 0.353856 0.420675  0.22547
3826 0.246605 0.506366  0.247029
3359 0.572675 0.246461  0.180864
3564 0.318468 0.120997  0.560535
1706 0.637024 0.295648  0.0673276
700 0.168253 0.482536  0.349212
3570 0.190991 0.790343  0.0186656
877 0.4098 0.154627  0.435573
3370 0.215751 0.423282  0.360967
3901 0.43484 0.162338  0.402822
2985 0.0262754 0.329314  0.644411
3284 0.272319 0.316605  0.411076
979 0.168153 0.653766  0.178081
4700 0.544096 0.257802  0.198102
3423 0.582155 0.204872  0.212973
674 0.456956 0.227649  0.315395
610 0.605071 0.143967  0.250962
3358 0.101391 0.505792  0.392817
3493 0.285954 0.152743  0.561303
4578 0.213262 0.616583  0.170154
4622 0.556457 0.326206  0.117337
72 0.407809 0.520513  0.0716778
4641 0.311183 0.484768  0.204048
3535 0.333332 0.489078  0.17759
3515 0.175179 0.0812642  0.743556
697 0.722128 0.0679262  0.209946
3471 0.57126 0.207263  0.221477
3186 0.40338 0.561001  0.0356198
4272 0.49801 0.388235  0.113755
3907 0.366021 0.267235  0.366743
604 0.0355187 0.420887  0.543594
2085 0.276373 0.404948  0.318679
2489 0.0612894 0.529354  0.409356
4936 0.0354792 0.211071  0.753449
1901 0.380546 0.170731  0.448723
4115 0.380245 0.374221  0.245534
3585 0.290977 0.387617  0.321406
651 0.350953 0.631578  0.0174698
1237 0.103322 0.834892  0.0617864
3957 0.50398 0.20726  0.28876
3497 0.271394 0.534218  0.194389
4115 0.0347128 0.521975  0.443312
3549 0.190166 0.41587  0.393964
1892 0.391761 0.200276  0.407963
1806 0.420248 0.179916  0.399836
2800 0.479658 0.219283  0.30106
2518 0.118615 0.0927411  0.788644
983 0.450339 0.104602  0.445059
4710 0.517034 0.31851  0.164456
2100 0.513003 0.394789  0.0922081
3564 0.23078 0.376083  0.393137
3846 0.471415 0.311013  0.217572
2819 0.264276 0.341951  0.393773
4078 0.146817 0.637356  0.215827
4152 0.358265 0.335005  0.306731
3489 0.254633 0.508155  0.237211
4027 0.273648 0.290188  0.436164
4251 0.779121 0.186748  0.0341303
1412 0.281975 0.212944  0.505082
1787 0.208512 0.128176  0.663313
1980 0.729656 0.21297  0.0573738
4836 0.575458 0.107852  0.316691
4805 0.0441869 0.412091  0.543723
1185 0.390017 0.552884  0.0570989
503 0.155782 0.51127  0.332948
3663 0.272893 0.17051  0.556597
4794 0.187976 0.350576  0.461449
2755 0.246632 0.501241  0.252128
1488 0.434692 0.476709  0.0885993
4936 0.0796899 0.0518901  0.86842
1276 0.331404 0.138885  0.52971
580 0.0770175 0.170323  0.752659
2601 0.188743 0.66668  0.144578
4862 0.120251 0.487612  0.392137
2927 0.511218 0.383159  0.105623
3190 0.0465183 0.519623  0.433859
2116 0.437714 0.257911  0.304375
4935 0.115702 0.480982  0.403316
2353 0.404077 0.42807  0.167853
3369 0.195645 0.424278  0.380077
1483 0.467419 0.330857  0.201724
3427 0.275849 0.419112  0.305038
866 0.637443 0.188009  0.174548
4557 0.31971 0.407716  0.272574
2414 0.118317 0.380544  0.50114
1980 0.416392 0.561328  0.0222795
1694 0.241982 0.599115  0.158903
2395 0.646994 0.292035  0.0609704
675 0.414217 0.21181  0.373974
3422 0.449077 0.402598  0.148325
848 0.0194234 0.0114871  0.969089
3773 0.076482 0.596832  0.326686
1490 0.301519 0.0665445  0.631936
883 0.0776156 0.609125  0.313259
4153 0.232337 0.696022  0.0716408
4769 0.64867 0.311839  0.0394916
4465 0.202061 0.183418  0.614521
1803 0.0431867 0.469258  0.487555
4616 0.477269 0.473492  0.0492388
4657 0.0248776 0.456266  0.518856
4116 0.343098 0.449014  0.207888
2826 0.363521 0.478895  0.157584
3272 0.548419 0.151049  0.300532
1749 0.417343 0.285112  0.297545
1141 0.458553 0.468389  0.0730575
2524 0.235314 0.327592  0.437094
505 0.44814 0.194785  0.357074
596 0.506286 0.229431  0.264283
2269 0.0961437 0.469299  0.434558
4719 0.270897 0.544151  0.184952
2383 0.163181 0.566149  0.27067
3271 0.168018 0.497997  0.333985
1962 0.643296 0.188208  0.168496
3294 0.295351 0.392986  0.311663
3116 0.303213 0.351395  0.345393
4679 0.478905 0.344839  0.176255
4312 0.472587 0.360303  0.167111
4689 0.256345 0.713861  0.0297939
598 0.528822 0.35026  0.120918
2248 0.429516 0.0439931  0.526491
1174 0.409117 0.259727  0.331156
1123 0.101188 0.461733  0.43708
650 0.228269 0.406994  0.364738
1062 0.274334 0.206487  0.519179
4483 0.204074 0.165472  0.630455
2878 0.185168 0.464872  0.349961
1485 0.403392 0.134239  0.462369
4005 0.262525 0.367254  0.370222
2767 0.509633 0.261618  0.228748
2923 0.501758 0.162748  0.335494
3265 0.214277 0.529484  0.256239
551 0.120649 0.79644  0.0829109
4836 0.457888 0.198222  0.34389
2906 0.311424 0.469662  0.218914
1550 0.573235 0.354905  0.0718596
3663 0.688046 0.204064  0.107889
1887 0.317249 0.534265  0.148486
1138 0.697057 0.0681995  0.234744
4607 0.0382047 0.495655  0.46614
369 0.565189 0.0299047  0.404907
713 0.0273399 0.513352  0.459308
4483 0.334702 0.63057  0.034728
2149 0.352598 0.136023  0.51138
3524 0.0815174 0.702677  0.215806
4859 0.414219 0.0202248  0.565557
4911 0.356412 0.220833  0.422754
666 0.837259 0.131705  0.0310356
1152 0.306335 0.280435  0.41323
2048 0.422466 0.138189  0.439345
4406 0.134534 0.522707  0.34276
4822 0.707817 0.161577  0.130606
2587 0.426999 0.148541  0.42446
474 0.14421 0.372987  0.482804
527 0.397057 0.239685  0.363258
1805 0.42721 0.508667  0.0641237
3144 0.425802 0.0538906  0.520308
3421 0.309442 0.37564  0.314918
1332 0.480989 0.322606  0.196405
4762 0.474295 0.0854936  0.440211
637 0.306853 0.405691  0.287456
2897 0.353271 0.423143  0.223586
4984 0.551315 0.375432  0.073253
654 0.530572 0.239978  0.22945
3798 0.0835168 0.05485  0.861633
2947 0.392541 0.209047  0.398411
4375 0.231527 0.613564  0.154909
1170 0.441919 0.127435  0.430646
1220 0.480882 0.321238  0.197879
1805 0.492231 0.461056  0.0467137
4936 0.517993 0.230315  0.251693
3909 0.134156 0.841501  0.0243429
4936 0.22135 0.277588  0.501063
4496 0.0926208 0.593258  0.314122
4590 0.101902 0.461301  0.436797
480 0.543973 0.226046  0.229981
4824 0.366979 0.204851  0.42817
1927 0.499763 0.0226397  0.477597
3273 0.365632 0.40753  0.226838
4681 0.265644 0.419212  0.315144
4816 0.757964 0.153582  0.0884541
4012 0.404972 0.101012  0.494016
3550 0.0840789 0.80009  0.115831
2736 0.46463 0.0486774  0.486693
976 0.218556 0.395517  0.385927
1892 0.3726 0.393652  0.233748
4925 0.0632418 0.752882  0.183876
4837 0.432284 0.482157  0.0855585
1140 0.184808 0.743461  0.0717309
4280 0.539221 0.239112  0.221666
4133 0.146593 0.342952  0.510455
1893 0.305589 0.326441  0.36797
2751 0.374936 0.213925  0.411139
843 0.143539 0.776973  0.0794887
1275 0.174621 0.555209  0.270169
2123 0.382086 0.29172  0.326194
4126 0.200744 0.465104  0.334152
2770 0.403477 0.307034  0.289489
1893 0.32427 0.363967  0.311763
4680 0.796677 0.15933  0.043993
3790 0.478713 0.37372  0.147567
2646 0.0836982 0.135091  0.78121
2897 0.646832 0.277445  0.0757232
1834 0.40961 0.304826  0.285564
2019 0.340417 0.500289  0.159294
1349 0.458466 0.170309  0.371225
248 0.147442 0.44906  0.403499
4681 0.107272 0.472859  0.419869
4136 0.0783033 0.597592  0.324105
2077 0.24459 0.24159  0.51382
4647 0.219898 0.354578  0.425524
3179 0.531582 0.326711  0.141708
4969 0.482277 0.470257  0.0474659
4137 0.320836 0.331184  0.34798
3435 0.446364 0.084888  0.468747
3433 0.510857 0.0379767  0.451167
1199 0.204795 0.434169  0.361036
3639 0.298756 0.272905  0.428339
902 0.275759 0.458236  0.266004
2598 0.119701 0.26058  0.619719
2998 0.124449 0.819627  0.0559233
3202 0.267684 0.404888  0.327428
78 0.172925 0.406554  0.420521
1214 0.465193 0.499573  0.035234
1674 0.315872 0.340235  0.343893
4936 0.462066 0.479422  0.0585118
4881 0.554831 0.214856  0.230314
2810 0.352405 0.222754  0.424841
4443 0.421962 0.299068  0.27897
2839 0.406939 0.278302  0.314758
4836 0.60711 0.0254598  0.36743
3358 0.244596 0.498659  0.256745
872 0.0628102 0.612115  0.325075
3561 0.237386 0.356174  0.40644
845 0.367347 0.0459842  0.586668
1535 0.46849 0.159637  0.371873
2619 0.131494 0.278753  0.589753
4479 0.0316866 0.507107  0.461207
2664 0.196392 0.0971538  0.706454
4175 0.0867692 0.684428  0.228802
2543 0.774682 0.0291974  0.19612
4778 0.551845 0.427944  0.0202113
1583 0.506032 0.242962  0.251006
3540 0.416643 0.510172  0.0731847
4040 0.250372 0.32966  0.419969
297 0.390714 0.376967  0.232319
4718 0.450565 0.528922  0.0205135
4604 0.337754 0.399949  0.262298
2657 0.554408 0.401866  0.0437264
4586 0.305137 0.416208  0.278655
1930 0.168671 0.2705  0.560829
3036 0.341277 0.167516  0.491207
84 0.424685 0.369825  0.20549
1552 0.288844 0.199536  0.511619
3583 0.172838 0.466941  0.36022
4212 0.343768 0.366322  0.28991
2438 0.338034 0.180172  0.481795
4837 0.420988 0.21442  0.364592
3053 0.0763254 0.293777  0.629898
4106 0.226844 0.597091  0.176065
1179 0.179457 0.138705  0.681838
1682 0.41356 0.370244  0.216196
3161 0.0870529 0.698763  0.214184
2462 0.611978 0.107412  0.280609
4739 0.373366 0.0489426  0.577691
1340 0.390995 0.430259  0.178747
4645 0.307275 0.211422  0.481303
4094 0.378539 0.159228  0.462233
418 0.370789 0.461972  0.16724
1737 0.155496 0.099775  0.744729
3211 0.357457 0.195507  0.447036
3552 0.219315 0.401516  0.37917
4078 0.452832 0.23132  0.315849
3524 0.131075 0.274602  0.594324
2037 0.129417 0.297626  0.572957
15 0.0615273 0.699782  0.23869
2165 0.151002 0.572416  0.276582
3683 0.853907 0.0662797  0.0798137
595 0.270199 0.357638  0.372163
4631 0.379583 0.179475  0.440942
2334 0.280213 0.585221  0.134565
3177 0.57502 0.0478076  0.377173
2484 0.0611406 0.170885  0.767974
3552 0.224895 0.370646  0.404459
4508 0.480846 0.328148  0.191006
3980 0.395057 0.162171  0.442772
1678 0.362795 0.435383  0.201822
2545 0.369658 0.169195  0.461147
1940 0.324785 0.34817  0.327044
4309 0.0529341 0.719764  0.227301
469 0.432514 0.334779  0.232707
2787 0.562713 0.121472  0.315815
852 0.216233 0.545173  0.238594
3256 0.295494 0.358003  0.346502
2567 0.452674 0.0767892  0.470537
3976 0.589955 0.289745  0.1203
1671 0.504242 0.18222  0.313538
3596 0.475348 0.424836  0.099816
2868 0.398046 0.3148  0.287153
2335 0.356741 0.391768  0.251491
3594 0.439608 0.378432  0.18196
3721 0.0728624 0.732148  0.19499
3180 0.0516922 0.76778  0.180528
2816 0.463525 0.46637  0.0701049
2758 0.325019 0.0902896  0.584692
964 0.704636 0.150843  0.144521
4730 0.0490312 0.630392  0.320577
2490 0.388338 0.0928876  0.518774
2226 0.275055 0.663771  0.0611735
511 0.209782 0.655337  0.134881
4690 0.508646 0.391896  0.0994579
1178 0.248013 0.309275  0.442712
2289 0.286844 0.446157  0.267
3732 0.237322 0.39373  0.368948
3260 0.648779 0.102524  0.248697
3037 0.374563 0.584141  0.0412957
4164 0.540829 0.126738  0.332432
4089 0.607615 0.274416  0.117969
4590 0.320629 0.324695  0.354676
1148 0.366002 0.194223  0.439775
2768 0.496505 0.0195504  0.483944
450 0.422674 0.130744  0.446583
3733 0.672045 0.116441  0.211514
3248 0.442289 0.341873  0.215838
2281 0.294088 0.6102  0.0957125
3912 0.243942 0.525314  0.230744
1944 0.304116 0.345235  0.350649
3860 0.485742 0.150517  0.36374
1286 0.218085 0.375835  0.406081
2116 0.148872 0.136009  0.715119
1801 0.280592 0.0504128  0.668995
4479 0.0853579 0.547483  0.367159
2974 0.614604 0.168183  0.217213
3590 0.368965 0.199202  0.431833
3216 0.138959 0.64526  0.215782
4936 0.202334 0.210081  0.587585
1707 0.123696 0.209552  0.666752
3180 0.032498 0.498659  0.468843
651 0.330244 0.412668  0.257088
4680 0.195382 0.384648  0.41997
3907 0.157571 0.276964  0.565465
4483 0.410935 0.208972  0.380094
1271 0.172333 0.449673  0.377994
4605 0.340516 0.510312  0.149172
4607 0.487336 0.413074  0.0995896
4182 0.453926 0.377925  0.168149
2801 0.0370948 0.668393  0.294512
4279 0.0395447 0.854397  0.106058
3706 0.790934 0.0544751  0.154591
4633 0.27272 0.0364435  0.690836
698 0.331428 0.380354  0.288219
4562 0.090681 0.600766  0.308553
2685 0.0278426 0.322906  0.649251
4281 0.432967 0.154544  0.412489
1268 0.209909 0.0150209  0.77507
2695 0.472628 0.240368  0.287004
1237 0.363398 0.563894  0.0727073
3904 0.444993 0.217281  0.337726
1806 0.575861 0.161433  0.262706
173 0.634594 0.305155  0.0602514
1264 0.00890089 0.110033  0.881066
2888 0.112522 0.153812  0.733666
546 0.22256 0.373242  0.404197
4366 0.38036 0.285678  0.333962
567 0.0795399 0.535376  0.385084
4860 0.396188 0.315363  0.288449
4647 0.155014 0.567814  0.277172
3371 0.5621 0.333484  0.104416
1803 0.363121 0.349413  0.287466
3572 0.431106 0.102875  0.46602
1971 0.539595 0.339978  0.120427
1646 0.272489 0.659517  0.0679941
776 0.178782 0.366899  0.454319
2941 0.453077 0.486555  0.060368
3521 0.198734 0.43085  0.370416
4106 0.102604 0.39365  0.503745
4495 0.211457 0.326411  0.462132
2664 0.278206 0.58585  0.135944
3865 0.233372 0.444261  0.322366
831 0.695423 0.0490452  0.255532
3904 0.370398 0.144775  0.484827
2759 0.114767 0.372737  0.512496
2394 0.212253 0.45451  0.333237
4040 0.0686141 0.370376  0.56101
2354 0.265154 0.501418  0.233428
