2960 0.0455276 0.590968  0.363505
2752 0.315333 0.383959  0.300708
3636 0.301936 0.233772  0.464291
1186 0.315437 0.17362  0.510943
2460 0.502574 0.436293  0.0611332
2254 0.379449 0.303828  0.316723
983 0.0833933 0.328945  0.587662
945 0.441632 0.347715  0.210653
1606 0.458128 0.42149  0.120383
1575 0.35716 0.368256  0.274585
1034 0.50008 0.201428  0.298493
1854 0.12641 0.487809  0.385781
3612 0.40089 0.337637  0.261473
2586 0.485319 0.440854  0.073827
2490 0.13561 0.838575  0.0258153
4510 0.428133 0.351085  0.220782
1610 0.325731 0.491413  0.182856
1511 0.395487 0.586902  0.0176114
3740 0.112362 0.447053  0.440585
1511 0.232779 0.372947  0.394273
4592 0.475758 0.335801  0.188442
2843 0.545568 0.360342  0.0940901
1528 0.308475 0.416254  0.275271
2663 0.160655 0.504688  0.334656
2331 0.331529 0.240915  0.427556
1596 0.446606 0.259686  0.293708
5070 0.415606 0.289198  0.295196
4606 0.0217414 0.658426  0.319833
2590 0.429293 0.192735  0.377972
3290 0.555441 0.127945  0.316614
91 0.109791 0.796191  0.0940174
1511 0.162069 0.616822  0.221108
4627 0.329561 0.323411  0.347028
1049 0.402215 0.359674  0.238111
1027 0.425186 0.49637  0.0784444
4508 0.431716 0.112529  0.455755
3838 0.297152 0.168046  0.534802
3769 0.377291 0.480891  0.141817
3779 0.0546682 0.614675  0.330657
2785 0.361893 0.31894  0.319167
4612 0.171446 0.465752  0.362801
1511 0.665432 0.0621047  0.272463
1044 0.259272 0.316569  0.424158
1624 0.408784 0.306175  0.285041
3977 0.525133 0.448908  0.0259588
983 0.104328 0.341367  0.554305
2882 0.631003 0.324586  0.0444109
4428 0.396007 0.276937  0.327056
2412 0.128281 0.0592251  0.812493
1633 0.424507 0.0870539  0.48844
1100 0.36127 0.255952  0.382778
5096 0.153788 0.242257  0.603955
1860 0.161215 0.484386  0.354398
3569 0.212512 0.0378567  0.749632
3753 0.511366 0.0604587  0.428175
4751 0.214554 0.554247  0.231199
5316 0.176164 0.0307417  0.793094
3838 0.388811 0.174997  0.436192
2390 0.510273 0.0669673  0.422759
2660 0.34118 0.187478  0.471341
1610 0.469934 0.496942  0.0331233
1540 0.0372761 0.557795  0.404929
1511 0.308111 0.414409  0.277479
1596 0.0396511 0.49194  0.468409
701 0.508677 0.295293  0.196029
2449 0.415083 0.33276  0.252157
2707 0.474566 0.264618  0.260815
5389 0.24484 0.16224  0.59292
1015 0.237924 0.698612  0.0634647
4164 0.431621 0.486741  0.0816379
1511 0.0712126 0.592268  0.336519
975 0.609912 0.335707  0.0543812
3561 0.296242 0.332217  0.371541
1385 0.437665 0.023065  0.539271
2863 0.116128 0.472653  0.411219
1547 0.30979 0.26319  0.427019
1031 0.0536839 0.254232  0.692084
978 0.229704 0.739576  0.0307194
1610 0.594663 0.356999  0.0483381
3202 0.268605 0.357028  0.374367
1587 0.391731 0.39721  0.21106
2730 0.54382 0.184068  0.272112
1526 0.636604 0.207539  0.155857
1774 0.184287 0.525629  0.290084
1606 0.327559 0.360729  0.311712
1602 0.461676 0.160209  0.378115
3624 0.109237 0.429768  0.460996
3674 0.506521 0.47371  0.0197693
2020 0.62766 0.315366  0.0569746
984 0.18039 0.496525  0.323085
1511 0.0839991 0.54588  0.370121
1511 0.161577 0.522242  0.31618
4569 0.431322 0.493715  0.0749627
1049 0.245241 0.719863  0.0348954
1581 0.242144 0.383356  0.374499
1514 0.556922 0.216329  0.226749
233 0.451819 0.455722  0.0924585
1700 0.29937 0.230336  0.470294
945 0.541557 0.0368908  0.421552
1610 0.360531 0.136195  0.503274
1610 0.431571 0.0336651  0.534764
935 0.225128 0.530144  0.244728
1609 0.213776 0.518307  0.267917
1381 0.439561 0.449468  0.110972
2730 0.380168 0.4018  0.218032
1511 0.0301354 0.294495  0.67537
5092 0.350903 0.328383  0.320713
153 0.040043 0.23001  0.729947
2588 0.290453 0.495038  0.214509
2859 0.0506625 0.379665  0.569672
4954 0.604264 0.066735  0.329001
3736 0.486705 0.357294  0.156001
4613 0.522184 0.284182  0.193634
924 0.188643 0.560205  0.251152
2221 0.65157 0.104175  0.244255
4517 0.271595 0.49043  0.237974
1010 0.313899 0.28084  0.405261
2763 0.837146 0.0549748  0.107879
1041 0.296221 0.584194  0.119585
303 0.279412 0.0325268  0.688062
3854 0.289477 0.300064  0.410459
983 0.0638366 0.486812  0.449352
1696 0.339294 0.569058  0.0916481
4537 0.383324 0.350792  0.265884
1324 0.130829 0.365009  0.504162
1511 0.215502 0.42761  0.356888
955 0.124037 0.288251  0.587711
3934 0.356304 0.198708  0.444988
1937 0.0455578 0.336981  0.617461
1609 0.755866 0.0266829  0.217451
552 0.529164 0.183344  0.287492
4033 0.725802 0.0527477  0.22145
1010 0.303567 0.350849  0.345584
982 0.571773 0.0977474  0.33048
1609 0.127532 0.260137  0.612331
1015 0.579719 0.0442701  0.376011
1042 0.325383 0.330659  0.343958
1511 0.423256 0.523949  0.052795
1181 0.109509 0.397691  0.4928
1051 0.492124 0.384403  0.123473
1049 0.362287 0.0981383  0.539574
4591 0.265777 0.34025  0.393974
1511 0.483645 0.476272  0.0400835
1511 0.297264 0.19955  0.503186
472 0.283225 0.464777  0.251998
358 0.259951 0.585841  0.154208
1609 0.242438 0.223934  0.533628
5082 0.11995 0.682051  0.197999
4986 0.435731 0.313521  0.250749
4776 0.375772 0.60202  0.022208
963 0.216734 0.60396  0.179306
1489 0.400836 0.548906  0.0502582
3435 0.662587 0.298297  0.0391165
2266 0.42085 0.210387  0.368764
5113 0.0466146 0.555355  0.398031
3637 0.323256 0.313148  0.363596
553 0.0108278 0.639771  0.349401
2686 0.100316 0.299831  0.599853
1160 0.04927 0.210818  0.739912
649 0.317965 0.392997  0.289037
984 0.328321 0.177535  0.494144
960 0.04808 0.448263  0.503657
2742 0.252744 0.0837811  0.663475
1610 0.589062 0.26239  0.148549
1035 0.0348114 0.101427  0.863761
1511 0.350282 0.230494  0.419224
1068 0.286129 0.312614  0.401258
1511 0.42873 0.238782  0.332488
1596 0.385433 0.320322  0.294245
2833 0.44654 0.452322  0.101138
1610 0.527409 0.164425  0.308166
5424 0.0297754 0.380989  0.589235
3501 0.589151 0.397663  0.0131859
4974 0.577497 0.222792  0.199711
56 0.155735 0.48181  0.362455
4369 0.499911 0.411337  0.0887526
1015 0.147164 0.257645  0.595191
1086 0.355147 0.230207  0.414646
1591 0.172915 0.248776  0.57831
1520 0.188365 0.384223  0.427412
1595 0.267706 0.374008  0.358286
1511 0.291643 0.229887  0.478471
1539 0.247632 0.224241  0.528128
1015 0.0574343 0.239635  0.702931
5057 0.0298366 0.785164  0.184999
3852 0.288032 0.260765  0.451203
1610 0.305692 0.3399  0.354408
1511 0.299128 0.517551  0.183322
1743 0.31956 0.275777  0.404664
3733 0.650755 0.0931055  0.25614
1049 0.464426 0.0947953  0.440779
983 0.505619 0.486458  0.00792225
1807 0.359824 0.0494514  0.590725
2516 0.676714 0.0909871  0.232299
1610 0.293511 0.675473  0.0310154
4837 0.310935 0.190806  0.498259
3708 0.274096 0.167468  0.558436
2730 0.322123 0.367871  0.310007
4586 0.282814 0.286355  0.430831
4565 0.0116582 0.848154  0.140188
3808 0.504628 0.278025  0.217347
982 0.558855 0.056203  0.384942
1021 0.375396 0.481984  0.142621
3934 0.347396 0.178231  0.474373
4620 0.412955 0.168836  0.418209
1610 0.0540163 0.600287  0.345697
2128 0.451686 0.216855  0.331459
1605 0.00848551 0.635728  0.355787
571 0.216667 0.630047  0.153286
5171 0.38403 0.335718  0.280252
2240 0.183582 0.428636  0.387781
1609 0.3922 0.578531  0.0292693
1511 0.511116 0.462913  0.0259707
979 0.223555 0.368282  0.408164
2376 0.139696 0.186749  0.673555
3169 0.445275 0.4651  0.0896245
1460 0.381783 0.0893758  0.528841
2730 0.306872 0.221647  0.471481
4566 0.137608 0.559822  0.30257
186 0.369433 0.291182  0.339384
3075 0.103101 0.0537465  0.843152
2565 0.281817 0.467502  0.250681
3711 0.576882 0.0475142  0.375604
1591 0.610544 0.359346  0.0301096
4507 0.309231 0.481125  0.209644
973 0.0493052 0.26882  0.681875
359 0.441692 0.25891  0.299398
1129 0.419568 0.343152  0.23728
1041 0.834887 0.103491  0.0616225
2730 0.582929 0.0350973  0.381974
3289 0.43743 0.129959  0.43261
198 0.215154 0.485822  0.299024
5258 0.25539 0.243947  0.500662
1511 0.0532095 0.565454  0.381337
977 0.290008 0.210765  0.499227
5100 0.158953 0.370421  0.470626
3988 0.230977 0.142454  0.626569
537 0.418727 0.0354022  0.545871
1511 0.362365 0.451699  0.185936
4618 0.283229 0.462459  0.254311
1609 0.315185 0.275906  0.408909
1610 0.0756471 0.732821  0.191532
3244 0.47577 0.280986  0.243244
2988 0.260066 0.0919497  0.647984
1591 0.357179 0.398381  0.24444
4166 0.481199 0.253816  0.264985
4669 0.304527 0.12747  0.568002
1692 0.458655 0.0281891  0.513156
1697 0.108844 0.482056  0.4091
994 0.399237 0.353406  0.247357
2641 0.630097 0.350137  0.0197658
2769 0.294136 0.365795  0.340069
3866 0.129494 0.334021  0.536485
1041 0.0141429 0.321653  0.664205
4506 0.408263 0.490177  0.101559
1682 0.305893 0.550032  0.144075
978 0.12976 0.397095  0.473145
1610 0.420089 0.193034  0.386877
3413 0.263917 0.285763  0.45032
935 0.190113 0.178558  0.631329
1810 0.0902391 0.247939  0.661822
958 0.72913 0.12229  0.148579
3836 0.312374 0.378791  0.308835
953 0.586653 0.356747  0.0566
1610 0.333911 0.240602  0.425487
630 0.0833664 0.147382  0.769252
986 0.292163 0.680301  0.0275358
3010 0.328484 0.119438  0.552077
4618 0.159369 0.0970774  0.743554
5455 0.602997 0.106976  0.290027
4747 0.138697 0.265231  0.596071
1031 0.18611 0.42384  0.39005
983 0.0309708 0.600872  0.368157
1048 0.395089 0.388216  0.216695
3041 0.179965 0.475215  0.34482
4684 0.337753 0.37596  0.286286
973 0.355456 0.260328  0.384216
2483 0.354001 0.48405  0.161949
1768 0.207781 0.4566  0.335619
993 0.149271 0.237234  0.613495
1610 0.314622 0.0923283  0.59305
1602 0.182029 0.647881  0.170089
3167 0.0717705 0.547202  0.381027
4639 0.364022 0.2554  0.380578
1511 0.510259 0.198633  0.291109
1610 0.145362 0.524683  0.329955
1515 0.13633 0.46369  0.39998
135 0.545704 0.164814  0.289482
966 0.135592 0.322218  0.54219
1058 0.441415 0.109178  0.449407
3580 0.315254 0.158658  0.526088
1077 0.0416329 0.246391  0.711976
2263 0.29788 0.297365  0.404754
1609 0.345023 0.207375  0.447602
4048 0.476499 0.257764  0.265736
937 0.505697 0.356926  0.137377
2743 0.418503 0.0720358  0.509461
1610 0.225004 0.613974  0.161022
13 0.241387 0.535469  0.223144
2742 0.558615 0.238497  0.202887
2467 0.493586 0.443933  0.0624813
997 0.504712 0.350354  0.144934
2146 0.299595 0.662459  0.0379463
1769 0.112025 0.581592  0.306383
1596 0.354204 0.347212  0.298585
5450 0.217171 0.277762  0.505067
1690 0.308415 0.376008  0.315578
1914 0.348047 0.10482  0.547133
1591 0.654393 0.232168  0.113438
1691 0.331619 0.0793256  0.589055
4514 0.0766775 0.786092  0.13723
1459 0.398577 0.393177  0.208246
1601 0.4732 0.046299  0.480501
1412 0.258901 0.512217  0.228882
1511 0.0861288 0.269822  0.644049
1049 0.0851262 0.396884  0.517989
2607 0.275594 0.481163  0.243242
979 0.218024 0.459965  0.322011
3911 0.231336 0.453891  0.314774
1302 0.331322 0.323974  0.344704
1021 0.567846 0.230073  0.202081
1052 0.259456 0.568416  0.172128
2426 0.294191 0.224655  0.481154
2729 0.382956 0.39375  0.223294
1609 0.531822 0.344853  0.123324
1564 0.119233 0.0975683  0.783198
5090 0.480499 0.0140068  0.505494
3580 0.162812 0.392634  0.444553
1511 0.292694 0.277845  0.429461
1610 0.396974 0.379202  0.223824
136 0.337452 0.312277  0.350271
978 0.330918 0.392493  0.276589
1511 0.274668 0.345505  0.379827
4647 0.264749 0.632334  0.102917
1688 0.387554 0.263785  0.348661
5086 0.18921 0.208881  0.60191
981 0.46368 0.130852  0.405468
1610 0.375378 0.444829  0.179794
698 0.654234 0.260084  0.0856821
896 0.392782 0.0813448  0.525873
1633 0.226177 0.401101  0.372721
3557 0.481129 0.0596592  0.459212
250 0.453098 0.276867  0.270034
414 0.149887 0.455157  0.394956
465 0.641653 0.0451989  0.313148
1030 0.170132 0.247498  0.582369
1624 0.408697 0.183788  0.407516
1511 0.155734 0.509238  0.335028
73 0.417426 0.243184  0.339389
1511 0.146228 0.141692  0.71208
1511 0.330437 0.211713  0.45785
102 0.59928 0.0707767  0.329944
659 0.317984 0.377257  0.304759
1553 0.462521 0.231751  0.305728
984 0.338475 0.515647  0.145877
705 0.451204 0.428505  0.120291
1602 0.235932 0.0937936  0.670274
3207 0.408664 0.142589  0.448747
1643 0.472774 0.0630324  0.464194
130 0.643655 0.127112  0.229234
1511 0.33993 0.120364  0.539706
4571 0.411727 0.509334  0.0789381
5080 0.65635 0.282901  0.060749
984 0.176414 0.422433  0.401153
4811 0.373935 0.27702  0.349045
1639 0.286281 0.544802  0.168916
4607 0.0401111 0.437163  0.522726
1309 0.647911 0.229992  0.122097
1511 0.27805 0.278137  0.443813
1596 0.314841 0.418517  0.266641
2699 0.125009 0.376531  0.49846
57 0.566192 0.229717  0.204091
3813 0.308768 0.423413  0.267819
4620 0.0354012 0.653583  0.311016
2886 0.62828 0.0174973  0.354222
1528 0.409792 0.218343  0.371865
992 0.709246 0.132125  0.158629
4563 0.418011 0.456819  0.12517
1610 0.337284 0.274032  0.388683
2156 0.0293305 0.848838  0.121831
301 0.43307 0.166267  0.400662
1601 0.407825 0.185123  0.407052
1511 0.661737 0.270205  0.0680585
1875 0.561008 0.331731  0.107261
1610 0.212285 0.466772  0.320943
3648 0.327382 0.432642  0.239977
964 0.202579 0.39888  0.398541
3699 0.353088 0.308011  0.3389
3852 0.128031 0.3892  0.482769
5242 0.299959 0.421948  0.278093
4184 0.114766 0.523469  0.361765
960 0.187287 0.2417  0.571013
4947 0.498927 0.219899  0.281174
3863 0.324189 0.334292  0.341519
4052 0.679944 0.304176  0.0158806
823 0.340834 0.426073  0.233093
3829 0.192023 0.365261  0.442716
1585 0.397914 0.146291  0.455796
1610 0.349898 0.350032  0.30007
1610 0.405338 0.581393  0.0132696
4531 0.0227622 0.631935  0.345303
3561 0.266892 0.333241  0.399867
1228 0.027768 0.128094  0.844138
1610 0.829758 0.154405  0.0158363
1587 0.135901 0.661826  0.202272
1578 0.917576 0.0169306  0.0654938
468 0.542958 0.373718  0.0833238
1116 0.435308 0.410012  0.15468
2312 0.357492 0.339522  0.302987
1605 0.615045 0.0398704  0.345084
4146 0.267748 0.407485  0.324767
967 0.168929 0.604452  0.226619
2811 0.424741 0.111622  0.463636
459 0.39178 0.467705  0.140515
983 0.528022 0.210286  0.261692
964 0.430075 0.117469  0.452457
1459 0.352774 0.320892  0.326334
4582 0.222172 0.331373  0.446455
906 0.478373 0.210557  0.31107
1603 0.521908 0.324795  0.153298
2114 0.270933 0.40803  0.321037
1610 0.141699 0.484263  0.374038
5455 0.214189 0.275204  0.510607
5034 0.63178 0.0529926  0.315227
965 0.31118 0.397416  0.291404
4017 0.195652 0.531193  0.273154
2132 0.42408 0.102911  0.473009
2231 0.215972 0.369842  0.414186
1610 0.781013 0.14003  0.0789569
1574 0.567906 0.384757  0.0473372
1964 0.272407 0.317494  0.410099
1151 0.192866 0.299241  0.507893
3761 0.415352 0.0335684  0.55108
960 0.505865 0.389666  0.104469
3725 0.310901 0.308957  0.380141
1590 0.38551 0.409085  0.205405
980 0.284485 0.33678  0.378735
2017 0.178109 0.389975  0.431916
1462 0.258875 0.35832  0.382805
4248 0.095938 0.603003  0.301059
5083 0.453043 0.460771  0.0861858
1867 0.275619 0.554698  0.169683
1680 0.324942 0.329455  0.345604
922 0.203893 0.0821643  0.713943
937 0.300541 0.607623  0.0918358
1511 0.448905 0.297541  0.253553
983 0.238795 0.125219  0.635986
4417 0.337046 0.030291  0.632663
2818 0.318658 0.454135  0.227207
400 0.420739 0.347904  0.231357
1041 0.144938 0.238025  0.617037
519 0.393342 0.391016  0.215643
1511 0.07872 0.743058  0.178222
2913 0.450378 0.331916  0.217705
2126 0.260775 0.259587  0.479639
1610 0.673439 0.205248  0.121312
1518 0.382389 0.340204  0.277408
1572 0.481472 0.0730798  0.445448
5083 0.212818 0.570689  0.216493
1511 0.23779 0.236624  0.525586
1610 0.323003 0.337892  0.339105
919 0.212284 0.479108  0.308608
2541 0.512176 0.472785  0.0150391
3820 0.556652 0.39271  0.0506382
1523 0.328927 0.382517  0.288556
4647 0.299224 0.276686  0.42409
1511 0.502161 0.336924  0.160915
2722 0.163108 0.619887  0.217004
1049 0.277293 0.0633372  0.659369
986 0.327219 0.25003  0.422751
1964 0.237514 0.0327034  0.729782
945 0.233158 0.582545  0.184297
1218 0.212462 0.460952  0.326586
5053 0.184272 0.474788  0.34094
3221 0.128062 0.277956  0.593982
928 0.133504 0.256564  0.609932
960 0.247314 0.211106  0.54158
1511 0.0877909 0.466321  0.445888
1058 0.117259 0.19325  0.689491
1771 0.471678 0.197913  0.330409
2468 0.0212414 0.513914  0.464845
1596 0.350968 0.511678  0.137353
5449 0.502759 0.0356902  0.461551
1327 0.227902 0.472726  0.299373
4375 0.255153 0.359749  0.385098
2220 0.479655 0.401643  0.118702
2034 0.080194 0.603326  0.31648
3596 0.768904 0.179038  0.0520585
3050 0.572511 0.171831  0.255658
5293 0.399395 0.326733  0.273871
1050 0.406736 0.167323  0.425941
1726 0.0992921 0.509424  0.391284
953 0.331111 0.657987  0.0109023
241 0.281786 0.461838  0.256377
1205 0.49106 0.0282201  0.48072
1887 0.533149 0.0918349  0.375016
1511 0.365874 0.411487  0.222638
4521 0.0370039 0.930319  0.032677
1596 0.300236 0.458713  0.241051
1878 0.0826478 0.422509  0.494843
878 0.539115 0.296037  0.164847
1511 0.0368765 0.34967  0.613453
4491 0.635435 0.235602  0.128963
2458 0.142271 0.056038  0.801691
3817 0.128397 0.576612  0.294992
1610 0.458554 0.319508  0.221937
1616 0.0271017 0.69194  0.280958
1511 0.751531 0.0870236  0.161445
1511 0.302576 0.377304  0.320121
1008 0.329713 0.582281  0.0880056
2769 0.568948 0.175323  0.25573
1796 0.0513687 0.32084  0.627792
1015 0.252538 0.388409  0.359054
2752 0.0864303 0.669232  0.244338
953 0.39357 0.326889  0.279542
3528 0.45497 0.0991018  0.445928
982 0.689147 0.134886  0.175967
3825 0.264124 0.45311  0.282766
252 0.136643 0.522967  0.340389
1609 0.045961 0.482139  0.4719
1511 0.242287 0.297834  0.45988
1610 0.184539 0.224611  0.59085
4958 0.390033 0.576027  0.0339401
1440 0.421708 0.316151  0.262141
925 0.137207 0.666728  0.196065
963 0.437644 0.500411  0.061945
2586 0.111127 0.701051  0.187822
1298 0.220436 0.175196  0.604368
2264 0.492869 0.231807  0.275323
921 0.604509 0.306709  0.0887823
1610 0.103137 0.309079  0.587784
5259 0.0562209 0.507333  0.436446
937 0.697384 0.184094  0.118523
1502 0.415623 0.125788  0.458589
1682 0.235417 0.154933  0.60965
1538 0.31931 0.638048  0.0426424
921 0.144868 0.325962  0.52917
2718 0.537841 0.416724  0.0454347
2926 0.74469 0.0967239  0.158586
952 0.40866 0.0251747  0.566165
2532 0.0103514 0.708029  0.28162
1691 0.487127 0.145931  0.366942
940 0.453848 0.244404  0.301747
1109 0.191075 0.654461  0.154464
1553 0.378567 0.44066  0.180773
5134 0.327548 0.290183  0.382269
421 0.190937 0.44192  0.367143
1609 0.314902 0.403271  0.281827
4917 0.107855 0.473875  0.41827
4878 0.289774 0.0787327  0.631493
3923 0.222887 0.4681  0.309013
5219 0.13834 0.138504  0.723156
1511 0.333679 0.269562  0.39676
1610 0.377133 0.0472478  0.575619
4471 0.418612 0.183023  0.398365
3592 0.0658333 0.771105  0.163061
1705 0.201108 0.138317  0.660576
3245 0.324992 0.485665  0.189343
3873 0.396609 0.4889  0.114491
986 0.415801 0.174794  0.409405
4619 0.321033 0.256656  0.422311
1511 0.538993 0.149826  0.31118
235 0.143998 0.801645  0.054357
2725 0.309002 0.631574  0.059424
1596 0.0791156 0.346044  0.57484
988 0.319439 0.158692  0.52187
1298 0.338825 0.438762  0.222413
2082 0.230018 0.2769  0.493082
1511 0.675791 0.308567  0.0156416
2659 0.328478 0.45823  0.213292
2189 0.492696 0.414905  0.0923988
2711 0.233665 0.400896  0.365439
1516 0.441013 0.0244689  0.534519
3449 0.282543 0.386964  0.330493
4465 0.492605 0.445521  0.0618744
988 0.193795 0.407501  0.398704
1016 0.41068 0.0780273  0.511293
1511 0.240262 0.408346  0.351392
768 0.377052 0.113645  0.509304
4090 0.303184 0.43557  0.261245
3348 0.409712 0.58032  0.00996719
4632 0.513219 0.209838  0.276942
2233 0.615863 0.229533  0.154604
3857 0.0607306 0.374084  0.565185
1681 0.332259 0.310979  0.356762
1610 0.530166 0.275561  0.194273
2036 0.140054 0.193474  0.666472
1511 0.259394 0.212587  0.528018
3242 0.378422 0.445322  0.176256
1035 0.408211 0.318859  0.27293
5133 0.0842133 0.590669  0.325118
1610 0.377145 0.438582  0.184273
3224 0.245169 0.380673  0.374158
1511 0.405101 0.238684  0.356215
2288 0.193215 0.389911  0.416874
2391 0.443172 0.413358  0.14347
3667 0.491167 0.106523  0.40231
2533 0.0534974 0.0669267  0.879576
3195 0.319188 0.248054  0.432758
1511 0.361703 0.513058  0.125239
1610 0.485362 0.309611  0.205028
3735 0.10998 0.445826  0.444194
3718 0.235632 0.216508  0.54786
40 0.737965 0.197795  0.0642397
2165 0.273143 0.343168  0.383689
883 0.665848 0.298723  0.0354291
1511 0.566162 0.122336  0.311501
1610 0.427741 0.278697  0.293562
463 0.339224 0.394574  0.266202
4256 0.388002 0.119407  0.492591
4508 0.376525 0.223573  0.399902
1015 0.525646 0.392648  0.0817064
1595 0.25289 0.440593  0.306516
1045 0.442077 0.263129  0.294794
1595 0.236185 0.116106  0.647709
3882 0.175372 0.0700236  0.754604
1601 0.308683 0.276104  0.415214
921 0.466375 0.159736  0.37389
1511 0.494868 0.413716  0.0914159
1058 0.330281 0.366748  0.302971
2774 0.275983 0.499875  0.224142
4500 0.60295 0.368664  0.0283858
1666 0.496797 0.140947  0.362256
2667 0.318232 0.269303  0.412465
55 0.0118957 0.377484  0.610621
1574 0.305453 0.31224  0.382308
3813 0.20696 0.0465847  0.746455
1396 0.279125 0.168301  0.552573
992 0.407182 0.361259  0.231559
973 0.361156 0.36184  0.277005
1682 0.117549 0.340101  0.54235
1610 0.277572 0.644798  0.0776293
4603 0.464542 0.407661  0.127797
2777 0.0351661 0.466357  0.498477
4592 0.666462 0.159153  0.174385
3435 0.644233 0.091521  0.264246
1511 0.237186 0.478951  0.283864
873 0.479914 0.0766244  0.443462
981 0.55337 0.0248521  0.421777
1029 0.449397 0.128363  0.42224
3813 0.406158 0.45745  0.136392
1209 0.670926 0.0837737  0.2453
1610 0.406989 0.0674712  0.52554
4106 0.0214 0.486624  0.491976
561 0.048136 0.734975  0.216889
964 0.615344 0.308365  0.0762909
1610 0.260504 0.352124  0.387372
1610 0.766685 0.0237704  0.209545
3061 0.441812 0.266898  0.29129
1610 0.191802 0.342739  0.465458
4607 0.488496 0.463774  0.0477304
1511 0.592555 0.271638  0.135807
1016 0.263255 0.122685  0.614059
2087 0.186454 0.704528  0.109018
4074 0.32634 0.340547  0.333113
1610 0.0409462 0.488618  0.470436
4644 0.446698 0.201774  0.351528
663 0.389016 0.340996  0.269989
2927 0.373657 0.373854  0.252489
3273 0.399651 0.043743  0.556606
2767 0.174959 0.472596  0.352444
4303 0.360002 0.497656  0.142342
4491 0.0913881 0.414901  0.493711
1610 0.336135 0.238288  0.425577
966 0.581486 0.274506  0.144008
2743 0.360752 0.1745  0.464748
1607 0.536497 0.430401  0.0331019
2530 0.143926 0.346758  0.509316
4670 0.161004 0.462556  0.37644
4315 0.340848 0.421483  0.237668
1609 0.40773 0.527906  0.0643642
1511 0.62083 0.184431  0.194739
1609 0.334122 0.443036  0.222842
3633 0.271893 0.576125  0.151982
4247 0.330028 0.308433  0.36154
2275 0.333366 0.436173  0.230461
3233 0.467353 0.302442  0.230205
379 0.154776 0.472576  0.372648
1049 0.244948 0.522535  0.232518
1041 0.694549 0.154095  0.151356
1021 0.168 0.276066  0.555935
3608 0.491482 0.121627  0.386891
1039 0.388613 0.42498  0.186407
1029 0.0289769 0.523675  0.447348
1511 0.413053 0.154177  0.43277
3947 0.741942 0.217946  0.0401111
4662 0.611249 0.0233802  0.365371
2298 0.441525 0.080377  0.478098
3128 0.154844 0.613352  0.231804
4368 0.415844 0.391548  0.192607
4603 0.118433 0.26667  0.614897
1229 0.41679 0.15908  0.42413
1551 0.240676 0.160085  0.599239
1610 0.24177 0.550501  0.207729
1511 0.166867 0.268765  0.564368
984 0.225859 0.697221  0.0769197
2217 0.242025 0.289072  0.468903
5339 0.27137 0.50767  0.22096
1703 0.321077 0.321512  0.357412
3803 0.623679 0.0204247  0.355897
1511 0.53741 0.141225  0.321365
1587 0.0918591 0.792118  0.116023
1610 0.343162 0.315193  0.341645
1511 0.219683 0.279486  0.50083
5019 0.344074 0.588516  0.0674099
3443 0.0561425 0.415338  0.528519
4137 0.312158 0.296836  0.391006
4722 0.212677 0.204467  0.582856
1511 0.0631229 0.461757  0.47512
3852 0.837882 0.0470039  0.115114
1961 0.814808 0.124366  0.0608268
1995 0.341767 0.351907  0.306327
1610 0.656775 0.172044  0.17118
4351 0.170833 0.412368  0.416799
1029 0.316104 0.549584  0.134313
1049 0.201179 0.540451  0.258371
2418 0.190638 0.146987  0.662376
787 0.396166 0.16544  0.438394
1511 0.423972 0.306598  0.269431
2108 0.480855 0.0236805  0.495464
1607 0.215007 0.346185  0.438808
1610 0.429007 0.321971  0.249023
1031 0.342321 0.221555  0.436124
1511 0.138896 0.165628  0.695475
4528 0.0930628 0.390722  0.516216
967 0.407493 0.567084  0.0254222
2459 0.419097 0.121293  0.45961
964 0.568155 0.201692  0.230154
2735 0.187538 0.43086  0.381601
71 0.149802 0.802332  0.0478653
2968 0.601361 0.16448  0.234159
4562 0.261215 0.308974  0.429811
1574 0.419334 0.192292  0.388374
3367 0.38287 0.137363  0.479767
1253 0.187829 0.095973  0.716198
1049 0.628787 0.26696  0.104253
4508 0.322072 0.310792  0.367136
3443 0.500077 0.223727  0.276196
4503 0.136236 0.404639  0.459125
986 0.131011 0.75998  0.109009
1511 0.307595 0.0606227  0.631783
4995 0.294307 0.634648  0.0710459
1511 0.48503 0.431059  0.0839109
3094 0.572015 0.163541  0.264444
322 0.325084 0.307898  0.367019
1016 0.104829 0.514206  0.380965
2494 0.185362 0.0250301  0.789608
1015 0.399253 0.270067  0.33068
1585 0.405583 0.229866  0.364552
5442 0.0601715 0.618574  0.321255
3821 0.250706 0.514353  0.234941
1511 0.211977 0.470647  0.317375
3621 0.27498 0.328781  0.396239
5332 0.388202 0.505845  0.105953
1511 0.487202 0.130173  0.382624
4628 0.365991 0.337539  0.29647
1511 0.614964 0.212359  0.172677
2730 0.401427 0.493027  0.105546
1868 0.440932 0.315082  0.243986
1015 0.257962 0.261937  0.480102
1020 0.631851 0.350401  0.0177476
2478 0.220903 0.409399  0.369697
2452 0.512348 0.0687211  0.41893
1708 0.29097 0.495215  0.213815
5069 0.417245 0.052616  0.530139
1511 0.220257 0.52719  0.252553
1610 0.199941 0.36745  0.432609
977 0.0406104 0.573576  0.385813
1520 0.59566 0.0428066  0.361533
4565 0.474303 0.243623  0.282074
3621 0.167177 0.746201  0.0866229
4558 0.316007 0.401247  0.282745
1511 0.365937 0.527774  0.106289
4618 0.445248 0.0783378  0.476414
1511 0.329897 0.18596  0.484144
1607 0.131465 0.242811  0.625723
1610 0.302981 0.409986  0.287033
2955 0.0812577 0.352835  0.565907
4622 0.332647 0.205888  0.461465
1525 0.399644 0.0196592  0.580697
4056 0.25483 0.325533  0.419637
4551 0.39977 0.152696  0.447534
1203 0.271295 0.280926  0.447779
1511 0.0358168 0.0854072  0.878776
2742 0.358686 0.473203  0.168111
976 0.0761646 0.285764  0.638071
4294 0.369829 0.279887  0.350284
973 0.372451 0.403589  0.223961
499 0.415203 0.268807  0.31599
1488 0.391841 0.357371  0.250788
2150 0.333122 0.256682  0.410195
2006 0.181039 0.100075  0.718886
1156 0.308146 0.270987  0.420868
1818 0.397728 0.425629  0.176643
129 0.310514 0.292577  0.396909
1987 0.565301 0.394281  0.040418
1610 0.357725 0.385571  0.256705
1511 0.314748 0.288036  0.397216
1511 0.580162 0.308248  0.11159
1511 0.131601 0.438893  0.429505
3813 0.503803 0.0856924  0.410505
993 0.111127 0.471616  0.417257
1610 0.13139 0.258792  0.609819
1452 0.260904 0.280112  0.458984
1511 0.333657 0.247939  0.418404
1596 0.480152 0.103273  0.416575
3871 0.618897 0.33153  0.049573
2724 0.501883 0.0510591  0.447058
4646 0.387877 0.354078  0.258045
1511 0.478708 0.366376  0.154917
2842 0.194904 0.218586  0.58651
4729 0.155992 0.447052  0.396956
2752 0.389357 0.0798092  0.530833
3886 0.322828 0.438194  0.238979
1511 0.270469 0.25338  0.476151
4939 0.326749 0.373898  0.299354
1590 0.428988 0.0702783  0.500734
2294 0.399598 0.437948  0.162455
4545 0.192647 0.368204  0.439149
5058 0.343835 0.539139  0.117027
1545 0.368148 0.384204  0.247648
1511 0.265742 0.573295  0.160962
3079 0.310264 0.301941  0.387795
1051 0.575356 0.391596  0.0330481
973 0.449239 0.107815  0.442946
1610 0.594372 0.241721  0.163908
1261 0.124104 0.430115  0.445781
1254 0.0723719 0.454812  0.472816
105 0.404717 0.209897  0.385386
3083 0.649212 0.287626  0.0631616
1049 0.150287 0.183653  0.666059
1603 0.34283 0.371479  0.28569
2277 0.283337 0.257029  0.459634
2268 0.347505 0.318987  0.333508
5080 0.179197 0.574781  0.246021
1009 0.333162 0.117102  0.549736
249 0.776324 0.0959182  0.127758
2731 0.810449 0.141181  0.04837
4385 0.453949 0.475319  0.0707313
2188 0.240165 0.394737  0.365098
1404 0.197722 0.360378  0.441899
1049 0.143163 0.439308  0.417529
4050 0.103486 0.318027  0.578488
941 0.611194 0.250737  0.138069
686 0.0728301 0.551111  0.376059
4755 0.431702 0.346656  0.221642
1415 0.128402 0.254726  0.616872
2588 0.267801 0.0665681  0.66563
639 0.0196689 0.763733  0.216598
1610 0.185054 0.494164  0.320782
4312 0.456056 0.40841  0.135534
5222 0.0303868 0.151122  0.818491
1610 0.423273 0.356457  0.22027
4512 0.319655 0.418176  0.262169
1310 0.0963097 0.892231  0.0114592
4721 0.285245 0.588258  0.126497
4987 0.415159 0.0301117  0.554729
1602 0.116407 0.422424  0.461169
1511 0.11853 0.463143  0.418327
1783 0.531577 0.29308  0.175343
2220 0.116021 0.456108  0.427871
4595 0.743841 0.111029  0.14513
1610 0.290352 0.589416  0.120232
1010 0.248546 0.581732  0.169722
945 0.524247 0.361285  0.114468
3214 0.310034 0.316787  0.373178
4001 0.0515959 0.462178  0.486226
1766 0.51963 0.136038  0.344331
4774 0.334986 0.109028  0.555986
3639 0.420045 0.262435  0.31752
1058 0.436316 0.263945  0.299739
575 0.215496 0.730878  0.0536264
1511 0.331213 0.218207  0.450581
3934 0.391349 0.563132  0.0455193
946 0.164713 0.357544  0.477742
1609 0.302049 0.319603  0.378347
979 0.560771 0.24833  0.190899
3636 0.238033 0.374368  0.3876
3894 0.373097 0.59343  0.0334733
1585 0.64824 0.303234  0.0485266
1610 0.468196 0.136126  0.395677
1131 0.318231 0.344827  0.336942
1511 0.17523 0.805541  0.0192286
1593 0.305729 0.478488  0.215783
846 0.1217 0.757932  0.120368
881 0.0702254 0.518947  0.410828
2175 0.510103 0.47359  0.016307
3919 0.048524 0.632855  0.318621
1860 0.192422 0.4054  0.402178
921 0.339147 0.190677  0.470176
1606 0.462663 0.498015  0.0393212
2107 0.129872 0.0517556  0.818372
1610 0.36306 0.398738  0.238201
2769 0.524566 0.210455  0.26498
1511 0.49221 0.229939  0.277851
836 0.100021 0.202648  0.69733
963 0.291067 0.288066  0.420867
2621 0.569566 0.291369  0.139064
1317 0.177075 0.0360657  0.78686
3720 0.244733 0.506923  0.248344
4969 0.216825 0.469142  0.314033
3821 0.24346 0.282553  0.473987
975 0.269721 0.331103  0.399176
3047 0.279742 0.419486  0.300772
1511 0.303923 0.0140192  0.682058
1610 0.572964 0.0499312  0.377105
4644 0.122134 0.525972  0.351894
1522 0.157456 0.715425  0.127119
558 0.400833 0.161969  0.437198
1666 0.191277 0.406029  0.402694
3923 0.31156 0.329425  0.359014
3769 0.499936 0.138079  0.361985
630 0.15335 0.333297  0.513352
1049 0.213597 0.502385  0.284018
2902 0.461859 0.108074  0.430067
1610 0.233686 0.353498  0.412816
1021 0.718812 0.100141  0.181047
980 0.185521 0.339978  0.474501
395 0.122823 0.579752  0.297426
1661 0.30463 0.567426  0.127944
1187 0.306994 0.319155  0.373851
4592 0.388014 0.311555  0.300431
480 0.477096 0.450748  0.0721561
2756 0.419422 0.122295  0.458282
2906 0.148415 0.613639  0.237946
3021 0.403846 0.368084  0.22807
1610 0.280884 0.353891  0.365225
945 0.444616 0.238573  0.316811
4713 0.183181 0.262045  0.554774
1617 0.400191 0.197552  0.402257
2654 0.431489 0.235079  0.333432
3709 0.120499 0.112261  0.76724
1109 0.564086 0.281849  0.154065
1511 0.172455 0.407508  0.420037
697 0.124076 0.47345  0.402474
1610 0.371231 0.193461  0.435308
5062 0.118398 0.531682  0.34992
1900 0.452158 0.493889  0.0539533
1511 0.208531 0.426896  0.364573
573 0.380455 0.217313  0.402231
2251 0.435545 0.388259  0.176196
1511 0.545978 0.293604  0.160418
947 0.510456 0.400044  0.0895004
1607 0.0830262 0.830993  0.0859812
1595 0.350518 0.317054  0.332428
4478 0.37092 0.31444  0.314639
991 0.516302 0.435457  0.0482409
2781 0.026926 0.570523  0.402551
568 0.625134 0.0371687  0.337697
4401 0.491654 0.141953  0.366392
1610 0.315365 0.283656  0.400979
1610 0.167327 0.123064  0.70961
1603 0.488098 0.257658  0.254243
2514 0.198165 0.367799  0.434035
1511 0.23537 0.288423  0.476207
3928 0.131295 0.423  0.445705
3667 0.364943 0.276794  0.358263
2725 0.240322 0.258641  0.501036
832 0.259364 0.4368  0.303837
4091 0.0818271 0.618071  0.300102
461 0.367244 0.433999  0.198756
2548 0.296956 0.310727  0.392317
1922 0.550618 0.225292  0.224091
1596 0.432329 0.219949  0.347722
5026 0.719286 0.198598  0.0821162
1511 0.379041 0.190314  0.430645
1884 0.579618 0.333823  0.0865593
2744 0.0618861 0.298132  0.639982
784 0.194185 0.375106  0.430709
2730 0.559173 0.310661  0.130166
1546 0.19673 0.39691  0.40636
5241 0.312739 0.399701  0.28756
967 0.154404 0.42414  0.421456
2212 0.217377 0.375935  0.406688
1010 0.197417 0.465174  0.337408
1511 0.155678 0.426702  0.41762
1511 0.324322 0.43974  0.235938
509 0.323176 0.341464  0.33536
1439 0.231508 0.242928  0.525564
973 0.112546 0.377038  0.510416
3562 0.417666 0.473967  0.108367
4315 0.423698 0.531192  0.0451101
1511 0.112828 0.277782  0.60939
1209 0.665946 0.26861  0.0654438
2884 0.00917155 0.754465  0.236363
1607 0.200862 0.487206  0.311933
980 0.338761 0.370163  0.291076
3914 0.0701591 0.535147  0.394694
2503 0.55689 0.233372  0.209738
2590 0.164759 0.551187  0.284054
1079 0.729695 0.138283  0.132022
3892 0.15628 0.396423  0.447297
4039 0.161011 0.106704  0.732285
4862 0.282415 0.427015  0.290569
1511 0.471823 0.0762753  0.451902
3713 0.0530298 0.15356  0.79341
973 0.212695 0.360003  0.427302
974 0.535155 0.151834  0.313012
613 0.287125 0.602499  0.110375
1527 0.13593 0.747851  0.116219
1511 0.562809 0.325521  0.11167
844 0.263149 0.369832  0.367019
1610 0.424609 0.106547  0.468844
1015 0.455815 0.165468  0.378717
896 0.45671 0.507269  0.036021
977 0.265684 0.484132  0.250184
978 0.443676 0.231919  0.324405
2752 0.424599 0.392179  0.183221
1049 0.31981 0.355762  0.324428
1041 0.320073 0.363489  0.316439
4200 0.652124 0.0323106  0.315565
2276 0.239382 0.652007  0.108611
981 0.345801 0.31065  0.343549
3581 0.536775 0.346863  0.116362
291 0.021887 0.760452  0.217661
2662 0.202688 0.546297  0.251016
1511 0.296654 0.14957  0.553776
1049 0.236079 0.366398  0.397523
4121 0.348719 0.0460061  0.605275
2718 0.438772 0.106541  0.454687
1578 0.424152 0.152951  0.422898
1540 0.0623162 0.561893  0.375791
975 0.304764 0.325674  0.369562
3067 0.335216 0.14043  0.524354
1610 0.215136 0.228815  0.556049
635 0.489067 0.0177319  0.493201
5284 0.458024 0.19505  0.346926
1575 0.269594 0.385079  0.345327
1511 0.465034 0.237605  0.297361
4142 0.458664 0.441868  0.0994676
1601 0.396384 0.12402  0.479596
2169 0.174074 0.632475  0.193451
5161 0.392722 0.202469  0.404809
3887 0.248802 0.376756  0.374442
2509 0.318424 0.341947  0.339629
1596 0.0756732 0.285823  0.638504
641 0.550289 0.295614  0.154097
1736 0.0612086 0.0391822  0.899609
1511 0.261409 0.411555  0.327036
5143 0.42487 0.337142  0.237988
1590 0.13886 0.478446  0.382693
3733 0.0272263 0.298167  0.674607
3621 0.251366 0.370274  0.37836
1101 0.241494 0.302869  0.455637
1609 0.603606 0.0693177  0.327077
1918 0.400532 0.269167  0.330301
1463 0.308794 0.330464  0.360743
1511 0.435183 0.447359  0.117458
992 0.267078 0.390796  0.342126
3860 0.257186 0.459586  0.283228
5350 0.0704669 0.464105  0.465429
3841 0.404074 0.189905  0.406021
301 0.329803 0.142451  0.527746
1609 0.426239 0.189042  0.384719
1685 0.500528 0.176551  0.322921
2872 0.336395 0.193854  0.469751
2576 0.250434 0.356672  0.392894
3339 0.337684 0.409529  0.252787
4448 0.0960419 0.256575  0.647383
1706 0.324238 0.456705  0.219057
1588 0.302486 0.133359  0.564154
1511 0.705626 0.140627  0.153747
973 0.0664069 0.360326  0.573267
3219 0.134441 0.410474  0.455085
5416 0.31082 0.321793  0.367387
1051 0.477818 0.397341  0.12484
2211 0.162326 0.58712  0.250554
2260 0.0878066 0.883411  0.0287821
1596 0.138103 0.322087  0.53981
2366 0.445212 0.371131  0.183658
1112 0.299906 0.38873  0.311364
1610 0.470094 0.187501  0.342404
1609 0.166746 0.0498514  0.783402
1607 0.311605 0.0855758  0.602819
2710 0.209236 0.136336  0.654428
1511 0.300318 0.347649  0.352034
1511 0.613419 0.217074  0.169506
5002 0.692838 0.166723  0.140439
1511 0.0905553 0.0173169  0.892128
2927 0.416226 0.219002  0.364772
1610 0.198731 0.208371  0.592898
1607 0.71692 0.105978  0.177102
964 0.11611 0.434125  0.449765
1525 0.299207 0.102624  0.598169
1087 0.159899 0.35673  0.483371
3612 0.290658 0.216836  0.492506
3787 0.412823 0.361949  0.225228
2749 0.352169 0.10106  0.54677
1511 0.356341 0.295183  0.348476
983 0.10793 0.367333  0.524738
2307 0.0631393 0.409833  0.527028
2234 0.446142 0.157371  0.396487
1863 0.450607 0.397488  0.151905
1009 0.220603 0.490978  0.288418
1975 0.394009 0.195823  0.410168
2880 0.458437 0.34161  0.199952
1595 0.0610212 0.101526  0.837452
4984 0.16617 0.500328  0.333503
1596 0.374942 0.374943  0.250115
5110 0.0552883 0.175988  0.768724
1030 0.273315 0.0332108  0.693474
1539 0.0578446 0.431378  0.510778
982 0.119374 0.459556  0.421069
571 0.346153 0.434058  0.219789
1015 0.0851612 0.465307  0.449532
1526 0.0845178 0.677496  0.237987
3838 0.435765 0.455757  0.108478
921 0.172159 0.462989  0.364852
1021 0.280593 0.243262  0.476145
1602 0.152699 0.603478  0.243823
1032 0.227233 0.23567  0.537097
1610 0.575668 0.344265  0.0800671
2313 0.469143 0.500924  0.0299326
4611 0.441508 0.0631874  0.495305
1610 0.166379 0.630874  0.202747
1610 0.335612 0.266863  0.397524
1031 0.897602 0.0359682  0.0664302
2293 0.229449 0.301379  0.469172
1593 0.40444 0.287405  0.308154
2470 0.686672 0.30163  0.0116979
1823 0.569189 0.198895  0.231916
288 0.359648 0.307621  0.332731
3842 0.105908 0.446855  0.447237
1049 0.116907 0.441663  0.44143
3860 0.0943768 0.300599  0.605024
4905 0.46553 0.481704  0.0527658
1511 0.55267 0.350901  0.0964291
1511 0.12393 0.422353  0.453717
1511 0.123544 0.504827  0.371629
1597 0.401504 0.169997  0.428499
1511 0.172026 0.301869  0.526105
1540 0.409129 0.0899408  0.50093
2667 0.192976 0.636932  0.170092
1610 0.151395 0.310526  0.538079
238 0.326133 0.286862  0.387005
919 0.0794759 0.225788  0.694736
1511 0.152834 0.407674  0.439492
1610 0.319144 0.640825  0.0400306
3674 0.597655 0.269976  0.132369
1602 0.568735 0.135078  0.296187
1894 0.542232 0.185078  0.27269
3819 0.0560653 0.152028  0.791907
117 0.684945 0.0592604  0.255795
4749 0.459348 0.172997  0.367654
4588 0.259955 0.346194  0.39385
3843 0.0282928 0.478173  0.493534
941 0.266828 0.359367  0.373805
2468 0.861816 0.015715  0.122469
1531 0.40854 0.365005  0.226455
977 0.535202 0.321702  0.143097
4942 0.253346 0.438006  0.308648
3905 0.150111 0.539779  0.31011
1511 0.409044 0.215575  0.375381
935 0.234205 0.255104  0.510691
3609 0.411396 0.551879  0.0367243
2291 0.0707351 0.124696  0.804569
4332 0.433671 0.195864  0.370465
2392 0.37903 0.289019  0.331951
1682 0.275923 0.255481  0.468597
1607 0.476664 0.388015  0.135322
2791 0.0855228 0.491676  0.422802
945 0.697411 0.0647656  0.237824
2029 0.372013 0.261699  0.366287
2352 0.523053 0.416718  0.0602294
1526 0.115975 0.41334  0.470685
1665 0.300356 0.411094  0.28855
1215 0.499829 0.416685  0.0834862
5241 0.347163 0.471486  0.181351
1596 0.364947 0.320176  0.314877
3829 0.590879 0.320053  0.089068
1511 0.401443 0.358091  0.240466
3520 0.219893 0.231531  0.548576
1609 0.476044 0.335645  0.188311
1489 0.514201 0.345537  0.140262
1009 0.152063 0.39591  0.452027
4923 0.0988284 0.507649  0.393523
1511 0.61198 0.303092  0.0849278
4614 0.366002 0.0282001  0.605798
900 0.636618 0.33725  0.0261318
3620 0.253195 0.601835  0.14497
1511 0.181636 0.323771  0.494593
1596 0.642118 0.21949  0.138392
3809 0.0870382 0.849433  0.063529
965 0.166885 0.342436  0.490679
921 0.0715284 0.876325  0.0521461
1107 0.0954323 0.484082  0.420486
1514 0.696124 0.127581  0.176294
5333 0.321746 0.308859  0.369395
4949 0.463028 0.0703798  0.466593
3842 0.562166 0.266988  0.170846
4914 0.441608 0.48874  0.0696523
1610 0.34242 0.335977  0.321603
5414 0.2153 0.41903  0.36567
2114 0.261436 0.536449  0.202115
955 0.379647 0.0982706  0.522083
3140 0.0102505 0.0738672  0.915882
3381 0.102039 0.0554823  0.842479
1511 0.268645 0.613265  0.118089
1578 0.614725 0.112955  0.27232
1596 0.317424 0.344642  0.337933
1681 0.596093 0.341333  0.0625745
2991 0.561648 0.141746  0.296606
994 0.352857 0.337742  0.309402
3906 0.423742 0.0774656  0.498792
1290 0.187674 0.424518  0.387808
4049 0.334259 0.141697  0.524044
4675 0.337653 0.322748  0.339598
2008 0.354302 0.458112  0.187585
1511 0.494201 0.481307  0.0244916
1596 0.483018 0.321367  0.195615
3780 0.251574 0.591103  0.157323
3090 0.4746 0.0504437  0.474957
1088 0.346921 0.257991  0.395088
5374 0.234073 0.424025  0.341902
5025 0.400087 0.320168  0.279745
1156 0.442812 0.279985  0.277203
4580 0.00866219 0.455761  0.535577
4304 0.505993 0.463822  0.0301849
3769 0.0691871 0.287628  0.643185
