2498 0.714117 0.166759  0.119124
1681 0.53751 0.298982  0.163508
3415 0.163438 0.0552554  0.781306
2539 0.454527 0.215069  0.330404
492 0.348222 0.232089  0.419689
995 0.0995462 0.18326  0.717194
3257 0.37584 0.227348  0.396811
3008 0.487073 0.243696  0.269231
2732 0.418661 0.391534  0.189805
1919 0.769548 0.13841  0.0920413
305 0.394509 0.225953  0.379539
1406 0.47069 0.328355  0.200955
3288 0.0348919 0.521474  0.443635
3302 0.214062 0.255249  0.530689
6014 0.348061 0.359147  0.292792
2840 0.402526 0.385531  0.211943
6430 0.676708 0.0808876  0.242405
5948 0.234187 0.448755  0.317058
6390 0.562306 0.0818063  0.355888
1810 0.473402 0.506119  0.0204788
5147 0.400764 0.43599  0.163246
3221 0.304323 0.388038  0.30764
6336 0.195004 0.0535925  0.751403
3348 0.460748 0.426144  0.113108
6504 0.0687477 0.470381  0.460871
1617 0.480568 0.404512  0.114921
3358 0.470144 0.518932  0.0109231
5184 0.454881 0.204459  0.340661
3288 0.348724 0.457673  0.193603
5072 0.419354 0.116495  0.464151
128 0.479278 0.214053  0.306668
4300 0.103253 0.623027  0.273721
2520 0.438123 0.462064  0.099813
6236 0.396117 0.379186  0.224696
4517 0.19171 0.4788  0.32949
4102 0.387019 0.402798  0.210183
958 0.331003 0.248743  0.420254
4522 0.121421 0.617081  0.261498
4594 0.408513 0.0780972  0.51339
2910 0.151794 0.243755  0.604451
1518 0.0584186 0.458621  0.482961
1422 0.44312 0.286759  0.270121
2787 0.502731 0.451884  0.045385
1518 0.231871 0.403901  0.364228
3691 0.207425 0.20856  0.584015
3640 0.313597 0.521854  0.164549
6639 0.185289 0.6764  0.138311
2843 0.455817 0.257871  0.286312
5155 0.313881 0.303371  0.382749
2244 0.475453 0.0156526  0.508895
5525 0.322081 0.347202  0.330717
3312 0.309913 0.336451  0.353636
4390 0.0362296 0.452335  0.511435
344 0.772215 0.199937  0.0278484
4867 0.186032 0.44924  0.364728
5558 0.643954 0.237968  0.118078
5595 0.416811 0.48534  0.0978491
1491 0.724313 0.137096  0.138591
5783 0.142401 0.243833  0.613766
2559 0.279783 0.485194  0.235024
4520 0.186811 0.131245  0.681944
2084 0.487665 0.469776  0.0425587
3981 0.307733 0.204684  0.487583
7 0.297027 0.360891  0.342083
612 0.580621 0.124606  0.294773
907 0.243978 0.486545  0.269477
361 0.581817 0.406074  0.0121087
2708 0.13217 0.37246  0.49537
3771 0.258849 0.479522  0.261629
1904 0.510625 0.134694  0.35468
4631 0.414816 0.31994  0.265244
1639 0.161133 0.417095  0.421772
4899 0.045684 0.640859  0.313457
4973 0.315956 0.150184  0.53386
4558 0.466386 0.142242  0.391371
5779 0.514283 0.0101928  0.475524
765 0.300972 0.461694  0.237334
4543 0.424194 0.35228  0.223526
3471 0.257284 0.293044  0.449672
3056 0.300511 0.430736  0.268753
360 0.316753 0.445144  0.238103
1169 0.618133 0.318988  0.0628793
534 0.430878 0.20118  0.367941
197 0.555122 0.0869629  0.357915
6546 0.526477 0.239431  0.234091
1474 0.446512 0.315633  0.237854
3347 0.559287 0.416306  0.0244074
348 0.35138 0.333358  0.315263
1966 0.459247 0.0822026  0.45855
3164 0.224187 0.125002  0.650811
1488 0.197185 0.453713  0.349102
6181 0.411542 0.301184  0.287274
4249 0.239443 0.535218  0.225339
2948 0.221498 0.385423  0.393079
719 0.310943 0.543171  0.145887
4510 0.494869 0.199709  0.305422
3338 0.377595 0.45949  0.162915
318 0.529998 0.0388658  0.431136
3723 0.192796 0.293434  0.51377
1428 0.374735 0.308222  0.317043
1448 0.294746 0.517622  0.187632
5662 0.144163 0.327485  0.528352
1538 0.0504626 0.208739  0.740799
2616 0.210976 0.282894  0.506131
4826 0.292161 0.447439  0.260399
2948 0.414175 0.295938  0.289887
1494 0.488453 0.157242  0.354304
3749 0.424633 0.436259  0.139108
435 0.25856 0.369141  0.372299
3948 0.0629681 0.549513  0.387519
2838 0.0725429 0.634056  0.293401
2966 0.18423 0.322794  0.492977
6554 0.321665 0.478143  0.200192
1761 0.22079 0.378706  0.400504
1267 0.23111 0.532509  0.23638
1471 0.841129 0.0620808  0.0967907
2993 0.283333 0.157238  0.559428
3616 0.374445 0.293509  0.332046
1836 0.411968 0.159949  0.428083
3707 0.0979387 0.561436  0.340625
5415 0.542274 0.095183  0.362543
2021 0.298301 0.438831  0.262869
675 0.293626 0.493195  0.213179
6172 0.310712 0.318352  0.370936
6072 0.545358 0.386636  0.0680061
5342 0.331821 0.33163  0.33655
3688 0.276083 0.0221659  0.701751
6179 0.0528539 0.400046  0.5471
3230 0.498829 0.0360543  0.465116
5049 0.0875353 0.733819  0.178646
6325 0.144825 0.393451  0.461725
1031 0.178826 0.450542  0.370632
3902 0.4322 0.0912157  0.476584
4062 0.0279291 0.626399  0.345672
4965 0.753213 0.18568  0.061107
3340 0.0989551 0.441316  0.459729
5314 0.346933 0.354029  0.299039
5950 0.48557 0.0912893  0.423141
2388 0.356884 0.494711  0.148405
5095 0.445522 0.361935  0.192543
3089 0.463681 0.360233  0.176086
6243 0.241368 0.568751  0.18988
594 0.429827 0.374628  0.195545
1784 0.0923501 0.466133  0.441517
3631 0.015522 0.402176  0.582302
3441 0.347707 0.515637  0.136656
5293 0.367179 0.447067  0.185754
4845 0.284134 0.418361  0.297505
2604 0.283077 0.655592  0.0613306
315 0.25587 0.0106517  0.733478
873 0.173532 0.484664  0.341804
3796 0.679957 0.0227199  0.297323
3780 0.0913555 0.791619  0.117025
659 0.42505 0.361059  0.213891
2251 0.372554 0.460011  0.167435
3032 0.259021 0.379691  0.361288
209 0.237955 0.251043  0.511002
372 0.46231 0.216898  0.320792
5819 0.715312 0.030006  0.254682
3728 0.18274 0.0550027  0.762257
3604 0.652527 0.0935901  0.253883
3830 0.283039 0.191411  0.52555
2861 0.193503 0.375806  0.430691
1439 0.593354 0.397891  0.00875438
5112 0.317755 0.479626  0.202619
3041 0.347442 0.269955  0.382604
1256 0.177135 0.305514  0.517351
4340 0.288653 0.475865  0.235482
1011 0.497517 0.174294  0.328189
6086 0.569107 0.395387  0.0355061
1003 0.179589 0.202044  0.618367
176 0.231609 0.208824  0.559567
2271 0.312673 0.211973  0.475354
3143 0.308469 0.03891  0.652621
583 0.380899 0.392337  0.226764
224 0.306332 0.38254  0.311128
1583 0.303402 0.255015  0.441582
1468 0.372869 0.523171  0.10396
2915 0.0198794 0.362655  0.617466
4641 0.488783 0.316885  0.194332
3284 0.345356 0.377249  0.277395
3135 0.455896 0.045446  0.498658
626 0.340697 0.347604  0.311699
2340 0.409114 0.329768  0.261117
1714 0.290477 0.281675  0.427849
4782 0.566862 0.129526  0.303611
6103 0.374365 0.502249  0.123386
3052 0.346277 0.213331  0.440392
2643 0.703469 0.248226  0.0483046
1332 0.423832 0.289933  0.286235
3297 0.197804 0.0180736  0.784123
2246 0.252513 0.303105  0.444382
3949 0.143315 0.180827  0.675858
2293 0.108014 0.69343  0.198556
3783 0.04219 0.473603  0.484207
3581 0.704525 0.197032  0.0984427
292 0.392639 0.457838  0.149523
830 0.403248 0.234715  0.362037
5506 0.333225 0.533619  0.133156
3917 0.453166 0.382666  0.164167
2375 0.153407 0.257009  0.589584
6155 0.396251 0.0369353  0.566814
1195 0.169841 0.396416  0.433743
2785 0.560096 0.171224  0.26868
2676 0.114882 0.575597  0.309521
3362 0.433303 0.451313  0.115385
6608 0.169757 0.531754  0.298489
2448 0.405527 0.205651  0.388822
5815 0.303417 0.360567  0.336016
1740 0.11255 0.176662  0.710787
2686 0.356457 0.3439  0.299644
710 0.145254 0.59559  0.259156
4284 0.181853 0.600505  0.217642
4362 0.270318 0.450644  0.279038
5631 0.168482 0.292037  0.53948
2984 0.113419 0.135607  0.750974
5105 0.549011 0.109805  0.341184
4697 0.08684 0.125449  0.787711
4616 0.189214 0.669867  0.140919
6513 0.350361 0.344038  0.3056
167 0.15737 0.396594  0.446035
5839 0.29153 0.313745  0.394724
2167 0.409704 0.243268  0.347029
631 0.301014 0.292457  0.406529
5417 0.0776458 0.255175  0.667179
3854 0.277274 0.23009  0.492636
443 0.430336 0.08908  0.480584
4874 0.561659 0.227475  0.210866
5170 0.444578 0.165346  0.390076
3632 0.151605 0.689085  0.15931
6456 0.258606 0.485234  0.25616
562 0.273368 0.313252  0.41338
861 0.324097 0.0905877  0.585315
1126 0.188614 0.366792  0.444594
2168 0.325034 0.159877  0.51509
5375 0.339771 0.232007  0.428222
5864 0.245149 0.209676  0.545175
457 0.172476 0.591533  0.235991
1037 0.0729632 0.673301  0.253736
4834 0.733549 0.169729  0.096722
2296 0.189916 0.390869  0.419215
3066 0.612229 0.035528  0.352243
2851 0.224733 0.310052  0.465215
6521 0.137021 0.272295  0.590684
4357 0.234742 0.302187  0.463071
4916 0.123312 0.849849  0.0268387
3598 0.398534 0.503052  0.0984139
702 0.652308 0.3183  0.0293919
478 0.118911 0.569241  0.311848
3815 0.456561 0.342267  0.201172
1756 0.120931 0.418475  0.460594
3114 0.278935 0.617854  0.103211
1953 0.450877 0.321984  0.227139
3735 0.404497 0.44698  0.148523
2334 0.339562 0.412284  0.248154
1046 0.189316 0.352309  0.458375
1995 0.385637 0.248744  0.365619
6426 0.37827 0.343441  0.278289
2780 0.139564 0.794974  0.0654622
712 0.585281 0.366835  0.0478834
1313 0.312697 0.40201  0.285292
983 0.257232 0.365853  0.376914
5432 0.679803 0.0979808  0.222216
673 0.519946 0.421244  0.0588104
861 0.473529 0.0789962  0.447475
227 0.518731 0.386963  0.0943061
3481 0.393634 0.409917  0.196448
505 0.363876 0.374418  0.261706
1808 0.265139 0.463274  0.271587
1367 0.440382 0.495314  0.064304
3042 0.221764 0.532761  0.245475
3998 0.625208 0.0965399  0.278252
3054 0.334195 0.062107  0.603698
5587 0.485957 0.474238  0.0398055
3677 0.359603 0.139694  0.500703
5040 0.272408 0.236004  0.491588
498 0.0502098 0.287327  0.662463
2943 0.271326 0.340894  0.38778
3859 0.225592 0.479696  0.294711
2760 0.660915 0.307616  0.0314691
6358 0.379696 0.302245  0.318059
987 0.338271 0.229644  0.432085
4217 0.377589 0.356559  0.265852
552 0.252919 0.353881  0.393199
5107 0.60482 0.360412  0.0347679
6590 0.363714 0.295373  0.340913
3565 0.492562 0.353858  0.153579
3732 0.425112 0.176821  0.398067
6318 0.427789 0.344869  0.227342
2795 0.120566 0.46427  0.415164
5771 0.226584 0.350406  0.423011
6568 0.397526 0.0813472  0.521127
795 0.123592 0.783925  0.0924827
414 0.101224 0.467169  0.431607
1097 0.357589 0.227629  0.414782
1310 0.402985 0.316337  0.280678
4847 0.303282 0.398954  0.297765
1835 0.294604 0.408401  0.296994
3931 0.0763561 0.587527  0.336117
2888 0.31113 0.520559  0.168311
1031 0.484106 0.110792  0.405102
2076 0.189169 0.329302  0.481529
882 0.372006 0.233243  0.39475
6154 0.0330479 0.567771  0.399181
4511 0.414628 0.151517  0.433855
5771 0.227951 0.533703  0.238346
5847 0.589408 0.0711067  0.339485
3173 0.341264 0.386652  0.272083
6271 0.280305 0.4606  0.259096
2733 0.193663 0.265254  0.541084
2776 0.211408 0.535314  0.253279
4544 0.414299 0.32841  0.257291
5528 0.246169 0.641056  0.112774
4786 0.266761 0.442805  0.290434
745 0.462094 0.207022  0.330884
6153 0.490352 0.0358787  0.473769
6503 0.42121 0.564196  0.014594
1779 0.387888 0.401517  0.210595
3737 0.417794 0.509267  0.0729397
2520 0.403397 0.23415  0.362453
1540 0.481746 0.455287  0.0629668
3550 0.147421 0.260774  0.591805
307 0.499093 0.455125  0.0457822
31 0.508111 0.144204  0.347686
5115 0.384812 0.224039  0.391149
2992 0.801902 0.0652966  0.132801
1690 0.455782 0.496149  0.0480686
4988 0.118069 0.569773  0.312159
5267 0.512521 0.355006  0.132473
2426 0.241124 0.5275  0.231376
4 0.345265 0.0672695  0.587465
4849 0.31116 0.235177  0.453663
6318 0.194527 0.439511  0.365962
2301 0.555786 0.0581248  0.38609
3300 0.370507 0.462685  0.166808
1090 0.118133 0.45442  0.427447
5978 0.198368 0.429024  0.372609
5147 0.243411 0.468282  0.288307
1945 0.677306 0.294714  0.0279804
1035 0.0985647 0.330414  0.571022
3918 0.0959424 0.477937  0.426121
2782 0.317459 0.52371  0.158831
1637 0.232207 0.308759  0.459035
4472 0.33159 0.186922  0.481488
3093 0.237112 0.468085  0.294803
3066 0.389047 0.13239  0.478563
6533 0.340368 0.491477  0.168155
2343 0.348478 0.218915  0.432607
1190 0.206021 0.333545  0.460434
1840 0.092715 0.482591  0.424694
4174 0.102247 0.288762  0.608991
6061 0.39152 0.34451  0.26397
6240 0.0667241 0.513324  0.419952
5212 0.181089 0.302182  0.51673
5606 0.176103 0.284348  0.539548
2267 0.256211 0.374848  0.368941
3636 0.149798 0.495064  0.355138
5470 0.279242 0.112715  0.608043
3452 0.221629 0.719144  0.0592267
1492 0.201934 0.639097  0.158968
3091 0.396085 0.466855  0.13706
4875 0.567264 0.0408591  0.391877
3844 0.487811 0.342313  0.169876
4362 0.403468 0.454816  0.141716
4569 0.520522 0.412572  0.066906
1113 0.489761 0.141557  0.368682
5323 0.503231 0.410351  0.0864188
5330 0.485839 0.0534826  0.460678
1424 0.181979 0.264348  0.553673
5767 0.492052 0.33847  0.169479
2249 0.414538 0.473703  0.111759
6523 0.245877 0.342252  0.411871
3144 0.509039 0.127771  0.363189
4733 0.0319699 0.514143  0.453888
6133 0.220765 0.622726  0.156508
6024 0.159203 0.738634  0.102163
5553 0.199726 0.405196  0.395078
4280 0.0524582 0.679013  0.268529
2587 0.359602 0.49783  0.142568
1828 0.63302 0.0952132  0.271767
948 0.685768 0.191169  0.123063
6097 0.498327 0.449656  0.0520171
1281 0.602126 0.162811  0.235062
328 0.408901 0.550867  0.0402319
6305 0.276074 0.0821675  0.641759
5459 0.157454 0.427235  0.415311
956 0.435182 0.416112  0.148706
258 0.268227 0.340253  0.39152
5595 0.0669255 0.188334  0.744741
1468 0.632472 0.210381  0.157147
2481 0.39786 0.0787212  0.523419
3228 0.566742 0.147557  0.285702
6425 0.0556025 0.547457  0.396941
377 0.272616 0.402271  0.325114
2929 0.103745 0.395172  0.501082
877 0.301764 0.412807  0.285428
5545 0.339042 0.128955  0.532003
5205 0.375096 0.267588  0.357316
6177 0.148644 0.334883  0.516473
3202 0.447364 0.365925  0.186711
5141 0.0991621 0.424959  0.475879
4674 0.0641933 0.682242  0.253565
6346 0.465899 0.364137  0.169964
4359 0.259819 0.0206193  0.719562
5525 0.160243 0.372512  0.467245
1737 0.320653 0.664872  0.0144743
3934 0.509001 0.401048  0.089951
5923 0.459215 0.501855  0.0389301
5490 0.390536 0.491837  0.117627
6235 0.303941 0.413476  0.282583
277 0.419651 0.232698  0.347651
2585 0.32228 0.502178  0.175542
6243 0.789213 0.0863588  0.124429
2430 0.252467 0.4751  0.272433
5153 0.0904651 0.450929  0.458606
3583 0.296884 0.58131  0.121806
477 0.398713 0.332071  0.269216
4958 0.425703 0.363924  0.210373
4077 0.565049 0.301633  0.133318
1708 0.479004 0.277478  0.243518
4885 0.464384 0.290597  0.245019
3848 0.384054 0.437872  0.178074
6487 0.155291 0.244111  0.600599
505 0.766881 0.0562087  0.176911
2213 0.427502 0.10412  0.468378
3488 0.527219 0.441373  0.031408
4004 0.345059 0.185481  0.469459
3170 0.370087 0.307953  0.32196
30 0.381189 0.0358465  0.582965
4237 0.561283 0.116417  0.3223
1557 0.37071 0.104359  0.524931
2455 0.0552262 0.345707  0.599066
3201 0.404782 0.0921065  0.503111
3368 0.592908 0.153239  0.253853
1656 0.22829 0.441547  0.330163
4340 0.408693 0.0476451  0.543662
3657 0.137128 0.521208  0.341663
295 0.312429 0.450296  0.237274
4382 0.850113 0.0477464  0.102141
3144 0.339817 0.0574958  0.602688
522 0.463722 0.0591505  0.477128
4176 0.190256 0.501959  0.307786
170 0.396873 0.266306  0.336821
3290 0.217444 0.383812  0.398744
4689 0.0120856 0.396769  0.591145
2763 0.195719 0.0283254  0.775955
5111 0.484556 0.0375705  0.477873
1821 0.282494 0.494182  0.223324
5131 0.366384 0.616194  0.0174216
2737 0.523867 0.072469  0.403664
3484 0.387732 0.149339  0.462929
3943 0.75886 0.0536463  0.187493
5890 0.40475 0.0659415  0.529308
196 0.340123 0.115243  0.544634
365 0.16127 0.434883  0.403847
2995 0.642279 0.13811  0.21961
1532 0.200229 0.406916  0.392856
1189 0.306738 0.514593  0.178669
6210 0.477975 0.211167  0.310858
5232 0.266091 0.316594  0.417315
5478 0.132954 0.753999  0.113047
6127 0.564535 0.20161  0.233855
2243 0.459749 0.347387  0.192863
2439 0.371029 0.544815  0.0841563
5508 0.402544 0.22626  0.371196
2334 0.451334 0.398574  0.150091
2059 0.37193 0.508339  0.119731
3275 0.114695 0.497645  0.387659
6496 0.180677 0.37145  0.447873
2105 0.327203 0.258471  0.414326
2477 0.0827324 0.536474  0.380794
761 0.099088 0.068978  0.831934
4954 0.264068 0.275599  0.460333
297 0.25848 0.379813  0.361707
3788 0.360288 0.388203  0.251509
5219 0.131146 0.260136  0.608718
3107 0.169048 0.239697  0.591254
4597 0.685333 0.120753  0.193914
1165 0.585259 0.0133275  0.401413
3359 0.378786 0.341865  0.279349
6561 0.324818 0.267796  0.407386
4590 0.0855121 0.10763  0.806857
2954 0.199988 0.154972  0.64504
2356 0.29393 0.34658  0.35949
1392 0.273426 0.523167  0.203408
261 0.456348 0.086797  0.456855
4102 0.476134 0.16205  0.361816
2284 0.129419 0.272741  0.59784
4976 0.173568 0.398035  0.428397
764 0.478229 0.303292  0.218479
4986 0.230087 0.355261  0.414652
986 0.360371 0.140602  0.499028
4178 0.27851 0.398217  0.323272
5098 0.163073 0.448575  0.388352
5549 0.192953 0.120339  0.686708
2943 0.0204366 0.385271  0.594293
4023 0.261086 0.199356  0.539557
3017 0.0835195 0.815384  0.101096
6154 0.443253 0.204802  0.351945
315 0.0577733 0.180775  0.761452
3942 0.0432282 0.60205  0.354722
6184 0.0979381 0.388588  0.513474
4771 0.315665 0.170781  0.513554
681 0.494136 0.331878  0.173985
1754 0.662171 0.303652  0.0341768
4291 0.313221 0.26257  0.424209
6115 0.639174 0.327006  0.0338208
535 0.151383 0.108822  0.739795
5892 0.0705427 0.651826  0.277632
6497 0.531632 0.385458  0.0829096
2762 0.392206 0.120287  0.487507
1537 0.54589 0.308683  0.145426
5945 0.334926 0.299229  0.365845
5086 0.382003 0.0402373  0.57776
745 0.0407865 0.277688  0.681526
5083 0.339342 0.0946415  0.566017
5048 0.120116 0.369274  0.51061
5696 0.301386 0.446514  0.2521
5686 0.470713 0.183232  0.346056
6366 0.508009 0.185218  0.306774
839 0.0397748 0.469916  0.49031
5428 0.133065 0.450012  0.416923
5100 0.11719 0.523071  0.359739
6321 0.324835 0.217317  0.457848
2285 0.544071 0.113713  0.342216
4315 0.435073 0.24134  0.323587
938 0.407092 0.312187  0.280721
6073 0.255404 0.322747  0.421848
5515 0.203472 0.357699  0.438829
3437 0.534175 0.402871  0.0629544
2858 0.184224 0.328274  0.487502
5119 0.415375 0.458202  0.126423
6187 0.164797 0.071671  0.763532
3710 0.221869 0.175216  0.602915
1264 0.30718 0.160843  0.531977
5987 0.320751 0.463411  0.215838
1047 0.420641 0.230797  0.348563
3274 0.161037 0.375596  0.463367
6064 0.134553 0.197942  0.667505
968 0.472835 0.192083  0.335082
6648 0.351853 0.0395385  0.608609
3100 0.224223 0.305426  0.47035
644 0.451697 0.179641  0.368661
2584 0.286927 0.441545  0.271528
4316 0.270904 0.401117  0.327978
2551 0.138418 0.396155  0.465427
1026 0.651319 0.146282  0.202399
2347 0.391371 0.418943  0.189685
2765 0.479423 0.393205  0.127372
4709 0.207988 0.330375  0.461637
5002 0.425731 0.38267  0.191599
2127 0.36354 0.0726612  0.563799
3905 0.401136 0.345879  0.252985
2744 0.340154 0.405366  0.25448
5224 0.441381 0.306635  0.251984
1094 0.374374 0.122985  0.502641
957 0.381151 0.421447  0.197401
3877 0.0946468 0.463043  0.44231
1697 0.231931 0.326729  0.44134
4350 0.627607 0.0387725  0.333621
2110 0.359491 0.278913  0.361596
6277 0.404151 0.0245563  0.571293
3194 0.173305 0.544987  0.281708
416 0.434892 0.323199  0.241909
1250 0.685709 0.108511  0.20578
492 0.0374761 0.115918  0.846606
3625 0.107753 0.504504  0.387743
2546 0.139008 0.646714  0.214278
5334 0.234418 0.255873  0.509709
2632 0.0955868 0.546514  0.357899
6377 0.565613 0.0100106  0.424377
6476 0.0814069 0.0357497  0.882843
800 0.162092 0.105302  0.732606
522 0.167344 0.440978  0.391678
5264 0.183413 0.266683  0.549904
1150 0.425231 0.42006  0.154708
1948 0.277563 0.514397  0.20804
1143 0.295967 0.641052  0.0629809
6127 0.489905 0.490639  0.0194558
1160 0.579948 0.115189  0.304864
4878 0.217681 0.389646  0.392674
714 0.0496495 0.326246  0.624104
144 0.778047 0.165985  0.0559679
3332 0.102211 0.467269  0.43052
912 0.464083 0.00775983  0.528157
6515 0.0448 0.496071  0.459129
3307 0.482492 0.308559  0.208949
4029 0.375178 0.238586  0.386237
2254 0.382649 0.213258  0.404093
3015 0.513325 0.324265  0.162409
3585 0.326125 0.462524  0.211351
3388 0.536389 0.223055  0.240556
4240 0.252679 0.382232  0.365089
867 0.124612 0.606305  0.269083
5322 0.289118 0.218598  0.492284
3021 0.122428 0.487901  0.389671
1200 0.578699 0.309278  0.112023
4510 0.253017 0.418577  0.328406
4037 0.231543 0.181634  0.586823
1160 0.101498 0.203698  0.694804
1340 0.538649 0.370093  0.0912583
1553 0.306141 0.180438  0.51342
5052 0.291577 0.355014  0.353409
430 0.142155 0.649287  0.208558
3282 0.448935 0.2854  0.265665
4551 0.0420118 0.493589  0.4644
5600 0.225539 0.326554  0.447906
2166 0.478007 0.263175  0.258818
2383 0.498154 0.00974335  0.492103
6054 0.118565 0.48091  0.400525
1314 0.215904 0.222942  0.561154
740 0.387853 0.226245  0.385902
4538 0.56475 0.192028  0.243221
655 0.490312 0.173981  0.335707
5287 0.0738405 0.212911  0.713248
6453 0.355239 0.189895  0.454867
1543 0.199013 0.371921  0.429066
5419 0.628753 0.277777  0.0934704
1857 0.434393 0.503581  0.0620258
1943 0.337295 0.338675  0.32403
682 0.162351 0.441645  0.396004
1522 0.187748 0.633631  0.178621
3269 0.384462 0.344232  0.271306
2988 0.275363 0.467262  0.257374
5676 0.350626 0.266968  0.382406
5251 0.229307 0.432039  0.338653
6412 0.32376 0.285823  0.390418
6607 0.333082 0.508596  0.158323
143 0.11637 0.478399  0.405231
2247 0.260709 0.353544  0.385747
426 0.206242 0.437091  0.356668
5866 0.268327 0.402264  0.329409
5308 0.390252 0.481009  0.128739
1873 0.68477 0.0491209  0.266109
297 0.0884046 0.50465  0.406946
4395 0.142245 0.421239  0.436516
1125 0.508395 0.404537  0.0870685
3070 0.318041 0.290639  0.39132
712 0.234439 0.19797  0.567591
2607 0.247967 0.629043  0.122991
5368 0.348771 0.267533  0.383696
5120 0.612032 0.0728649  0.315103
500 0.270235 0.469792  0.259973
884 0.507453 0.0593062  0.433241
3007 0.554113 0.235496  0.210392
3757 0.270048 0.635827  0.094125
2969 0.298242 0.106413  0.595345
5294 0.175001 0.0545906  0.770408
4656 0.302902 0.435172  0.261926
4553 0.443606 0.243498  0.312896
6158 0.612382 0.208566  0.179051
3640 0.313931 0.29947  0.386599
1743 0.542385 0.0869476  0.370668
2104 0.501932 0.273789  0.224279
3596 0.323602 0.326986  0.349412
6146 0.405377 0.543685  0.0509372
1483 0.171971 0.579698  0.248331
1217 0.0712623 0.686531  0.242206
1459 0.0580743 0.728543  0.213382
2794 0.446866 0.0701742  0.48296
6057 0.587766 0.122199  0.290036
6372 0.69649 0.091819  0.211691
976 0.130121 0.197328  0.672551
2403 0.30438 0.172797  0.522823
1419 0.310856 0.368546  0.320598
2719 0.24903 0.70891  0.0420596
2601 0.48588 0.179042  0.335078
862 0.387342 0.405663  0.206995
4693 0.162265 0.330103  0.507632
798 0.0798202 0.488302  0.431878
5112 0.226549 0.2921  0.48135
208 0.149314 0.325741  0.524945
4771 0.350069 0.122486  0.527445
4545 0.493968 0.317009  0.189023
4236 0.346686 0.198248  0.455066
3956 0.311288 0.118037  0.570675
1538 0.215403 0.172497  0.612101
3721 0.174369 0.473835  0.351796
2492 0.497603 0.381375  0.121022
6449 0.293331 0.137648  0.569022
2926 0.354917 0.181315  0.463769
1165 0.532105 0.223837  0.244057
3197 0.613793 0.261799  0.124408
3418 0.15434 0.274705  0.570955
656 0.471041 0.0603731  0.468586
5300 0.319542 0.538278  0.14218
5479 0.283927 0.342997  0.373077
582 0.306562 0.246618  0.44682
595 0.258074 0.242653  0.499273
2862 0.103897 0.62705  0.269052
1518 0.300894 0.472441  0.226665
3453 0.517096 0.437488  0.0454162
6261 0.478366 0.508284  0.01335
4864 0.257193 0.55979  0.183016
3688 0.423135 0.107645  0.46922
491 0.161351 0.658597  0.180052
454 0.0672162 0.201575  0.731209
2880 0.300155 0.469718  0.230127
152 0.131211 0.536853  0.331936
832 0.536084 0.271045  0.192871
200 0.557817 0.343983  0.0982002
1256 0.218829 0.516653  0.264518
748 0.19186 0.377822  0.430318
1672 0.326588 0.368346  0.305066
717 0.491069 0.324354  0.184577
3591 0.385728 0.211812  0.40246
5564 0.483174 0.028713  0.488113
3665 0.451326 0.314889  0.233785
6448 0.326285 0.447892  0.225823
3197 0.353338 0.335318  0.311344
4910 0.273116 0.400472  0.326411
4646 0.349402 0.373174  0.277425
1494 0.592634 0.218988  0.188378
6055 0.341641 0.61749  0.0408687
264 0.349168 0.612505  0.0383269
1681 0.483837 0.0147568  0.501406
622 0.153878 0.365271  0.480851
4896 0.589173 0.253269  0.157558
6291 0.464443 0.173549  0.362008
1026 0.366307 0.343402  0.290291
3802 0.677346 0.171256  0.151397
5197 0.510617 0.306623  0.18276
5851 0.427046 0.10226  0.470694
2589 0.109098 0.476118  0.414785
5922 0.560269 0.303017  0.136714
2467 0.191383 0.436243  0.372374
1154 0.614303 0.274373  0.111324
1936 0.0594561 0.511149  0.429395
4863 0.165289 0.501124  0.333587
2521 0.393678 0.318211  0.28811
3523 0.269731 0.324409  0.405861
6349 0.383228 0.184469  0.432303
910 0.18038 0.290656  0.528964
2182 0.332432 0.047132  0.620436
1957 0.0632396 0.601158  0.335603
5114 0.137805 0.34729  0.514905
4550 0.174591 0.695162  0.130247
3392 0.52124 0.100782  0.377978
1104 0.446006 0.222069  0.331926
6347 0.175322 0.365055  0.459624
1182 0.453445 0.452255  0.0942996
2795 0.391061 0.576216  0.032723
1972 0.506522 0.253194  0.240284
4389 0.317289 0.391376  0.291335
3126 0.59995 0.256525  0.143525
5569 0.563527 0.320519  0.115953
2818 0.343985 0.188099  0.467916
765 0.260257 0.212289  0.527455
4914 0.466773 0.445342  0.0878852
2953 0.437784 0.25563  0.306585
5350 0.395964 0.360384  0.243652
4078 0.372933 0.386595  0.240472
3044 0.0920278 0.198578  0.709394
6004 0.223447 0.705025  0.0715282
150 0.480738 0.263242  0.25602
4564 0.265649 0.444817  0.289534
6294 0.347076 0.434423  0.218501
2820 0.121323 0.62394  0.254737
5359 0.331588 0.416515  0.251897
2685 0.328423 0.28486  0.386716
834 0.400349 0.191044  0.408607
4838 0.314027 0.338707  0.347266
4937 0.3029 0.235039  0.462061
5521 0.134647 0.321333  0.544019
6342 0.42645 0.250567  0.322983
3726 0.15123 0.702793  0.145977
763 0.615175 0.270454  0.11437
1307 0.349925 0.237898  0.412177
4447 0.282072 0.319483  0.398445
2141 0.5718 0.153315  0.274885
3617 0.375184 0.544695  0.0801213
6614 0.351243 0.427258  0.221499
4687 0.296733 0.071424  0.631843
2904 0.403297 0.471801  0.124902
881 0.0529795 0.661347  0.285673
2054 0.47188 0.174405  0.353715
376 0.483204 0.485004  0.0317913
3691 0.363347 0.16135  0.475303
660 0.462452 0.144119  0.393428
6532 0.345507 0.28724  0.367253
2102 0.0664317 0.454777  0.478792
5150 0.254306 0.169083  0.576611
2251 0.160324 0.39426  0.445416
3751 0.779418 0.0770251  0.143556
5591 0.108054 0.388321  0.503625
805 0.684792 0.190743  0.124466
2036 0.144385 0.543142  0.312473
6442 0.0967959 0.496885  0.406319
3670 0.347362 0.39262  0.260018
3580 0.344155 0.3518  0.304045
247 0.160226 0.731372  0.108402
1484 0.232251 0.267895  0.499854
3282 0.453962 0.193311  0.352727
4914 0.466559 0.419995  0.113446
2712 0.449795 0.515831  0.0343738
911 0.262939 0.328656  0.408405
431 0.500601 0.447581  0.0518176
4233 0.0685505 0.753486  0.177964
5658 0.258235 0.273856  0.467909
2608 0.0220009 0.313893  0.664106
3577 0.377205 0.354013  0.268782
3384 0.493416 0.14948  0.357104
380 0.87751 0.0351059  0.0873836
2564 0.293837 0.432857  0.273306
3451 0.213975 0.44639  0.339636
5635 0.435104 0.113141  0.451755
3320 0.356897 0.437537  0.205566
666 0.358761 0.563962  0.0772772
244 0.70498 0.160621  0.134399
3809 0.44762 0.200397  0.351983
5614 0.482185 0.232977  0.284838
3799 0.436107 0.370032  0.193861
4283 0.12692 0.0578639  0.815216
2545 0.277961 0.645019  0.0770204
2115 0.3226 0.340416  0.336984
6359 0.189151 0.401704  0.409145
6603 0.151156 0.808169  0.0406746
5255 0.348787 0.337805  0.313409
6153 0.806824 0.132488  0.0606881
6138 0.228846 0.426532  0.344622
1138 0.0418687 0.564298  0.393834
5021 0.0401915 0.409371  0.550437
6329 0.403518 0.558685  0.0377973
1541 0.290704 0.489552  0.219744
1329 0.390431 0.07599  0.53358
4785 0.420881 0.322292  0.256826
343 0.382001 0.374334  0.243666
4988 0.374915 0.27083  0.354255
3236 0.419612 0.27117  0.309218
1435 0.308228 0.179836  0.511936
6429 0.343878 0.333603  0.322519
4698 0.0407518 0.144477  0.814772
5516 0.326894 0.343452  0.329654
5109 0.269309 0.565843  0.164848
4551 0.477197 0.474468  0.0483344
4008 0.32134 0.323772  0.354888
3240 0.0911602 0.683414  0.225426
3079 0.383552 0.192881  0.423567
3684 0.445147 0.0118353  0.543018
5732 0.20697 0.536772  0.256258
3205 0.0490349 0.319734  0.631231
3796 0.386749 0.333442  0.27981
3864 0.13843 0.246987  0.614582
4986 0.32225 0.414232  0.263519
6245 0.166327 0.482452  0.351221
157 0.152682 0.412847  0.434472
788 0.469202 0.0994417  0.431357
5692 0.103485 0.660655  0.23586
1036 0.401926 0.408076  0.189998
3207 0.406912 0.200495  0.392592
2678 0.449943 0.430851  0.119206
4266 0.272616 0.646427  0.0809571
115 0.373093 0.522365  0.104542
5033 0.0933856 0.474759  0.431855
6455 0.065959 0.501124  0.432917
5961 0.510888 0.0288752  0.460237
3098 0.396243 0.511043  0.0927143
2027 0.455956 0.0976298  0.446414
4698 0.42972 0.136366  0.433914
1851 0.477806 0.347676  0.174518
3442 0.481061 0.508897  0.0100427
1297 0.26345 0.606987  0.129564
6323 0.264221 0.601433  0.134346
1987 0.361801 0.308965  0.329234
5978 0.21113 0.681112  0.107757
1004 0.450157 0.283479  0.266364
1301 0.32087 0.555516  0.123613
1679 0.618184 0.0906035  0.291213
1083 0.594423 0.0833577  0.322219
6287 0.304646 0.173112  0.522242
1049 0.443739 0.209698  0.346564
6605 0.373187 0.218352  0.408461
1804 0.198428 0.172382  0.62919
4674 0.0430099 0.328874  0.628116
1420 0.477299 0.3446  0.178102
4555 0.665468 0.298927  0.0356047
3119 0.358364 0.190724  0.450912
5464 0.408091 0.426531  0.165378
3456 0.361493 0.388102  0.250404
5176 0.493593 0.152047  0.35436
1864 0.263282 0.13322  0.603498
2223 0.0142767 0.448548  0.537175
2608 0.155222 0.591758  0.25302
6625 0.193788 0.275033  0.531179
5985 0.508846 0.292577  0.198577
1284 0.534575 0.0601858  0.405239
3835 0.0323988 0.448275  0.519326
5885 0.378349 0.452109  0.169542
1439 0.33183 0.296981  0.37119
4721 0.159021 0.329974  0.511004
5024 0.613986 0.0236727  0.362341
2425 0.412508 0.427956  0.159536
2891 0.337634 0.1424  0.519967
83 0.184309 0.232419  0.583273
453 0.0196464 0.202007  0.778347
2324 0.228797 0.387377  0.383826
4725 0.323096 0.283098  0.393807
2724 0.213494 0.662976  0.12353
5498 0.345268 0.343915  0.310817
1467 0.301494 0.578904  0.119602
3578 0.388476 0.227359  0.384165
6624 0.379602 0.308745  0.311653
4096 0.404321 0.324982  0.270697
5401 0.448758 0.134054  0.417188
5245 0.311154 0.350464  0.338382
5643 0.847909 0.0843162  0.0677747
1647 0.400586 0.112157  0.487257
2043 0.208207 0.492112  0.299682
3172 0.311752 0.118939  0.569309
3737 0.728735 0.0122586  0.259006
3172 0.406285 0.421542  0.172173
6390 0.241478 0.168061  0.590462
5363 0.459208 0.394808  0.145983
1766 0.0698746 0.149437  0.780688
2859 0.305061 0.322124  0.372816
5211 0.0518423 0.542968  0.40519
6414 0.0990819 0.633315  0.267603
6293 0.415331 0.164059  0.42061
1138 0.388378 0.117099  0.494523
2834 0.171327 0.662663  0.16601
5306 0.250765 0.433863  0.315372
593 0.173238 0.468245  0.358517
4123 0.0938064 0.517126  0.389068
6462 0.397364 0.191416  0.41122
2207 0.266297 0.325822  0.407881
5939 0.43374 0.207973  0.358287
946 0.330937 0.490091  0.178972
2870 0.502199 0.487011  0.01079
4409 0.389952 0.238365  0.371683
1588 0.412165 0.493901  0.0939341
711 0.155203 0.474102  0.370696
402 0.407642 0.177881  0.414477
5934 0.283005 0.121978  0.595017
4831 0.172457 0.17481  0.652733
3685 0.440323 0.119041  0.440635
5129 0.114383 0.483053  0.402564
5327 0.663783 0.197301  0.138916
6229 0.528793 0.330617  0.14059
5038 0.203419 0.346528  0.450053
2850 0.166666 0.780515  0.0528185
5783 0.835714 0.10652  0.057766
136 0.306139 0.357373  0.336488
6025 0.582101 0.161489  0.25641
3932 0.112432 0.37644  0.511129
3202 0.0332513 0.413243  0.553505
2188 0.359277 0.410584  0.230139
4991 0.437469 0.238837  0.323694
738 0.174348 0.408872  0.41678
3448 0.380312 0.246171  0.373518
2612 0.331091 0.498647  0.170262
4877 0.397052 0.354789  0.248158
3738 0.0748567 0.395713  0.529431
5339 0.392489 0.222666  0.384845
4755 0.229787 0.0718981  0.698315
4384 0.275706 0.329913  0.394381
4326 0.318301 0.416336  0.265363
5772 0.398416 0.528052  0.0735322
830 0.164513 0.477281  0.358206
2386 0.120298 0.240708  0.638994
4899 0.146202 0.46564  0.388159
2087 0.333169 0.208952  0.45788
3899 0.284544 0.377471  0.337984
4231 0.177041 0.604898  0.218062
1502 0.0910798 0.303734  0.605186
3061 0.135469 0.344544  0.519986
5822 0.249498 0.370782  0.37972
3908 0.116932 0.582087  0.30098
5330 0.241552 0.367998  0.390449
1150 0.158672 0.751765  0.0895629
1305 0.39427 0.145113  0.460617
210 0.2926 0.350663  0.356736
1045 0.494513 0.338007  0.16748
6591 0.294424 0.402081  0.303494
635 0.307709 0.255475  0.436816
2764 0.281038 0.134367  0.584595
1279 0.316606 0.286481  0.396913
824 0.35789 0.32002  0.32209
6245 0.434509 0.323474  0.242017
163 0.345166 0.144662  0.510171
4013 0.354168 0.202916  0.442916
5140 0.440551 0.348583  0.210866
4708 0.142034 0.836423  0.0215438
4834 0.521999 0.429822  0.0481797
2884 0.0975618 0.451481  0.450957
5570 0.0612655 0.703969  0.234766
2346 0.0683435 0.413579  0.518078
5612 0.188694 0.382665  0.428641
5583 0.323171 0.224932  0.451898
423 0.521047 0.16224  0.316712
2664 0.452983 0.421221  0.125796
168 0.499018 0.29504  0.205942
2321 0.394828 0.147055  0.458116
966 0.483417 0.43261  0.0839732
6297 0.387787 0.439164  0.17305
5999 0.346126 0.484411  0.169463
2627 0.464734 0.481004  0.0542612
2437 0.182992 0.782122  0.0348857
727 0.0139089 0.349804  0.636287
1335 0.156239 0.465939  0.377822
3561 0.320268 0.354586  0.325146
4549 0.102756 0.622898  0.274346
3103 0.353838 0.209502  0.43666
2774 0.455148 0.37049  0.174362
518 0.543815 0.0240412  0.432144
3240 0.523058 0.363718  0.113224
1709 0.0212021 0.0438734  0.934924
1318 0.277366 0.52093  0.201704
5039 0.255126 0.477645  0.267229
2517 0.291159 0.34622  0.36262
1159 0.0729438 0.105375  0.821682
1100 0.306581 0.0661563  0.627263
5325 0.465385 0.0811265  0.453489
4063 0.4645 0.157774  0.377726
988 0.516669 0.402622  0.0807087
5425 0.484597 0.188147  0.327256
3365 0.52838 0.0269524  0.444668
1993 0.253764 0.345689  0.400547
3092 0.196909 0.595157  0.207934
3741 0.175142 0.534669  0.290189
680 0.34167 0.37605  0.282281
632 0.439167 0.0687786  0.492055
121 0.2167 0.532303  0.250997
2273 0.276314 0.405049  0.318637
3657 0.491567 0.225235  0.283198
2798 0.404902 0.438325  0.156773
3616 0.146934 0.358877  0.494189
6289 0.363235 0.271213  0.365552
4557 0.265358 0.296222  0.43842
1715 0.623757 0.312675  0.0635678
2196 0.442481 0.117202  0.440317
2838 0.239419 0.242297  0.518284
4283 0.379013 0.453096  0.167891
5353 0.433353 0.0648191  0.501827
2999 0.0696709 0.611953  0.318376
740 0.312998 0.44043  0.246571
3745 0.0693838 0.439131  0.491485
186 0.13619 0.391908  0.471903
5023 0.309724 0.441632  0.248645
4699 0.633679 0.0118726  0.354449
1028 0.273845 0.625301  0.100853
3507 0.489539 0.142683  0.367778
484 0.0972469 0.652145  0.250609
910 0.0412922 0.436895  0.521813
1680 0.135557 0.466892  0.397551
2958 0.367329 0.359702  0.272969
2061 0.0928506 0.414294  0.492855
4329 0.501861 0.0645474  0.433591
6282 0.195077 0.0432326  0.76169
982 0.430769 0.21683  0.352402
3680 0.20891 0.621047  0.170044
3304 0.396311 0.26617  0.337519
3076 0.10303 0.294764  0.602205
382 0.434971 0.13887  0.426159
1356 0.253983 0.608244  0.137773
1497 0.530492 0.306766  0.162742
811 0.599956 0.114586  0.285458
6113 0.45781 0.330348  0.211842
5085 0.237376 0.37763  0.384994
1988 0.429516 0.121562  0.448922
67 0.149694 0.685582  0.164724
1199 0.0703327 0.336279  0.593388
6126 0.186579 0.410428  0.402993
4882 0.178204 0.346148  0.475648
599 0.43615 0.295753  0.268097
2970 0.449095 0.241473  0.309431
45 0.218216 0.176048  0.605736
5969 0.417783 0.192147  0.39007
867 0.277873 0.54513  0.176996
380 0.558466 0.270966  0.170568
5838 0.317771 0.265201  0.417027
3226 0.153782 0.456958  0.38926
2451 0.0706507 0.201444  0.727905
1925 0.434719 0.356703  0.208578
5851 0.151711 0.525816  0.322473
4505 0.487628 0.285564  0.226807
6599 0.474105 0.0964784  0.429416
5989 0.263955 0.297598  0.438446
2778 0.445388 0.286557  0.268056
4557 0.505663 0.13518  0.359158
5396 0.25367 0.316775  0.429554
4848 0.373064 0.23153  0.395406
2779 0.351554 0.246392  0.402054
1699 0.0363713 0.0330581  0.930571
4484 0.0207161 0.832652  0.146631
4882 0.394857 0.333048  0.272095
2733 0.317787 0.143514  0.538699
393 0.478814 0.448025  0.0731616
3662 0.467546 0.301883  0.230571
4541 0.034263 0.0342348  0.931502
2077 0.634754 0.225517  0.139729
4145 0.36527 0.295039  0.339691
1904 0.229914 0.127483  0.642603
2146 0.0786295 0.442409  0.478961
204 0.317309 0.375625  0.307066
4875 0.0612159 0.452614  0.48617
2519 0.0162288 0.514772  0.469
5352 0.276653 0.445437  0.27791
2746 0.479897 0.276031  0.244071
6229 0.399819 0.172105  0.428076
3711 0.0698969 0.0958072  0.834296
4257 0.455876 0.201992  0.342133
1760 0.168653 0.332746  0.498602
6307 0.30555 0.330627  0.363823
5109 0.371783 0.491665  0.136552
3459 0.551959 0.220608  0.227433
2268 0.481787 0.489804  0.0284093
854 0.337237 0.317829  0.344934
4564 0.132207 0.342397  0.525396
4151 0.278881 0.480758  0.240361
4208 0.19056 0.34314  0.4663
6075 0.661116 0.0576955  0.281188
2729 0.186729 0.0258322  0.787439
3286 0.329497 0.345542  0.32496
2699 0.286877 0.362439  0.350684
1691 0.322 0.552989  0.125011
3104 0.286074 0.245297  0.468629
2776 0.0894137 0.620948  0.289638
3642 0.167841 0.538963  0.293196
2991 0.482134 0.368108  0.149758
2744 0.556907 0.363612  0.0794806
6001 0.374731 0.301391  0.323878
3605 0.0203441 0.37165  0.608006
4162 0.891173 0.0836485  0.0251783
5076 0.181914 0.391045  0.427041
5278 0.211119 0.637746  0.151135
5880 0.762883 0.103993  0.133125
6569 0.132297 0.766773  0.10093
6055 0.143464 0.435153  0.421383
452 0.48158 0.0197877  0.498633
4541 0.723847 0.14507  0.131082
3804 0.169337 0.775178  0.0554846
2399 0.366501 0.286259  0.347241
1620 0.729657 0.261832  0.00851124
1350 0.549823 0.428579  0.0215976
874 0.136371 0.353608  0.510021
2669 0.197868 0.1766  0.625532
780 0.349977 0.237956  0.412067
113 0.482526 0.466641  0.0508337
1218 0.0923914 0.546817  0.360791
6594 0.386891 0.236259  0.376851
1144 0.507845 0.305008  0.187147
2132 0.0517163 0.322474  0.625809
4214 0.229833 0.275694  0.494473
3501 0.252762 0.600174  0.147064
5671 0.323986 0.033306  0.642708
4929 0.286046 0.373694  0.34026
3144 0.460618 0.510297  0.0290854
5824 0.454648 0.395564  0.149788
4290 0.373904 0.207218  0.418878
2210 0.392661 0.444292  0.163047
618 0.446159 0.0450301  0.508811
3622 0.196557 0.527913  0.275529
3673 0.416539 0.173054  0.410407
5125 0.6522 0.270745  0.0770544
4837 0.436571 0.432088  0.131341
2059 0.42886 0.273503  0.297638
2826 0.103003 0.666047  0.23095
181 0.474802 0.206188  0.31901
5335 0.284834 0.329125  0.386042
1192 0.0310254 0.445262  0.523712
1613 0.198411 0.559074  0.242514
5520 0.480393 0.312015  0.207592
1031 0.231238 0.714008  0.0547547
6024 0.264411 0.349767  0.385821
2994 0.397768 0.117695  0.484537
5842 0.275333 0.320249  0.404418
3406 0.335342 0.499861  0.164797
1771 0.716057 0.164419  0.119524
4523 0.356759 0.346183  0.297059
3322 0.358642 0.367312  0.274046
4610 0.0851589 0.116257  0.798584
5197 0.364656 0.418711  0.216633
3984 0.361624 0.440221  0.198155
1903 0.147624 0.410618  0.441757
2288 0.468942 0.284794  0.246264
4963 0.28728 0.326561  0.38616
5783 0.0820969 0.666203  0.2517
5226 0.269918 0.32921  0.400873
1544 0.189237 0.4251  0.385664
3001 0.280924 0.299399  0.419676
248 0.583779 0.0664225  0.349799
3157 0.181714 0.69834  0.119946
2921 0.188835 0.158423  0.652743
2876 0.43769 0.289849  0.272461
2304 0.141018 0.449571  0.409411
3202 0.269495 0.22727  0.503236
5828 0.409534 0.328256  0.262209
4254 0.0868196 0.292916  0.620264
3618 0.426914 0.295035  0.278051
4152 0.348423 0.475589  0.175988
6451 0.472956 0.202818  0.324226
1009 0.112323 0.468651  0.419026
6343 0.312384 0.438175  0.249441
834 0.441826 0.294073  0.264101
4429 0.550054 0.0319374  0.418009
5147 0.484275 0.315103  0.200623
5353 0.344291 0.369321  0.286387
4217 0.378426 0.35035  0.271225
5178 0.364414 0.5776  0.0579854
3965 0.317441 0.396914  0.285645
2469 0.230757 0.615319  0.153924
5164 0.319365 0.326981  0.353653
2898 0.200501 0.443128  0.356371
3119 0.120113 0.302957  0.576931
2930 0.0572269 0.240732  0.702041
776 0.659384 0.127367  0.213249
2451 0.0761732 0.659978  0.263849
4455 0.502397 0.374847  0.122756
721 0.251836 0.422469  0.325694
2193 0.323267 0.480269  0.196464
6479 0.307539 0.232376  0.460085
4342 0.493783 0.34982  0.156397
6507 0.24059 0.254771  0.504639
499 0.341121 0.100452  0.558427
3809 0.144792 0.36657  0.488638
2733 0.319979 0.277257  0.402765
2283 0.130465 0.587097  0.282439
4516 0.0278105 0.350948  0.621241
