3951 0.169519 0.305276  0.525205
2424 0.341402 0.648382  0.0102153
7447 0.350578 0.305693  0.343729
5387 0.355611 0.472808  0.171582
4872 0.0967305 0.644692  0.258578
5676 0.789018 0.0645592  0.146423
6181 0.413179 0.137614  0.449207
4813 0.0700653 0.423028  0.506906
7031 0.0634997 0.471921  0.464579
3384 0.397774 0.487127  0.115098
9479 0.711192 0.0752607  0.213547
7400 0.56552 0.307267  0.127213
1726 0.339594 0.0693681  0.591037
7498 0.395287 0.0724553  0.532258
3273 0.243785 0.624338  0.131877
6506 0.506617 0.476407  0.0169761
6069 0.355982 0.162051  0.481968
8523 0.0838273 0.218846  0.697327
8331 0.320645 0.444897  0.234458
8544 0.405266 0.496886  0.0978485
4050 0.5667 0.419177  0.0141227
661 0.371517 0.60491  0.0235728
6535 0.263169 0.275751  0.46108
6584 0.394538 0.121006  0.484457
5782 0.400815 0.296309  0.302877
3509 0.521072 0.0966355  0.382292
5413 0.101562 0.608228  0.29021
8946 0.309365 0.387567  0.303068
4813 0.425566 0.368793  0.205641
6769 0.380244 0.0825893  0.537166
7999 0.136746 0.651436  0.211818
6897 0.292452 0.443975  0.263574
442 0.0451515 0.335648  0.619201
5247 0.497972 0.405091  0.0969373
6625 0.392953 0.427097  0.17995
3776 0.373495 0.178676  0.447829
2126 0.314666 0.400607  0.284727
8627 0.423904 0.187224  0.388872
8076 0.337316 0.117923  0.544761
4016 0.213081 0.197809  0.58911
1044 0.321912 0.612592  0.0654954
7086 0.330584 0.289962  0.379454
5605 0.181488 0.224269  0.594243
2470 0.154048 0.732094  0.113858
3720 0.0697263 0.350338  0.579936
2155 0.18395 0.455692  0.360358
972 0.174634 0.270078  0.555288
2094 0.536624 0.327159  0.136217
1212 0.485402 0.0989193  0.415679
567 0.245836 0.271288  0.482876
5443 0.236645 0.38366  0.379694
5412 0.618834 0.312547  0.0686185
205 0.582871 0.0128419  0.404287
4909 0.109176 0.248303  0.642521
3929 0.387693 0.119672  0.492635
8630 0.138686 0.382421  0.478893
6574 0.342662 0.341524  0.315814
8411 0.215575 0.372645  0.41178
6191 0.0752638 0.562005  0.362731
4527 0.524712 0.0955465  0.379741
9375 0.402183 0.0602934  0.537524
1432 0.208547 0.513551  0.277901
5438 0.489271 0.451532  0.0591974
3691 0.350156 0.192466  0.457378
2864 0.494374 0.255664  0.249961
638 0.317499 0.354964  0.327538
2388 0.36178 0.525313  0.112907
3450 0.272638 0.670572  0.0567901
7141 0.394061 0.402497  0.203442
6365 0.519496 0.382134  0.0983693
3802 0.343908 0.342799  0.313294
2981 0.255542 0.389063  0.355395
4274 0.110174 0.536603  0.353223
3818 0.409569 0.439194  0.151237
2305 0.422669 0.0102444  0.567086
2204 0.577873 0.144542  0.277585
5692 0.463951 0.472821  0.0632288
6159 0.139864 0.385697  0.474438
9600 0.436234 0.174145  0.389622
5623 0.334458 0.228759  0.436783
7367 0.510322 0.279298  0.21038
2277 0.2183 0.587793  0.193908
3857 0.61413 0.10369  0.28218
7322 0.551323 0.41099  0.0376875
3462 0.531852 0.202451  0.265697
2323 0.284026 0.374951  0.341023
739 0.422318 0.158439  0.419243
6107 0.358596 0.544018  0.0973865
5732 0.569619 0.145246  0.285135
3358 0.644287 0.0916246  0.264088
1616 0.609127 0.0372936  0.35358
4598 0.616378 0.136047  0.247575
4091 0.121377 0.507585  0.371038
1928 0.506239 0.0750689  0.418692
3134 0.152902 0.742448  0.104649
8318 0.29195 0.392522  0.315528
9030 0.508453 0.373274  0.118272
9036 0.333866 0.432437  0.233697
8861 0.0618631 0.423607  0.51453
1616 0.294972 0.30473  0.400299
7309 0.433255 0.325827  0.240918
1291 0.284568 0.368666  0.346765
6661 0.468059 0.307879  0.224061
7418 0.395841 0.424458  0.179701
3710 0.296002 0.384554  0.319444
220 0.17261 0.400692  0.426698
7038 0.0416393 0.667999  0.290362
3028 0.287228 0.0973583  0.615413
3650 0.150674 0.368133  0.481193
1422 0.155506 0.769736  0.0747579
5622 0.115133 0.436028  0.44884
1186 0.12659 0.406533  0.466877
5812 0.276202 0.372781  0.351018
4191 0.105423 0.638793  0.255784
4126 0.235599 0.529173  0.235228
516 0.257838 0.0187269  0.723435
9454 0.235846 0.344478  0.419676
6879 0.455833 0.0955669  0.4486
2250 0.613302 0.0636594  0.323039
5676 0.0258876 0.466888  0.507224
4512 0.130305 0.511683  0.358012
2507 0.348992 0.140038  0.51097
1478 0.370784 0.547627  0.0815884
5563 0.196888 0.505065  0.298047
2294 0.132895 0.378374  0.488731
6189 0.407878 0.327281  0.264842
6744 0.217583 0.340428  0.441989
5205 0.397647 0.424347  0.178007
3836 0.241519 0.435319  0.323162
4604 0.37467 0.443951  0.181379
1626 0.212585 0.420859  0.366556
9703 0.0370223 0.144048  0.81893
3999 0.140724 0.325549  0.533728
4501 0.0896008 0.581211  0.329188
9036 0.315122 0.591692  0.093186
6572 0.530275 0.375321  0.0944048
1579 0.666608 0.0252392  0.308153
2461 0.495141 0.369118  0.135742
2708 0.493979 0.298556  0.207465
1429 0.894161 0.0723499  0.0334887
3803 0.430838 0.0992626  0.469899
2796 0.59574 0.346577  0.0576828
1231 0.279817 0.521042  0.199141
5721 0.176831 0.0755349  0.747634
2448 0.490254 0.371263  0.138483
7940 0.0837208 0.640502  0.275777
121 0.300117 0.529794  0.170088
939 0.463343 0.150673  0.385983
6401 0.370472 0.313692  0.315837
3083 0.191348 0.561243  0.247409
6256 0.604085 0.115785  0.280131
1367 0.702347 0.0910272  0.206625
1838 0.0541579 0.567888  0.377954
1543 0.276885 0.351803  0.371312
1762 0.188654 0.445064  0.366283
917 0.257594 0.349174  0.393231
4256 0.379438 0.0404171  0.580145
4451 0.119682 0.209936  0.670382
3611 0.184192 0.230993  0.584816
4526 0.475285 0.14047  0.384245
9292 0.377993 0.206597  0.41541
2615 0.571273 0.0646879  0.364039
7414 0.349364 0.207131  0.443506
297 0.381795 0.282888  0.335317
3724 0.376982 0.480032  0.142987
8682 0.181866 0.492589  0.325545
5367 0.540975 0.208915  0.25011
2809 0.305033 0.416062  0.278905
4630 0.178708 0.0536976  0.767595
1848 0.228356 0.335366  0.436278
4018 0.341225 0.287256  0.37152
3408 0.0318967 0.548097  0.420006
3289 0.268003 0.571432  0.160565
1773 0.448918 0.250118  0.300963
5635 0.128322 0.522707  0.348971
4637 0.13102 0.394144  0.474836
6753 0.219889 0.478867  0.301244
7275 0.00824531 0.678577  0.313178
2432 0.228215 0.186493  0.585292
2484 0.692176 0.0295986  0.278225
293 0.316997 0.507497  0.175506
7954 0.170705 0.095691  0.733604
1750 0.40132 0.252605  0.346075
4731 0.327543 0.257701  0.414755
8929 0.504031 0.451736  0.0442327
222 0.631073 0.29419  0.074737
7921 0.247391 0.0332422  0.719366
9138 0.391069 0.311091  0.29784
2524 0.458065 0.345341  0.196594
6943 0.364763 0.423582  0.211655
3724 0.455339 0.306194  0.238467
4659 0.415639 0.491738  0.092623
1051 0.412432 0.15208  0.435488
1655 0.323277 0.271192  0.405531
1616 0.547616 0.40403  0.0483537
4948 0.167958 0.240374  0.591669
6018 0.280555 0.35279  0.366656
2322 0.423321 0.0540791  0.5226
5998 0.16301 0.425972  0.411018
3762 0.386854 0.122494  0.490653
7013 0.483298 0.487905  0.0287972
2932 0.310165 0.341687  0.348148
4545 0.469502 0.238779  0.291719
2813 0.384531 0.264023  0.351446
5253 0.218152 0.262535  0.519313
1674 0.348979 0.0229231  0.628098
3945 0.155881 0.11548  0.728639
4752 0.398758 0.293884  0.307358
5648 0.581515 0.282229  0.136255
3444 0.404565 0.36986  0.225576
1506 0.216434 0.116049  0.667516
6113 0.122596 0.344768  0.532635
3387 0.467547 0.412433  0.120021
2887 0.592201 0.392793  0.0150054
9112 0.276918 0.217567  0.505515
5572 0.417495 0.262537  0.319969
3380 0.12875 0.489631  0.381618
4946 0.896018 0.0698583  0.0341237
6713 0.35831 0.54717  0.09452
3881 0.378829 0.443824  0.177347
2324 0.37117 0.575985  0.052845
2659 0.266373 0.537166  0.196461
2916 0.566107 0.207438  0.226455
5940 0.262732 0.389353  0.347915
5698 0.378343 0.308676  0.312981
8267 0.486674 0.224912  0.288413
4102 0.399141 0.377222  0.223637
3367 0.425189 0.408365  0.166447
2486 0.419429 0.358523  0.222048
5050 0.0548805 0.464207  0.480912
1254 0.384032 0.0967162  0.519252
56 0.279722 0.350547  0.369731
2752 0.403197 0.0884068  0.508396
1114 0.304237 0.290452  0.405312
238 0.413432 0.371628  0.21494
8537 0.236363 0.456952  0.306685
214 0.0962023 0.425563  0.478235
4072 0.517325 0.14294  0.339735
4636 0.438173 0.438891  0.122937
2641 0.33515 0.200673  0.464177
4147 0.330674 0.126258  0.543068
4875 0.603001 0.051264  0.345735
890 0.565847 0.186631  0.247522
5021 0.0633858 0.889678  0.0469364
2586 0.299697 0.347825  0.352478
9812 0.510725 0.422491  0.0667839
7977 0.272745 0.069143  0.658112
6896 0.856255 0.0424588  0.101286
1364 0.332697 0.336117  0.331186
4270 0.473653 0.222921  0.303426
889 0.285333 0.249537  0.46513
1846 0.487252 0.360747  0.152001
3938 0.282764 0.449683  0.267552
6123 0.0920796 0.580029  0.327892
6878 0.391909 0.113006  0.495085
3629 0.0739609 0.535162  0.390877
3572 0.278172 0.526993  0.194834
2447 0.387343 0.133374  0.479283
9466 0.0801482 0.419984  0.499867
8822 0.609077 0.371894  0.0190295
404 0.130673 0.647785  0.221542
4331 0.335544 0.0475411  0.616915
6806 0.0341973 0.429288  0.536515
1949 0.620096 0.0219299  0.357974
3324 0.376344 0.49522  0.128437
625 0.273545 0.65499  0.0714647
4728 0.412217 0.34489  0.242893
2282 0.484263 0.262649  0.253088
6780 0.254203 0.166088  0.579709
2795 0.365501 0.543833  0.0906652
3867 0.301251 0.402755  0.295994
3713 0.529753 0.382445  0.0878026
6168 0.100059 0.333903  0.566038
4318 0.280183 0.443896  0.275921
6672 0.237856 0.24063  0.521514
4250 0.0749402 0.731969  0.193091
8580 0.371663 0.31321  0.315127
6972 0.163509 0.534993  0.301497
9568 0.0985975 0.456417  0.444986
2268 0.394548 0.265285  0.340167
5521 0.573447 0.285034  0.141519
6376 0.52385 0.196334  0.279816
4476 0.364628 0.0596676  0.575704
3935 0.465129 0.130555  0.404316
1247 0.405416 0.137943  0.456641
7698 0.206078 0.386737  0.407184
3581 0.0799304 0.28143  0.63864
8945 0.0239576 0.569768  0.406274
8590 0.634471 0.177265  0.188264
3408 0.393344 0.271751  0.334905
4530 0.208966 0.443978  0.347055
6196 0.539099 0.13422  0.326681
4050 0.494881 0.267502  0.237617
2718 0.743413 0.186865  0.0697216
1066 0.319204 0.665255  0.0155412
6117 0.0691165 0.103591  0.827293
503 0.392012 0.579184  0.0288046
1026 0.584284 0.255817  0.159898
5005 0.41181 0.487478  0.100711
5787 0.477399 0.219471  0.30313
957 0.295356 0.212097  0.492548
2106 0.137528 0.441841  0.420631
599 0.209606 0.507352  0.283042
9840 0.602495 0.301049  0.0964557
3787 0.354422 0.348225  0.297352
7539 0.342245 0.311849  0.345906
8497 0.331951 0.391375  0.276674
5624 0.0988339 0.422022  0.479144
9806 0.370302 0.174907  0.454791
4182 0.189614 0.47826  0.332125
3241 0.563305 0.338408  0.0982872
3996 0.132965 0.782272  0.0847622
9017 0.166499 0.085893  0.747608
6694 0.290413 0.133203  0.576384
9918 0.811296 0.0142138  0.17449
4632 0.292381 0.431268  0.27635
3754 0.507641 0.280518  0.21184
454 0.350829 0.571169  0.0780013
4704 0.340733 0.427324  0.231944
3978 0.155906 0.708376  0.135718
2662 0.415592 0.264115  0.320292
9883 0.426223 0.199583  0.374194
3811 0.0745638 0.445687  0.479749
4165 0.274034 0.379648  0.346318
3878 0.425214 0.206674  0.368112
2788 0.239174 0.619901  0.140925
32 0.265566 0.637991  0.096443
464 0.218186 0.717203  0.0646111
7425 0.470561 0.435689  0.0937497
7810 0.392839 0.44028  0.166881
2116 0.233472 0.515463  0.251065
1775 0.335103 0.410688  0.254209
605 0.215975 0.0765988  0.707426
2870 0.359795 0.408511  0.231694
3149 0.445189 0.413763  0.141048
6012 0.31205 0.446804  0.241146
2169 0.315764 0.20904  0.475196
9431 0.395131 0.186734  0.418135
1136 0.435164 0.409162  0.155674
1983 0.232552 0.426247  0.341202
4477 0.0220427 0.812005  0.165952
278 0.281605 0.127466  0.590928
8619 0.121698 0.340423  0.537879
3284 0.282015 0.235114  0.482871
4344 0.0864785 0.890309  0.0232121
8556 0.390899 0.325739  0.283362
4381 0.0160723 0.537742  0.446185
9096 0.305837 0.374248  0.319915
2624 0.215544 0.408097  0.376358
2744 0.521469 0.392337  0.0861943
364 0.430291 0.335725  0.233984
3922 0.250608 0.337379  0.412013
9469 0.204261 0.504691  0.291047
6401 0.135599 0.443681  0.42072
2335 0.442458 0.454185  0.103357
5190 0.292007 0.415225  0.292768
408 0.399861 0.316157  0.283982
1665 0.0374242 0.181858  0.780718
4878 0.465213 0.239149  0.295638
7779 0.383331 0.435167  0.181502
4600 0.156793 0.429531  0.413676
8540 0.424114 0.241682  0.334204
9686 0.443487 0.278935  0.277579
5553 0.393341 0.165285  0.441373
3145 0.408947 0.483438  0.107615
5410 0.0237979 0.566586  0.409616
2219 0.320267 0.502188  0.177545
1043 0.145224 0.0179116  0.836864
7685 0.42001 0.344212  0.235778
3013 0.338603 0.115881  0.545516
4801 0.522835 0.213583  0.263581
4380 0.617119 0.217667  0.165214
4799 0.519991 0.388446  0.091563
7140 0.100353 0.393766  0.505881
1173 0.396224 0.559802  0.043974
5514 0.531622 0.400262  0.0681157
8618 0.544875 0.0390743  0.41605
5270 0.222532 0.428817  0.348651
7181 0.176412 0.438954  0.384634
6549 0.427792 0.0210674  0.551141
1230 0.660648 0.131327  0.208025
6042 0.0172981 0.603906  0.378796
9692 0.308177 0.448651  0.243171
9446 0.394988 0.488752  0.116259
4484 0.0604449 0.33494  0.604615
3367 0.230852 0.667803  0.101346
4276 0.0760408 0.376446  0.547513
2415 0.0802701 0.756205  0.163525
2404 0.0932447 0.178135  0.72862
919 0.223089 0.35014  0.426771
7713 0.516359 0.331114  0.152527
1609 0.129185 0.249723  0.621092
263 0.366819 0.273741  0.35944
1037 0.397388 0.138284  0.464327
5375 0.246774 0.347567  0.405659
1157 0.466759 0.0792778  0.453963
995 0.476926 0.305223  0.21785
2725 0.393582 0.553825  0.0525935
2306 0.56562 0.194905  0.239475
630 0.160398 0.121073  0.718529
918 0.62231 0.309446  0.0682441
5978 0.448807 0.312136  0.239057
7498 0.143733 0.385442  0.470825
3699 0.442439 0.397814  0.159748
374 0.183213 0.426116  0.39067
9155 0.191514 0.550089  0.258398
7154 0.489695 0.118727  0.391578
8982 0.338891 0.570773  0.0903364
6614 0.351972 0.189952  0.458076
5721 0.148416 0.482523  0.369062
2595 0.314617 0.387644  0.297739
6924 0.614527 0.184592  0.200881
5771 0.165965 0.513181  0.320854
4732 0.306773 0.547735  0.145492
5261 0.0546591 0.121829  0.823512
8618 0.307125 0.402054  0.290821
3353 0.0977327 0.208696  0.693571
2182 0.225384 0.497558  0.277058
4408 0.218041 0.456938  0.325021
6957 0.465712 0.403861  0.130428
8072 0.116481 0.237252  0.646266
1823 0.302159 0.359834  0.338006
6021 0.355976 0.530977  0.113047
5524 0.0535974 0.505215  0.441188
9857 0.653747 0.188416  0.157837
6901 0.286542 0.521719  0.191739
7431 0.204724 0.273968  0.521308
972 0.407481 0.123092  0.469426
4973 0.094652 0.28383  0.621518
9045 0.15484 0.478409  0.366751
3531 0.208638 0.362113  0.429249
7794 0.230885 0.461943  0.307173
4414 0.458029 0.341471  0.2005
3215 0.0389074 0.408271  0.552822
6220 0.491998 0.266813  0.241189
4973 0.0919966 0.491468  0.416536
4324 0.306265 0.553172  0.140562
5217 0.133272 0.305756  0.560971
9812 0.401667 0.421764  0.17657
2688 0.478667 0.38136  0.139973
2718 0.352364 0.452701  0.194935
4668 0.20576 0.357876  0.436364
5898 0.404651 0.342851  0.252498
301 0.170524 0.38846  0.441016
6243 0.322877 0.0896192  0.587503
7203 0.524466 0.173831  0.301704
8700 0.344385 0.188944  0.466671
2868 0.449333 0.0885843  0.462083
5999 0.151306 0.189571  0.659123
2456 0.378712 0.372345  0.248943
1956 0.48773 0.11541  0.396859
8806 0.380976 0.099426  0.519598
1910 0.623297 0.13867  0.238033
5865 0.119345 0.418043  0.462612
3884 0.44474 0.44603  0.10923
8744 0.29365 0.457935  0.248415
6960 0.31324 0.468602  0.218158
1318 0.135668 0.343138  0.521194
913 0.33366 0.325998  0.340342
7248 0.392013 0.45907  0.148917
615 0.266431 0.242438  0.491131
8259 0.732704 0.15332  0.113975
9340 0.0918391 0.760966  0.147195
4933 0.533787 0.236855  0.229358
2384 0.376826 0.245028  0.378146
5260 0.335551 0.534396  0.130054
8518 0.244168 0.248583  0.507249
5583 0.41452 0.230026  0.355453
8845 0.341951 0.462661  0.195388
1774 0.270596 0.192821  0.536583
5309 0.655534 0.33532  0.00914663
2583 0.105061 0.618482  0.276457
3212 0.309628 0.661499  0.0288735
6100 0.261126 0.48905  0.249823
8194 0.40493 0.429055  0.166015
7061 0.671482 0.216628  0.11189
8932 0.420414 0.397161  0.182426
2472 0.572494 0.0145174  0.412989
5209 0.381938 0.140246  0.477815
5283 0.439109 0.269717  0.291174
238 0.578143 0.124568  0.297289
4541 0.456585 0.393674  0.149741
7070 0.208477 0.378623  0.4129
1279 0.520985 0.443804  0.0352104
6981 0.109056 0.132382  0.758562
2352 0.351912 0.198013  0.450075
7341 0.442448 0.53736  0.0201925
8259 0.497039 0.0241535  0.478807
1224 0.17397 0.455058  0.370971
3585 0.530349 0.45683  0.0128215
3667 0.250092 0.0452418  0.704666
4541 0.0326538 0.442932  0.524414
4730 0.659362 0.0812649  0.259373
4011 0.0455158 0.816743  0.137741
2005 0.194846 0.0747829  0.730371
2933 0.294682 0.515688  0.18963
7037 0.319035 0.191124  0.489841
7186 0.451815 0.086441  0.461744
8481 0.41615 0.426592  0.157259
5591 0.299634 0.240024  0.460342
4330 0.111624 0.343012  0.545364
5773 0.714934 0.238559  0.0465064
2789 0.416747 0.104688  0.478565
3224 0.0384817 0.538592  0.422927
472 0.232318 0.402032  0.36565
6932 0.278623 0.272476  0.448901
6664 0.225866 0.307074  0.46706
1007 0.300787 0.238597  0.460616
5677 0.36993 0.510884  0.119185
7699 0.369268 0.194825  0.435907
6254 0.321417 0.352167  0.326415
8696 0.690537 0.14573  0.163733
2068 0.178669 0.437892  0.383439
3070 0.176646 0.687016  0.136338
6207 0.320032 0.451222  0.228746
6978 0.0871555 0.424022  0.488823
3216 0.598589 0.091428  0.309983
2697 0.289362 0.438259  0.27238
5284 0.509183 0.356628  0.134189
8541 0.252779 0.465905  0.281316
8518 0.380096 0.40935  0.210554
2404 0.211544 0.235844  0.552611
1807 0.454946 0.291691  0.253363
6855 0.406028 0.518326  0.0756462
5230 0.517679 0.336481  0.14584
2477 0.746737 0.163951  0.0893126
1859 0.0667188 0.659736  0.273545
4996 0.0189082 0.49313  0.487962
6650 0.408395 0.560482  0.0311228
7170 0.395479 0.321575  0.282947
6077 0.356804 0.0156591  0.627536
2080 0.621033 0.229221  0.149746
3096 0.37625 0.203679  0.420071
8659 0.431045 0.304265  0.26469
2164 0.29241 0.406151  0.301439
1605 0.373024 0.290618  0.336358
4400 0.518967 0.166036  0.314996
9730 0.240536 0.268449  0.491015
7646 0.561783 0.203543  0.234674
7635 0.253391 0.381586  0.365023
5023 0.290075 0.423242  0.286683
8572 0.21147 0.402286  0.386244
4517 0.427451 0.237461  0.335088
3195 0.397422 0.301465  0.301113
1068 0.764723 0.0177979  0.217479
5441 0.403751 0.278591  0.317657
2077 0.532149 0.24377  0.224081
5147 0.327074 0.258901  0.414025
4000 0.348854 0.0445513  0.606595
1957 0.272656 0.621688  0.105655
4280 0.297068 0.445713  0.257218
1616 0.379277 0.273687  0.347036
442 0.382262 0.128758  0.488979
9316 0.685973 0.195104  0.118923
7227 0.43683 0.506853  0.0563171
6074 0.15607 0.489247  0.354683
848 0.0618892 0.581037  0.357074
4175 0.259071 0.333893  0.407036
4795 0.415866 0.355115  0.229019
3465 0.240322 0.545752  0.213926
5706 0.55773 0.243093  0.199177
1694 0.609822 0.255014  0.135164
4813 0.229936 0.350132  0.419931
8110 0.481748 0.412159  0.106093
3310 0.134308 0.325365  0.540327
8855 0.346883 0.446261  0.206856
6851 0.36157 0.257318  0.381112
6216 0.27572 0.0938999  0.63038
7054 0.279706 0.315558  0.404735
2615 0.183477 0.727108  0.0894151
2014 0.255524 0.627229  0.117246
1879 0.147027 0.605682  0.247291
5758 0.2419 0.600452  0.157648
4560 0.0197736 0.669717  0.310509
2479 0.364187 0.307925  0.327888
2552 0.536085 0.0954854  0.36843
3105 0.49009 0.392638  0.117272
1670 0.452587 0.287415  0.259998
2749 0.318293 0.226308  0.455399
6612 0.242597 0.327119  0.430284
2619 0.249359 0.322368  0.428273
5257 0.474374 0.349609  0.176017
7392 0.723975 0.117341  0.158684
8022 0.17577 0.229989  0.594241
1311 0.499669 0.0588467  0.441484
6695 0.18494 0.447733  0.367327
5953 0.401987 0.0179772  0.580035
2403 0.184474 0.381828  0.433699
8842 0.380713 0.395696  0.22359
1287 0.0586746 0.254465  0.68686
3053 0.20137 0.308374  0.490256
6498 0.227988 0.0788068  0.693206
6240 0.120992 0.70513  0.173877
3892 0.367631 0.418992  0.213377
8175 0.456478 0.096305  0.447217
3199 0.471795 0.0542664  0.473939
387 0.458481 0.270465  0.271053
1066 0.502952 0.405574  0.0914732
3888 0.0761722 0.517959  0.405869
6882 0.537799 0.330609  0.131592
4994 0.271839 0.425563  0.302598
6332 0.136432 0.431654  0.431913
1715 0.489263 0.13049  0.380248
6725 0.349956 0.235847  0.414197
7199 0.348416 0.499113  0.152471
6485 0.470966 0.316622  0.212412
8835 0.190556 0.491357  0.318087
4884 0.369196 0.150745  0.480059
1796 0.0781001 0.211785  0.710114
8012 0.0875236 0.262403  0.650074
3888 0.322413 0.323553  0.354033
2707 0.475125 0.382965  0.14191
4080 0.527396 0.168078  0.304527
6521 0.147065 0.379003  0.473932
3527 0.316202 0.42575  0.258047
5738 0.717526 0.0641646  0.218309
3041 0.142298 0.7103  0.147403
944 0.0340272 0.297333  0.66864
7043 0.125342 0.446336  0.428322
5148 0.329267 0.213255  0.457477
9795 0.191775 0.449975  0.35825
3123 0.125574 0.478791  0.395635
6087 0.54443 0.21285  0.24272
6617 0.33352 0.397539  0.268941
5336 0.511909 0.31291  0.175181
4420 0.42796 0.438073  0.133966
8665 0.330554 0.427076  0.24237
7418 0.49052 0.359027  0.150453
877 0.348851 0.222188  0.428961
4541 0.259815 0.629311  0.110874
4740 0.41431 0.398942  0.186748
1330 0.415897 0.370703  0.2134
8842 0.329681 0.351021  0.319297
6203 0.888732 0.0113369  0.0999313
1384 0.583907 0.177158  0.238936
101 0.214093 0.364212  0.421695
6309 0.459387 0.31798  0.222633
7853 0.868104 0.0172884  0.114608
493 0.525845 0.438033  0.0361215
8839 0.206745 0.334999  0.458255
1833 0.2754 0.386771  0.337829
1134 0.0722226 0.484124  0.443654
3246 0.388983 0.305509  0.305508
3220 0.689513 0.0724882  0.237999
7826 0.402638 0.342808  0.254554
5704 0.302066 0.0668518  0.631083
2378 0.308426 0.343632  0.347942
6601 0.439696 0.526303  0.0340007
1370 0.350044 0.408054  0.241902
8304 0.0903739 0.606123  0.303503
5510 0.152848 0.240332  0.606819
2396 0.585917 0.0925989  0.321484
6595 0.25556 0.691825  0.0526157
6212 0.241148 0.408556  0.350296
6109 0.184624 0.0885831  0.726793
375 0.518399 0.266806  0.214795
2838 0.619348 0.299327  0.0813259
6892 0.0254634 0.523215  0.451322
4821 0.425784 0.0666473  0.507569
1954 0.746624 0.0922028  0.161173
3483 0.454466 0.448435  0.0970994
2577 0.544155 0.418164  0.0376811
247 0.351978 0.264733  0.383289
7038 0.140606 0.547582  0.311812
1569 0.412139 0.18034  0.407521
2647 0.210631 0.171262  0.618107
3122 0.263732 0.546116  0.190153
3593 0.305026 0.391334  0.30364
5380 0.787869 0.0182345  0.193897
6687 0.628862 0.265241  0.105898
3801 0.15613 0.431527  0.412343
1889 0.194058 0.538992  0.26695
1037 0.444174 0.421759  0.134067
8979 0.0610363 0.463831  0.475133
7349 0.323808 0.372976  0.303216
4059 0.385749 0.0685291  0.545722
2633 0.776317 0.139079  0.084604
4462 0.0515319 0.710306  0.238162
3637 0.419863 0.0509361  0.529201
2782 0.366823 0.23995  0.393227
755 0.261531 0.566629  0.17184
8343 0.267336 0.404922  0.327742
8337 0.299933 0.385254  0.314812
4234 0.104434 0.752973  0.142594
1326 0.556877 0.360899  0.082224
3872 0.128031 0.129111  0.742858
1408 0.543136 0.284164  0.172699
8502 0.0615005 0.655908  0.282591
6962 0.159458 0.228249  0.612293
4554 0.149427 0.580136  0.270437
1229 0.449423 0.488966  0.0616116
3554 0.416226 0.383023  0.200751
6363 0.320534 0.414999  0.264467
6156 0.485944 0.241498  0.272558
1959 0.390534 0.454054  0.155413
3291 0.176059 0.363309  0.460632
4391 0.109891 0.387054  0.503055
3796 0.323383 0.0606605  0.615957
5885 0.178408 0.314364  0.507228
7039 0.438556 0.266229  0.295215
855 0.700174 0.0494838  0.250343
1368 0.595245 0.162954  0.241801
532 0.353196 0.136856  0.509948
4390 0.88157 0.0587332  0.0596969
5285 0.30108 0.334145  0.364775
3681 0.413378 0.0385013  0.54812
3462 0.560166 0.136625  0.303209
7001 0.533877 0.156625  0.309498
3279 0.321728 0.078738  0.599534
8367 0.48701 0.475242  0.0377484
6344 0.445012 0.15221  0.402777
5948 0.10803 0.559977  0.331993
4959 0.321682 0.21528  0.463038
8133 0.501987 0.134975  0.363038
2772 0.367632 0.407086  0.225282
4579 0.304244 0.187172  0.508584
2569 0.170645 0.417772  0.411584
6862 0.357447 0.301685  0.340869
2697 0.690877 0.169802  0.13932
6526 0.4003 0.489761  0.109938
7551 0.437632 0.170133  0.392235
1605 0.535108 0.199567  0.265325
1437 0.216581 0.285408  0.498011
6136 0.0341939 0.786182  0.179624
4200 0.558462 0.143137  0.298401
5833 0.426747 0.488402  0.0848506
5187 0.408433 0.00959631  0.581971
2682 0.371072 0.61211  0.0168186
353 0.119552 0.808877  0.0715709
2833 0.435326 0.244379  0.320295
3311 0.364001 0.309896  0.326103
5448 0.213634 0.54143  0.244936
6806 0.41987 0.100492  0.479638
6977 0.259117 0.158389  0.582494
6032 0.319796 0.374255  0.305949
6549 0.26773 0.483121  0.249149
871 0.319215 0.341427  0.339357
7984 0.532812 0.20625  0.260939
2446 0.678366 0.295229  0.026405
4016 0.381941 0.50355  0.114509
2553 0.860871 0.0545382  0.0845905
654 0.516035 0.16696  0.317005
4994 0.215301 0.163727  0.620972
6187 0.215325 0.712475  0.0721999
6389 0.282348 0.3431  0.374552
9408 0.424452 0.175253  0.400295
3294 0.109036 0.271747  0.619217
8127 0.316106 0.376065  0.307829
3092 0.850733 0.114027  0.0352399
1810 0.374498 0.373115  0.252387
6262 0.866019 0.0264103  0.10757
1882 0.145148 0.296918  0.557933
7847 0.380265 0.178514  0.441221
4207 0.323521 0.491183  0.185296
1452 0.441741 0.49291  0.0653491
8486 0.0959304 0.552393  0.351676
4660 0.216232 0.301928  0.48184
8123 0.304144 0.348351  0.347505
6229 0.368304 0.229294  0.402403
1176 0.175166 0.579089  0.245745
2668 0.783907 0.120857  0.0952352
4967 0.158012 0.368313  0.473675
8548 0.463759 0.240023  0.296218
2512 0.195769 0.531717  0.272514
2447 0.810382 0.157818  0.0318006
8714 0.235674 0.517428  0.246898
7473 0.154525 0.392031  0.453443
5975 0.0183821 0.565939  0.415679
3383 0.191396 0.222877  0.585727
1740 0.337662 0.559178  0.10316
9728 0.470049 0.420785  0.109166
7501 0.220436 0.102623  0.676941
4401 0.452754 0.503821  0.0434246
2060 0.390447 0.496802  0.112751
6504 0.097592 0.608448  0.29396
9561 0.156859 0.46588  0.37726
539 0.445132 0.387802  0.167067
8498 0.236667 0.207098  0.556235
1943 0.478417 0.102431  0.419152
5102 0.286378 0.376371  0.337252
2424 0.270367 0.226945  0.502688
5532 0.639358 0.0355868  0.325056
9675 0.351034 0.229498  0.419468
4119 0.328147 0.36123  0.310624
5490 0.0612775 0.239516  0.699206
268 0.34008 0.321263  0.338657
3689 0.462471 0.174499  0.36303
6410 0.220257 0.577493  0.20225
9621 0.250315 0.363561  0.386124
1452 0.186731 0.386195  0.427074
6687 0.287099 0.192794  0.520108
7029 0.202127 0.446078  0.351795
1982 0.258879 0.0729169  0.668204
5488 0.545196 0.254126  0.200679
6233 0.49876 0.379302  0.121938
2534 0.460748 0.467047  0.0722049
6979 0.405888 0.536795  0.0573164
3626 0.545 0.195172  0.259828
3433 0.101056 0.408404  0.490541
2967 0.336074 0.276711  0.387215
5654 0.544852 0.283663  0.171485
347 0.935218 0.0197096  0.0450721
2744 0.33065 0.354303  0.315046
6739 0.295285 0.593578  0.111138
6076 0.227896 0.460203  0.311901
7228 0.792535 0.126069  0.0813953
1081 0.218869 0.228692  0.552439
1463 0.130388 0.1025  0.767112
2462 0.314132 0.119197  0.566671
3148 0.0977638 0.0965419  0.805694
2125 0.171511 0.411289  0.4172
4568 0.412801 0.124019  0.463181
4436 0.431713 0.495861  0.0724259
9591 0.542939 0.149556  0.307505
4664 0.357297 0.100367  0.542336
6255 0.234364 0.400682  0.364954
1009 0.160177 0.153457  0.686366
2371 0.138293 0.661808  0.199899
7441 0.529888 0.0414381  0.428674
97 0.380574 0.102367  0.517059
8566 0.231659 0.472294  0.296047
5576 0.0983912 0.371878  0.52973
4368 0.235377 0.459477  0.305146
9515 0.363765 0.144145  0.492091
6657 0.397096 0.277428  0.325476
9070 0.33357 0.356883  0.309547
8946 0.0413221 0.78107  0.177608
5758 0.563915 0.0422834  0.393802
537 0.422087 0.322823  0.255091
904 0.355348 0.21233  0.432322
4316 0.343652 0.52678  0.129568
1995 0.295923 0.286182  0.417895
735 0.359256 0.18006  0.460684
2554 0.181492 0.402702  0.415806
7983 0.56069 0.402277  0.0370329
8501 0.5715 0.258119  0.170381
3104 0.207806 0.27144  0.520754
7794 0.331807 0.244376  0.423817
4198 0.679955 0.207461  0.112585
1645 0.472338 0.245882  0.28178
1119 0.130332 0.237274  0.632394
1416 0.270833 0.440774  0.288394
428 0.235696 0.438802  0.325502
6032 0.687926 0.191896  0.120178
9054 0.214009 0.304709  0.481283
1207 0.246954 0.328837  0.424209
3622 0.112264 0.469262  0.418474
1480 0.589091 0.133766  0.277143
1368 0.29858 0.348239  0.353181
8565 0.290758 0.248291  0.460952
4744 0.172005 0.468465  0.35953
269 0.405661 0.229676  0.364662
2169 0.274767 0.467081  0.258151
2253 0.0555251 0.483469  0.461006
83 0.482926 0.105638  0.411437
2463 0.139801 0.289813  0.570386
7881 0.621736 0.106836  0.271428
2788 0.190768 0.603334  0.205898
2784 0.068511 0.163355  0.768134
1968 0.419926 0.208932  0.371142
9316 0.280159 0.361589  0.358252
49 0.289799 0.424888  0.285312
2682 0.429506 0.222815  0.347679
5127 0.263105 0.53334  0.203555
5744 0.426955 0.168779  0.404266
1404 0.181509 0.478207  0.340284
925 0.265995 0.518576  0.215429
9666 0.106986 0.31565  0.577363
5939 0.258774 0.430947  0.31028
1329 0.101323 0.22883  0.669847
3408 0.235075 0.593037  0.171888
5210 0.389749 0.282504  0.327747
929 0.0303124 0.399606  0.570082
4935 0.649533 0.209376  0.141091
1652 0.412505 0.374283  0.213212
3837 0.137373 0.748585  0.114042
4534 0.324273 0.336444  0.339282
3033 0.0668969 0.480294  0.452809
433 0.770928 0.11915  0.109922
3845 0.514275 0.325777  0.159948
3110 0.402792 0.486633  0.110575
2636 0.283051 0.135328  0.581621
8182 0.201655 0.418063  0.380282
6633 0.240169 0.634615  0.125216
3284 0.516936 0.0083545  0.474709
6329 0.296507 0.516512  0.186982
3686 0.259714 0.279304  0.460982
4435 0.312501 0.0908735  0.596625
839 0.506373 0.101123  0.392504
1057 0.122798 0.542689  0.334513
7392 0.168432 0.685189  0.146379
6042 0.414821 0.0576986  0.527481
4211 0.224249 0.47169  0.304061
6656 0.257729 0.379955  0.362316
6122 0.184195 0.257735  0.55807
7960 0.303759 0.416038  0.280203
651 0.756878 0.0387173  0.204404
4429 0.316894 0.288396  0.394711
7858 0.487266 0.338768  0.173965
738 0.361124 0.507863  0.131013
3134 0.530749 0.0500278  0.419224
4484 0.566693 0.284832  0.148475
7106 0.453837 0.425882  0.120281
8664 0.309611 0.381239  0.30915
2498 0.265276 0.53204  0.202684
6155 0.635183 0.0918858  0.272931
7144 0.431465 0.170514  0.398022
7539 0.612748 0.230222  0.15703
1198 0.174639 0.28888  0.536481
5080 0.216126 0.339253  0.44462
214 0.089668 0.693497  0.216835
9592 0.265147 0.319388  0.415465
7730 0.309204 0.40239  0.288406
4068 0.369601 0.141446  0.488954
424 0.201706 0.395097  0.403197
1888 0.148685 0.0784861  0.772829
1806 0.406863 0.420845  0.172292
1357 0.214522 0.553778  0.231699
6755 0.321788 0.397788  0.280424
1065 0.0229995 0.499221  0.47778
3696 0.325221 0.163397  0.511383
5333 0.348189 0.454236  0.197575
5228 0.298909 0.342928  0.358163
2359 0.266928 0.383573  0.349499
3163 0.355433 0.186978  0.45759
6311 0.376649 0.311295  0.312056
1960 0.501477 0.197619  0.300903
6535 0.296158 0.437709  0.266134
2706 0.463676 0.147362  0.388962
2448 0.252379 0.39099  0.356631
3319 0.351123 0.514778  0.134099
7856 0.362294 0.140862  0.496844
2531 0.0974684 0.453817  0.448714
2516 0.0775953 0.686309  0.236095
9644 0.156609 0.509212  0.334179
6547 0.0669405 0.660618  0.272442
664 0.0162147 0.286091  0.697695
5302 0.598383 0.0907999  0.310817
5843 0.415286 0.507091  0.0776228
8045 0.405878 0.297468  0.296654
2623 0.227933 0.57514  0.196927
6591 0.436185 0.317545  0.24627
8630 0.213665 0.405489  0.380846
1345 0.620989 0.154622  0.224389
440 0.50483 0.337227  0.157943
5674 0.166416 0.477862  0.355722
8079 0.418672 0.518852  0.0624758
4907 0.107024 0.350085  0.54289
5011 0.672036 0.171145  0.156819
110 0.0516789 0.491921  0.456401
6311 0.554649 0.0221291  0.423222
2162 0.458957 0.0153866  0.525657
1421 0.576627 0.393411  0.029962
2716 0.263095 0.412481  0.324424
5395 0.104675 0.549222  0.346103
5084 0.340934 0.397331  0.261735
8303 0.387074 0.52378  0.0891458
3172 0.47539 0.380246  0.144364
5411 0.528899 0.174597  0.296504
4811 0.370191 0.193216  0.436593
5042 0.0500778 0.510075  0.439847
4225 0.263451 0.718914  0.0176358
8328 0.221021 0.364786  0.414192
9602 0.0438453 0.513563  0.442591
3354 0.415567 0.233236  0.351197
2651 0.114077 0.445025  0.440898
2167 0.363019 0.448015  0.188966
1500 0.434859 0.129399  0.435742
9732 0.169692 0.49628  0.334028
6104 0.19384 0.375567  0.430593
6243 0.396055 0.266792  0.337153
7010 0.156734 0.610114  0.233152
664 0.492893 0.364817  0.14229
8897 0.531243 0.42184  0.0469167
466 0.597006 0.201422  0.201572
4557 0.17118 0.462191  0.366629
3289 0.208304 0.210736  0.580959
3627 0.581728 0.264603  0.153669
6580 0.0566847 0.383675  0.559641
6205 0.673514 0.224161  0.102325
3906 0.0847769 0.584666  0.330557
5993 0.327361 0.261703  0.410936
3393 0.111198 0.474122  0.41468
1536 0.555997 0.240239  0.203764
4234 0.369231 0.43527  0.195499
623 0.461409 0.196526  0.342065
4505 0.0277 0.494599  0.477701
2613 0.441394 0.540975  0.0176311
6978 0.117797 0.451824  0.430379
4256 0.116153 0.577403  0.306444
9008 0.246913 0.413524  0.339564
4862 0.0681542 0.291039  0.640807
850 0.500839 0.156681  0.34248
7201 0.498817 0.275045  0.226137
4608 0.0511777 0.376042  0.57278
2355 0.224103 0.489892  0.286006
3585 0.404916 0.107944  0.48714
3551 0.0875985 0.470644  0.441757
5496 0.309087 0.365634  0.32528
8808 0.552525 0.0890838  0.358391
4271 0.0838866 0.286142  0.629971
8887 0.47434 0.100002  0.425657
8971 0.482413 0.0705871  0.447
3062 0.177082 0.354363  0.468555
6318 0.302578 0.350603  0.346819
6652 0.132541 0.471835  0.395623
1999 0.531888 0.234782  0.23333
3181 0.227557 0.373979  0.398464
1742 0.157567 0.78157  0.0608637
9788 0.0814796 0.419492  0.499028
2214 0.163318 0.275573  0.56111
2345 0.177568 0.377599  0.444833
3086 0.603507 0.254799  0.141694
4823 0.233399 0.35734  0.409261
888 0.370747 0.206074  0.423179
4632 0.326992 0.324977  0.348031
4513 0.475828 0.0578179  0.466354
4503 0.237193 0.470458  0.292349
3301 0.312935 0.44796  0.239106
873 0.176638 0.118265  0.705097
7858 0.240026 0.423015  0.336959
5101 0.885583 0.0288216  0.0855949
318 0.387858 0.312641  0.2995
2014 0.264309 0.256797  0.478894
6104 0.0303513 0.438989  0.53066
5731 0.352901 0.347803  0.299296
339 0.324048 0.160744  0.515208
9117 0.212555 0.636339  0.151106
5988 0.495523 0.126489  0.377987
5775 0.589014 0.236122  0.174864
8909 0.200319 0.198188  0.601493
8540 0.151644 0.432577  0.41578
6030 0.466003 0.0721455  0.461851
1931 0.598769 0.0947266  0.306504
1955 0.4751 0.403129  0.121771
753 0.587991 0.160431  0.251578
5020 0.368917 0.448103  0.182981
5205 0.360974 0.259493  0.379533
4482 0.48339 0.502162  0.0144477
5561 0.697404 0.204545  0.0980514
3264 0.218531 0.288349  0.49312
4956 0.378974 0.400561  0.220465
8659 0.186747 0.359819  0.453433
9072 0.484721 0.140558  0.374721
2746 0.437138 0.240767  0.322095
3444 0.208908 0.48782  0.303272
1351 0.379106 0.429592  0.191301
5995 0.415539 0.160847  0.423614
7990 0.165506 0.550521  0.283973
3096 0.0760987 0.386619  0.537283
4096 0.0676595 0.449909  0.482431
1616 0.159975 0.383069  0.456955
7815 0.476687 0.296837  0.226476
456 0.231006 0.451677  0.317317
3766 0.553648 0.0362427  0.41011
3442 0.304252 0.356973  0.338775
7773 0.746214 0.218246  0.0355406
4628 0.36313 0.51368  0.123189
4627 0.326564 0.314826  0.35861
1428 0.38966 0.135388  0.474952
8374 0.510005 0.404288  0.0857079
5210 0.312262 0.428977  0.258761
2305 0.106472 0.361724  0.531804
2014 0.585825 0.0550484  0.359126
1608 0.121093 0.279559  0.599348
4111 0.0435613 0.363221  0.593218
8592 0.360542 0.397523  0.241935
5222 0.28086 0.608601  0.110538
6753 0.0453289 0.935611  0.0190599
8741 0.248786 0.415163  0.336051
1951 0.0660647 0.603232  0.330704
4394 0.219603 0.446349  0.334048
2935 0.127158 0.213809  0.659033
4833 0.591376 0.279758  0.128866
2201 0.299027 0.292235  0.408737
9419 0.434906 0.0591265  0.505968
5357 0.338303 0.236365  0.425332
4969 0.173072 0.40516  0.421768
5387 0.486189 0.0471784  0.466632
7443 0.370307 0.264961  0.364732
4466 0.273293 0.400217  0.32649
4114 0.229488 0.222549  0.547963
1080 0.0245968 0.886194  0.0892089
3572 0.0202698 0.252946  0.726785
2220 0.371019 0.221147  0.407834
3807 0.378905 0.0998004  0.521294
1943 0.148739 0.503946  0.347315
7063 0.569142 0.321429  0.109429
2589 0.267186 0.349764  0.38305
2905 0.338912 0.60789  0.0531978
3589 0.326584 0.623978  0.0494387
8396 0.340224 0.0780164  0.58176
8403 0.143838 0.463153  0.393009
4639 0.323747 0.327921  0.348332
7287 0.515347 0.334464  0.150189
4187 0.390559 0.340547  0.268894
6445 0.198762 0.480728  0.32051
2212 0.200527 0.364972  0.434501
8896 0.294343 0.416174  0.289483
8754 0.389837 0.406552  0.203611
9910 0.0635435 0.551499  0.384958
4630 0.339757 0.335764  0.324479
2655 0.403708 0.290906  0.305385
4240 0.136549 0.4014  0.46205
5094 0.167224 0.413564  0.419212
7927 0.233758 0.291922  0.47432
1439 0.261302 0.433437  0.305261
1525 0.135066 0.0361394  0.828795
5442 0.110977 0.609799  0.279225
3642 0.463177 0.0207434  0.516079
2018 0.543616 0.197155  0.25923
3695 0.439662 0.356866  0.203472
5066 0.148835 0.377495  0.47367
3720 0.0766321 0.522173  0.401195
3093 0.412069 0.441898  0.146032
6366 0.360575 0.203288  0.436138
8613 0.418025 0.246729  0.335246
7897 0.439498 0.183928  0.376574
5193 0.173073 0.371458  0.455469
1359 0.361151 0.473857  0.164992
6993 0.596418 0.0776603  0.325922
4639 0.559453 0.175982  0.264565
9444 0.158385 0.144483  0.697132
5629 0.0084905 0.549577  0.441932
4032 0.16063 0.446244  0.393126
7631 0.283677 0.42162  0.294703
8202 0.581085 0.103183  0.315732
2674 0.0153406 0.40219  0.582469
2542 0.173866 0.130119  0.696015
5395 0.394628 0.0619073  0.543465
2448 0.394793 0.259903  0.345305
5843 0.333612 0.0583072  0.60808
3377 0.545976 0.247911  0.206113
7878 0.262121 0.595351  0.142529
4412 0.163437 0.648246  0.188318
6938 0.301206 0.481336  0.217458
5883 0.363853 0.226136  0.41001
1926 0.139822 0.0121879  0.84799
219 0.0574575 0.57184  0.370702
2623 0.308241 0.189777  0.501983
4255 0.395364 0.214996  0.389639
3687 0.437517 0.162305  0.400178
7896 0.341097 0.299436  0.359467
3607 0.554439 0.233601  0.21196
1181 0.182585 0.56035  0.257064
5007 0.379996 0.330119  0.289886
7415 0.0595883 0.618509  0.321903
2649 0.30043 0.261039  0.438531
1239 0.131901 0.210135  0.657964
1726 0.213079 0.442378  0.344543
9382 0.474676 0.442657  0.0826674
3614 0.251197 0.380828  0.367975
621 0.680051 0.0529431  0.267006
5455 0.428474 0.316316  0.25521
2787 0.540109 0.303928  0.155963
3394 0.351318 0.505203  0.143479
768 0.780852 0.0319128  0.187235
2202 0.415275 0.184016  0.400709
3541 0.413825 0.26446  0.321715
2796 0.373469 0.185601  0.44093
3937 0.341975 0.524272  0.133753
7285 0.463658 0.130285  0.406057
7714 0.0232435 0.297464  0.679293
3331 0.602879 0.311436  0.0856851
1700 0.14608 0.445594  0.408326
2297 0.723679 0.165688  0.110633
9684 0.368252 0.310157  0.321591
4805 0.40359 0.363251  0.23316
7810 0.509389 0.402284  0.0883273
2762 0.386312 0.463585  0.150103
3213 0.243568 0.486327  0.270105
3693 0.332407 0.376778  0.290814
9345 0.485483 0.115811  0.398706
4973 0.0895821 0.641437  0.268981
6249 0.407147 0.302309  0.290544
4490 0.654591 0.241902  0.103508
7747 0.154137 0.499828  0.346035
3918 0.406512 0.261179  0.332309
4523 0.145951 0.499251  0.354798
7605 0.366481 0.0620697  0.571449
999 0.339382 0.126741  0.533876
2343 0.224762 0.24418  0.531058
3804 0.472004 0.230848  0.297148
2406 0.363874 0.238984  0.397142
3476 0.118908 0.0503283  0.830764
2415 0.477896 0.0311126  0.490991
439 0.112681 0.438493  0.448826
104 0.279125 0.299652  0.421223
6165 0.306261 0.469707  0.224032
240 0.111459 0.746821  0.14172
7405 0.309041 0.251174  0.439785
5400 0.396906 0.146199  0.456895
4534 0.294406 0.333559  0.372036
2387 0.589694 0.381292  0.0290141
3416 0.391969 0.446753  0.161278
7119 0.293396 0.454403  0.252201
4678 0.0444792 0.376038  0.579483
1984 0.411621 0.153372  0.435007
631 0.435939 0.0356273  0.528434
2017 0.0276139 0.604062  0.368324
9082 0.263046 0.360085  0.376869
2909 0.371447 0.556075  0.072478
5261 0.425763 0.218161  0.356076
1247 0.20846 0.591398  0.200143
1958 0.0608614 0.284708  0.65443
5376 0.698766 0.277256  0.0239783
6691 0.168791 0.776092  0.0551179
4593 0.228964 0.456217  0.314819
194 0.207408 0.70979  0.0828019
9548 0.0965837 0.440746  0.462671
4630 0.108129 0.523801  0.36807
9305 0.297636 0.352577  0.349787
8648 0.454071 0.450336  0.0955931
2968 0.774944 0.209873  0.0151834
