7404 0.470933 0.246645  0.282422
683 0.674348 0.0334972  0.292154
10923 0.467637 0.445559  0.0868041
749 0.342091 0.272843  0.385066
10792 0.238742 0.390219  0.371039
11615 0.21931 0.26185  0.51884
7960 0.134997 0.547141  0.317863
10453 0.0544737 0.474396  0.47113
3371 0.701785 0.21554  0.0826754
1610 0.351282 0.183322  0.465395
897 0.173531 0.256163  0.570306
11430 0.281269 0.615354  0.103377
998 0.2267 0.344319  0.42898
9708 0.552461 0.304363  0.143176
15 0.618354 0.334914  0.046732
11364 0.198896 0.42502  0.376084
373 0.328352 0.24899  0.422658
5323 0.314672 0.343308  0.34202
6987 0.690277 0.149448  0.160275
1811 0.493697 0.457866  0.048437
7760 0.195509 0.358432  0.44606
1712 0.159442 0.311846  0.528712
6260 0.176449 0.596828  0.226723
4039 0.423553 0.409  0.167448
5647 0.125035 0.72395  0.151015
10892 0.11705 0.352901  0.530048
7559 0.154516 0.281657  0.563827
5109 0.215096 0.358416  0.426488
4846 0.080888 0.328478  0.590634
11425 0.383324 0.397875  0.218801
1468 0.0478962 0.480015  0.472089
1035 0.245038 0.0726144  0.682347
4431 0.481484 0.264449  0.254066
10864 0.521353 0.123184  0.355463
3535 0.602224 0.209851  0.187925
3212 0.714444 0.0192746  0.266282
2934 0.415307 0.24497  0.339722
11583 0.401483 0.303514  0.295003
990 0.473767 0.428767  0.0974661
11635 0.307094 0.503512  0.189395
9182 0.431624 0.0378022  0.530574
8281 0.161525 0.330502  0.507973
9790 0.466333 0.219392  0.314276
10501 0.329798 0.298493  0.371709
6555 0.352992 0.415571  0.231438
281 0.176484 0.225514  0.598003
2660 0.365837 0.506459  0.127704
9922 0.534113 0.0695671  0.39632
11371 0.467845 0.18516  0.346995
7266 0.412253 0.234768  0.352978
7054 0.366035 0.100552  0.533413
11970 0.0447465 0.277185  0.678068
10283 0.796401 0.115526  0.0880724
5556 0.188995 0.705955  0.10505
2952 0.241902 0.608918  0.14918
3547 0.140227 0.468422  0.391351
11446 0.409262 0.0606312  0.530107
9680 0.10912 0.862004  0.0288758
1114 0.661167 0.318604  0.0202286
6993 0.450422 0.120328  0.42925
1647 0.129033 0.0645871  0.806379
2643 0.590208 0.0472585  0.362533
11432 0.418229 0.251615  0.330156
4138 0.162459 0.335614  0.501928
9519 0.198261 0.403287  0.398451
10504 0.841794 0.13187  0.0263362
5624 0.208271 0.388624  0.403105
3647 0.536097 0.0497167  0.414186
3428 0.62639 0.116642  0.256967
1606 0.105239 0.260521  0.63424
6312 0.682376 0.119158  0.198465
11470 0.12397 0.428257  0.447772
1218 0.193196 0.345474  0.46133
11559 0.0676396 0.71269  0.219671
9055 0.437754 0.152598  0.409648
8682 0.0881751 0.437897  0.473928
827 0.489971 0.16413  0.3459
11632 0.190797 0.649555  0.159647
10165 0.283708 0.306081  0.410211
9728 0.405851 0.0724563  0.521693
9400 0.342788 0.37308  0.284132
9565 0.515777 0.165889  0.318334
771 0.476294 0.292482  0.231224
5249 0.427055 0.23066  0.342285
3869 0.236698 0.361169  0.402133
6637 0.127542 0.565022  0.307436
8589 0.283304 0.362333  0.354363
2902 0.0221361 0.637397  0.340466
9009 0.188077 0.288983  0.52294
1474 0.144274 0.841417  0.0143087
5295 0.227358 0.197976  0.574666
305 0.393988 0.551003  0.0550091
9377 0.439938 0.394119  0.165943
9217 0.38578 0.0994869  0.514733
1766 0.332238 0.372271  0.29549
432 0.183044 0.483752  0.333203
10838 0.271751 0.21562  0.512629
2464 0.394418 0.368287  0.237294
5016 0.566723 0.141042  0.292235
9019 0.217118 0.303195  0.479687
11128 0.466771 0.0207543  0.512475
5496 0.197736 0.474204  0.32806
9145 0.322069 0.411475  0.266455
4566 0.394294 0.349245  0.256461
2422 0.00949407 0.273276  0.71723
6980 0.224608 0.18979  0.585602
4057 0.203278 0.349774  0.446948
331 0.498566 0.0512168  0.450218
7823 0.567808 0.0868593  0.345332
4559 0.387896 0.315262  0.296843
10307 0.195151 0.300773  0.504076
10574 0.0242552 0.307899  0.667846
9754 0.821809 0.108498  0.0696934
11143 0.0551025 0.389124  0.555773
6836 0.496964 0.243671  0.259364
11665 0.113741 0.583771  0.302488
10593 0.264044 0.19016  0.545797
70 0.439627 0.0894763  0.470897
11398 0.458384 0.165992  0.375624
7851 0.41909 0.555926  0.0249836
4792 0.588249 0.300784  0.110967
2777 0.312305 0.0674056  0.620289
2679 0.394179 0.401078  0.204743
3909 0.69495 0.0762862  0.228764
10626 0.595251 0.00945848  0.39529
2760 0.287681 0.321638  0.390682
10649 0.343997 0.445393  0.21061
5442 0.622065 0.174582  0.203353
7641 0.0577233 0.704215  0.238061
1015 0.348142 0.299559  0.352299
11134 0.346876 0.306386  0.346738
8863 0.532057 0.154498  0.313445
8859 0.201898 0.355882  0.44222
2800 0.533702 0.103179  0.36312
3192 0.479322 0.288236  0.232442
11839 0.319836 0.353905  0.326259
8636 0.1584 0.382843  0.458757
2360 0.23295 0.549491  0.217559
12022 0.36821 0.382414  0.249376
2957 0.416982 0.317588  0.265429
4550 0.32008 0.359347  0.320573
11740 0.326938 0.292834  0.380228
8500 0.294007 0.61331  0.0926839
11753 0.461264 0.198036  0.3407
538 0.554409 0.395794  0.049797
11929 0.290381 0.373719  0.335901
9550 0.212283 0.587672  0.200045
2960 0.215035 0.0649429  0.720022
10434 0.157844 0.382122  0.460034
10840 0.269432 0.188766  0.541802
1383 0.495152 0.15627  0.348578
9230 0.164921 0.309064  0.526015
1980 0.321618 0.410493  0.267889
7401 0.40666 0.335952  0.257389
4242 0.378888 0.130666  0.490446
7896 0.361486 0.624058  0.0144562
849 0.351742 0.212075  0.436182
4692 0.631688 0.136686  0.231626
757 0.421559 0.125457  0.452984
6113 0.0368853 0.5874  0.375715
6708 0.280083 0.102057  0.61786
10809 0.317984 0.279118  0.402898
3145 0.635023 0.0282395  0.336737
3776 0.0790571 0.76365  0.157293
10122 0.435495 0.204869  0.359636
4544 0.216153 0.462516  0.321331
1325 0.387792 0.0931631  0.519045
10371 0.406808 0.532586  0.0606056
10777 0.296413 0.191476  0.512111
8589 0.384908 0.444643  0.170449
9979 0.357205 0.332234  0.310561
538 0.34221 0.283064  0.374726
4217 0.334218 0.404283  0.261499
7072 0.464656 0.0451631  0.490181
498 0.301143 0.364964  0.333893
3239 0.19953 0.277613  0.522857
777 0.0255515 0.530278  0.444171
3770 0.0985069 0.429548  0.471945
3801 0.334334 0.406621  0.259046
6305 0.227109 0.389047  0.383844
578 0.0613063 0.484416  0.454278
622 0.318811 0.354672  0.326517
3686 0.608549 0.303797  0.0876541
10849 0.483363 0.254019  0.262618
9245 0.468312 0.0197454  0.511942
1753 0.41326 0.351361  0.23538
10590 0.464119 0.107929  0.427952
11730 0.279661 0.157502  0.562836
10139 0.380215 0.0964642  0.523321
3555 0.465111 0.100386  0.434503
3172 0.363469 0.054561  0.58197
11796 0.513553 0.0287049  0.457742
8258 0.257707 0.378836  0.363456
5583 0.422126 0.222531  0.355343
1108 0.129983 0.465448  0.404569
8922 0.384543 0.466576  0.148881
7324 0.286932 0.698282  0.0147861
8691 0.341092 0.494019  0.164888
7096 0.595797 0.38578  0.0184237
10083 0.741877 0.0280892  0.230034
4325 0.3496 0.255484  0.394915
6936 0.414384 0.071831  0.513785
5496 0.214419 0.387789  0.397793
6611 0.564896 0.0655375  0.369566
4158 0.362849 0.151868  0.485282
6977 0.245671 0.418109  0.33622
6093 0.141209 0.459163  0.399628
5793 0.143492 0.481454  0.375054
9104 0.625725 0.189157  0.185117
10828 0.400123 0.0854968  0.514381
6229 0.114493 0.424949  0.460559
9890 0.134452 0.215147  0.650401
4600 0.365572 0.161767  0.472661
4386 0.154347 0.439611  0.406042
3297 0.518426 0.266454  0.21512
8555 0.673108 0.0826369  0.244255
1923 0.182386 0.392113  0.425501
5471 0.153665 0.41232  0.434015
8622 0.480333 0.345915  0.173753
4764 0.496531 0.325778  0.177691
2443 0.477973 0.432885  0.0891415
7875 0.0689076 0.354349  0.576743
4816 0.394205 0.0673487  0.538446
9560 0.0915242 0.211829  0.696647
2304 0.285551 0.516407  0.198043
5524 0.334545 0.346215  0.31924
1601 0.317303 0.342872  0.339825
7508 0.451103 0.460051  0.0888461
5663 0.375986 0.224926  0.399088
2849 0.448863 0.260276  0.29086
994 0.0797405 0.450258  0.470001
8622 0.505317 0.474271  0.0204122
11199 0.336789 0.150811  0.512401
1506 0.559454 0.0558657  0.384681
10459 0.294784 0.335804  0.369412
8175 0.496361 0.460831  0.0428075
7946 0.0754376 0.44341  0.481152
492 0.394204 0.3911  0.214696
6006 0.481175 0.250286  0.268539
1089 0.201597 0.665806  0.132597
611 0.224911 0.40563  0.36946
6860 0.384166 0.372898  0.242936
2315 0.0976651 0.275547  0.626788
2569 0.158518 0.0172792  0.824203
9025 0.248331 0.352376  0.399293
406 0.354572 0.328668  0.31676
2780 0.250035 0.538227  0.211738
5530 0.386031 0.224091  0.389877
4831 0.11926 0.422457  0.458284
1530 0.332378 0.568723  0.0988992
5958 0.0515797 0.690162  0.258258
5485 0.356506 0.632554  0.0109403
7893 0.471402 0.176376  0.352222
22 0.144464 0.618162  0.237374
6543 0.574255 0.401738  0.0240072
3761 0.108673 0.171473  0.719854
3400 0.160081 0.323925  0.515993
6768 0.17975 0.406634  0.413616
11955 0.720574 0.233951  0.0454749
4296 0.401395 0.496264  0.102341
8725 0.219547 0.369617  0.410837
5097 0.400197 0.271214  0.328589
10396 0.240529 0.392204  0.367267
6715 0.462116 0.40044  0.137444
3318 0.425765 0.177827  0.396408
9560 0.148281 0.230103  0.621616
290 0.131493 0.267809  0.600698
4333 0.465946 0.452849  0.0812052
10193 0.352285 0.314042  0.333673
1033 0.520432 0.360268  0.1193
11838 0.0152225 0.730909  0.253869
8365 0.297299 0.422917  0.279784
10271 0.354464 0.5021  0.143436
5236 0.296493 0.380517  0.32299
5196 0.46513 0.266226  0.268644
2609 0.661522 0.153947  0.184531
8775 0.105558 0.438466  0.455976
10361 0.28978 0.318468  0.391752
7788 0.560556 0.156556  0.282887
4175 0.337075 0.336578  0.326347
4006 0.267051 0.432573  0.300377
135 0.227608 0.389803  0.38259
3972 0.374175 0.358548  0.267277
4301 0.494914 0.175715  0.329371
9710 0.683985 0.0509862  0.265029
1211 0.386042 0.219223  0.394736
8785 0.455078 0.380379  0.164543
8311 0.288525 0.301865  0.409609
11362 0.0150595 0.706975  0.277966
9719 0.196912 0.569827  0.233261
11230 0.280629 0.358454  0.360917
4213 0.124839 0.066733  0.808428
2593 0.436301 0.449107  0.114592
5746 0.350819 0.0971119  0.55207
9265 0.147813 0.442576  0.409611
11985 0.314943 0.424359  0.260698
10684 0.19547 0.283073  0.521458
4625 0.47212 0.149629  0.378251
10049 0.292256 0.230923  0.476822
11004 0.392545 0.472103  0.135353
6379 0.227166 0.174689  0.598145
2076 0.327431 0.36442  0.308149
2561 0.489305 0.400979  0.109716
2458 0.408566 0.134733  0.4567
7700 0.457044 0.46981  0.0731462
428 0.0962628 0.108396  0.795341
4706 0.460019 0.276435  0.263546
11482 0.455424 0.462353  0.0822239
5287 0.302385 0.524031  0.173585
6088 0.503048 0.0885625  0.40839
11942 0.317936 0.577256  0.104808
8786 0.282954 0.694655  0.0223911
5075 0.278279 0.293021  0.4287
5901 0.0235474 0.530628  0.445825
6744 0.254663 0.453547  0.29179
3251 0.358531 0.285889  0.35558
2679 0.453781 0.0817302  0.464489
2012 0.673655 0.195778  0.130567
8172 0.333714 0.533811  0.132475
11905 0.3445 0.26824  0.387259
7839 0.554122 0.281811  0.164067
9716 0.938938 0.0510655  0.00999621
8097 0.350977 0.392398  0.256626
3260 0.280959 0.411212  0.307829
3119 0.0604914 0.182447  0.757061
7778 0.450375 0.0751025  0.474523
1207 0.0354646 0.144555  0.819981
5100 0.264537 0.381402  0.354061
7790 0.0957307 0.747474  0.156796
5506 0.251226 0.535364  0.213411
9480 0.258385 0.423176  0.31844
2247 0.596099 0.298046  0.105855
2586 0.270169 0.457104  0.272727
3824 0.242809 0.2295  0.527692
7484 0.528542 0.293402  0.178056
2810 0.531601 0.276707  0.191692
4569 0.33271 0.425005  0.242286
8043 0.0164447 0.706789  0.276766
553 0.419603 0.333316  0.247081
5400 0.339135 0.127366  0.533499
3644 0.275015 0.663254  0.0617309
10485 0.165526 0.346651  0.487823
6794 0.260947 0.346123  0.392929
4828 0.0221075 0.543469  0.434424
6133 0.308172 0.347226  0.344602
9855 0.512091 0.220988  0.266921
6664 0.451122 0.252664  0.296215
7701 0.389662 0.185452  0.424887
3043 0.31105 0.409178  0.279772
1529 0.35268 0.294285  0.353036
7831 0.187576 0.397812  0.414612
7370 0.422814 0.234991  0.342195
3125 0.434616 0.554511  0.0108736
1128 0.0804022 0.40759  0.512008
1807 0.375302 0.434671  0.190027
4568 0.529378 0.166515  0.304106
3831 0.497783 0.0687892  0.433428
5308 0.190926 0.296271  0.512804
4564 0.0808098 0.334397  0.584794
4923 0.384585 0.394171  0.221244
9505 0.420875 0.166747  0.412378
5965 0.108967 0.378236  0.512798
9916 0.420103 0.255764  0.324133
12046 0.272006 0.322592  0.405402
3 0.35335 0.285282  0.361368
5407 0.351754 0.350586  0.29766
5549 0.438552 0.445498  0.11595
3472 0.174367 0.553386  0.272247
3218 0.592457 0.0709969  0.336546
8010 0.0677389 0.126529  0.805732
12077 0.175275 0.343221  0.481504
112 0.154498 0.400364  0.445138
9750 0.235094 0.56196  0.202945
2488 0.469367 0.311654  0.218979
3185 0.35137 0.217151  0.431479
11701 0.3967 0.397012  0.206288
7498 0.275053 0.192876  0.532071
3291 0.451231 0.144038  0.404732
5972 0.0800051 0.499643  0.420352
4628 0.373634 0.0859428  0.540423
8877 0.28413 0.261878  0.453992
11430 0.331144 0.110799  0.558057
1982 0.229192 0.545859  0.224948
6112 0.406568 0.326487  0.266945
9256 0.0780912 0.529328  0.392581
5011 0.458586 0.136138  0.405276
3903 0.349557 0.349943  0.300499
9421 0.362574 0.236147  0.401279
10100 0.325723 0.441053  0.233224
340 0.446083 0.0245956  0.529321
724 0.394094 0.288658  0.317248
10563 0.368993 0.435126  0.195881
6745 0.366581 0.43209  0.201329
2817 0.0365397 0.567407  0.396053
743 0.148464 0.493856  0.35768
3232 0.0388692 0.52529  0.435841
4566 0.414606 0.440747  0.144647
7721 0.125799 0.421999  0.452202
8939 0.336562 0.0883412  0.575097
1186 0.490569 0.386257  0.123174
5907 0.343488 0.211689  0.444823
8312 0.169269 0.241637  0.589093
2753 0.298059 0.321317  0.380624
4347 0.509234 0.0801821  0.410584
2829 0.393409 0.520552  0.0860385
6982 0.264714 0.701195  0.0340902
4201 0.345175 0.288911  0.365914
106 0.421711 0.522211  0.0560772
8570 0.404207 0.224724  0.371069
7642 0.590731 0.250944  0.158325
2071 0.270581 0.211803  0.517616
3635 0.445578 0.122704  0.431718
9384 0.153455 0.546833  0.299711
10513 0.300466 0.146064  0.55347
10162 0.363534 0.466654  0.169812
6005 0.443218 0.490497  0.066285
11927 0.10391 0.377834  0.518256
11276 0.246634 0.723005  0.0303612
11390 0.244904 0.0503568  0.704739
8285 0.174122 0.4867  0.339178
11516 0.0588706 0.443066  0.498063
4579 0.44105 0.235715  0.323236
4605 0.321655 0.346286  0.332059
4627 0.0659752 0.18394  0.750085
1174 0.289015 0.37874  0.332245
11474 0.417409 0.568298  0.0142934
7984 0.39579 0.314227  0.289983
5230 0.645316 0.270752  0.0839324
812 0.125642 0.322266  0.552092
4498 0.222175 0.422561  0.355264
10209 0.0481779 0.0775481  0.874274
10574 0.266604 0.156848  0.576548
252 0.182394 0.303333  0.514272
12068 0.358112 0.372529  0.269359
11314 0.0101144 0.482327  0.507559
689 0.0444161 0.638622  0.316962
7152 0.29075 0.426216  0.283034
264 0.35385 0.617261  0.0288894
2620 0.487521 0.312008  0.200471
5161 0.369172 0.27378  0.357048
5676 0.203365 0.248008  0.548626
2868 0.248287 0.336395  0.415318
8919 0.437662 0.514897  0.0474409
3088 0.29415 0.689988  0.0158616
7148 0.495559 0.382538  0.121903
8895 0.290176 0.65397  0.0558545
1017 0.452463 0.442429  0.105108
6187 0.773098 0.0616172  0.165285
5687 0.599411 0.126557  0.274032
6468 0.248848 0.433161  0.317991
3312 0.329389 0.332831  0.33778
9273 0.0374503 0.341272  0.621277
4594 0.422268 0.23457  0.343162
8102 0.0621566 0.335737  0.602107
1435 0.758206 0.131719  0.110075
6132 0.0933464 0.832198  0.074456
1537 0.307035 0.345934  0.347031
8539 0.506558 0.0435761  0.449866
5546 0.395062 0.576368  0.0285697
7613 0.331996 0.639235  0.0287687
9002 0.297055 0.0762546  0.62669
11100 0.468184 0.249741  0.282075
5230 0.182595 0.35213  0.465275
6847 0.494302 0.0090925  0.496606
4602 0.0371902 0.230938  0.731872
8878 0.103405 0.218627  0.677968
2703 0.37637 0.175769  0.447861
8296 0.464922 0.344812  0.190267
2826 0.330211 0.441641  0.228147
10384 0.544177 0.0891833  0.36664
2526 0.504617 0.0241345  0.471248
9025 0.381112 0.138991  0.479897
1666 0.241011 0.384281  0.374708
5491 0.400471 0.282566  0.316963
5749 0.582038 0.0343465  0.383615
5783 0.594569 0.35017  0.0552609
3190 0.491078 0.11617  0.392752
2822 0.43936 0.332183  0.228457
95 0.0934883 0.594996  0.311516
10890 0.282619 0.583545  0.133836
2688 0.367481 0.309029  0.323491
2219 0.367865 0.294478  0.337658
248 0.344198 0.359687  0.296115
4218 0.288417 0.411187  0.300396
1645 0.314844 0.398356  0.2868
5447 0.431212 0.302387  0.266401
4427 0.107306 0.494305  0.398389
201 0.709528 0.13885  0.151623
9519 0.29252 0.302912  0.404567
8237 0.165997 0.66801  0.165993
11205 0.10578 0.471853  0.422367
12050 0.445732 0.109996  0.444272
9756 0.459431 0.0723707  0.468198
5664 0.136677 0.356929  0.506394
2529 0.321538 0.0473712  0.631091
2866 0.406676 0.184068  0.409256
5812 0.207247 0.329571  0.463183
2225 0.737817 0.221602  0.0405809
12067 0.317099 0.191357  0.491544
1818 0.251765 0.23453  0.513705
9147 0.528494 0.1361  0.335407
11898 0.476692 0.294033  0.229275
4584 0.34923 0.459253  0.191517
3507 0.124676 0.365361  0.509963
2438 0.703804 0.0100141  0.286182
10441 0.106448 0.595782  0.29777
8106 0.522009 0.417916  0.0600755
10599 0.140701 0.631587  0.227712
6226 0.159519 0.475879  0.364601
2707 0.280589 0.377633  0.341778
657 0.0734738 0.700432  0.226095
8224 0.500173 0.152374  0.347453
5582 0.0492706 0.729426  0.221304
1195 0.207852 0.293538  0.49861
11348 0.601624 0.225118  0.173258
9572 0.189042 0.408343  0.402615
3519 0.29939 0.260485  0.440126
569 0.263572 0.420381  0.316048
4036 0.0326556 0.499591  0.467753
2096 0.319876 0.241562  0.438562
4469 0.518351 0.102051  0.379598
4986 0.38247 0.309879  0.307651
9575 0.200252 0.582186  0.217562
12065 0.144819 0.372288  0.482893
2491 0.470378 0.190952  0.338669
6937 0.0126917 0.613284  0.374024
7748 0.00938675 0.310305  0.680309
2855 0.373578 0.0217681  0.604654
4055 0.387555 0.480861  0.131584
1275 0.445521 0.356357  0.198122
7674 0.534158 0.221604  0.244238
179 0.345706 0.323188  0.331106
8264 0.172575 0.477106  0.350319
1978 0.289052 0.242401  0.468547
3330 0.384817 0.0463298  0.568853
7622 0.557157 0.0924422  0.350401
2916 0.218796 0.62427  0.156934
6184 0.473539 0.0513845  0.475077
2971 0.592172 0.331536  0.0762925
3010 0.313154 0.245118  0.441728
5657 0.360198 0.309028  0.330774
11681 0.430084 0.121769  0.448147
11157 0.229141 0.406328  0.364531
10565 0.24586 0.370163  0.383978
5402 0.300679 0.496635  0.202685
1358 0.100473 0.204189  0.695338
8954 0.340283 0.303158  0.356559
7667 0.325497 0.375144  0.299359
10091 0.0502334 0.441915  0.507851
8909 0.213091 0.195421  0.591487
1344 0.220002 0.375474  0.404524
843 0.139613 0.374414  0.485973
2385 0.353214 0.116232  0.530554
1391 0.167737 0.792466  0.0397979
11128 0.282351 0.273868  0.443781
8041 0.436694 0.365227  0.19808
2771 0.117724 0.309623  0.572653
3627 0.0588154 0.383904  0.55728
9385 0.0813938 0.430669  0.487938
6539 0.424161 0.483923  0.0919153
10710 0.559726 0.40966  0.0306135
11761 0.816913 0.0994277  0.0836594
10203 0.497408 0.368967  0.133625
8487 0.443335 0.29009  0.266575
4009 0.457673 0.365538  0.176789
3458 0.141386 0.391366  0.467248
8990 0.313236 0.255579  0.431184
8259 0.303248 0.33025  0.366502
8608 0.0588444 0.400246  0.54091
3752 0.325054 0.365112  0.309833
8496 0.395749 0.324411  0.27984
8365 0.325028 0.413532  0.26144
5675 0.356692 0.307077  0.33623
4942 0.494153 0.231743  0.274104
2709 0.225142 0.567336  0.207522
8924 0.341217 0.0196618  0.639121
2806 0.326251 0.379537  0.294212
11026 0.599787 0.156752  0.24346
9920 0.0558631 0.37937  0.564767
175 0.62897 0.203981  0.167049
3919 0.0708559 0.718915  0.210229
754 0.654283 0.0464698  0.299248
5424 0.0860553 0.39679  0.517155
10535 0.448235 0.399995  0.151771
3352 0.390329 0.380064  0.229607
11117 0.578394 0.201402  0.220203
777 0.31679 0.294444  0.388766
10749 0.370134 0.150078  0.479788
2787 0.227612 0.183928  0.58846
7074 0.180857 0.317317  0.501826
385 0.250248 0.406245  0.343507
315 0.593654 0.0361584  0.370187
8864 0.0859284 0.631714  0.282358
2840 0.614903 0.205785  0.179312
4798 0.248713 0.688494  0.0627933
10132 0.676915 0.0176158  0.305469
6888 0.242194 0.237523  0.520283
8220 0.273397 0.0955867  0.631017
7628 0.439806 0.0937486  0.466446
1480 0.410552 0.33582  0.253629
8022 0.393645 0.238895  0.36746
2651 0.296422 0.378444  0.325134
9126 0.332957 0.315586  0.351457
8770 0.297181 0.11611  0.586708
10379 0.330676 0.0306688  0.638655
6384 0.447298 0.431079  0.121622
4568 0.539209 0.160171  0.300619
744 0.231629 0.438201  0.33017
5442 0.421121 0.408456  0.170424
3649 0.200256 0.0957908  0.703953
504 0.179655 0.409886  0.410459
10538 0.29922 0.534153  0.166627
10352 0.545455 0.109332  0.345213
2129 0.301412 0.559345  0.139243
6758 0.802969 0.146526  0.0505052
584 0.266791 0.0758406  0.657369
2377 0.620115 0.256979  0.122906
1871 0.271796 0.0738799  0.654324
8174 0.133018 0.177934  0.689048
8456 0.283362 0.360283  0.356356
5374 0.408113 0.491324  0.100562
5651 0.471058 0.209868  0.319073
11938 0.44397 0.27025  0.28578
8796 0.1402 0.616007  0.243793
11875 0.148786 0.430754  0.42046
8279 0.0306361 0.169387  0.799977
11790 0.356159 0.0336599  0.610181
5872 0.0806061 0.900911  0.0184829
6763 0.29599 0.449135  0.254876
3712 0.318071 0.35705  0.32488
8219 0.0146753 0.38706  0.598264
7637 0.14189 0.532651  0.325459
7234 0.0345849 0.734006  0.231409
6517 0.0806923 0.226303  0.693005
2456 0.391093 0.0797231  0.529184
8331 0.295732 0.451147  0.253122
8445 0.22492 0.00919397  0.765887
6526 0.667367 0.19503  0.137602
3645 0.402523 0.0253949  0.572082
5799 0.532564 0.271304  0.196132
1330 0.272758 0.471361  0.255881
7035 0.769787 0.155214  0.0749992
6616 0.195938 0.498608  0.305454
2777 0.543602 0.383598  0.0727998
7684 0.55753 0.147265  0.295204
317 0.268467 0.352381  0.379152
10669 0.13791 0.587627  0.274463
9456 0.194711 0.637658  0.167631
9841 0.40722 0.487382  0.105398
8452 0.250045 0.286091  0.463864
7321 0.479743 0.175238  0.345019
6584 0.419581 0.346811  0.233608
9443 0.530703 0.277097  0.1922
5076 0.478103 0.369282  0.152614
1432 0.247209 0.383993  0.368798
1716 0.266819 0.43119  0.301991
11990 0.537621 0.0415522  0.420827
7578 0.317207 0.576672  0.10612
10422 0.220647 0.356512  0.422841
5963 0.19798 0.28995  0.512071
6944 0.575194 0.165502  0.259304
2337 0.316594 0.297523  0.385884
2694 0.291093 0.24626  0.462647
1564 0.563617 0.0658396  0.370543
2547 0.602877 0.0532585  0.343865
2764 0.0994046 0.340124  0.560471
8720 0.573282 0.131727  0.294991
11862 0.473982 0.231098  0.29492
7868 0.368891 0.328078  0.303031
2618 0.701631 0.176947  0.121421
2995 0.186686 0.470739  0.342575
8523 0.671405 0.145168  0.183427
4248 0.266299 0.628891  0.10481
8555 0.230461 0.377012  0.392528
6077 0.16419 0.42567  0.41014
6499 0.395808 0.314328  0.289864
11207 0.360834 0.116765  0.522401
8279 0.38839 0.465926  0.145684
10216 0.403218 0.460789  0.135993
1140 0.376174 0.353851  0.269975
816 0.457491 0.338533  0.203976
1865 0.469886 0.492396  0.0377178
11742 0.210398 0.57021  0.219392
7329 0.358215 0.278061  0.363724
6461 0.555845 0.241818  0.202337
7200 0.293053 0.414586  0.292361
7723 0.161916 0.786073  0.0520113
6364 0.636897 0.157747  0.205356
1701 0.282017 0.480502  0.237481
2900 0.410821 0.309389  0.27979
9454 0.189452 0.518545  0.292003
8527 0.207354 0.580895  0.211751
9516 0.112263 0.364631  0.523106
6681 0.541374 0.408773  0.0498524
291 0.272674 0.541955  0.185371
1625 0.16405 0.108082  0.727868
2225 0.284515 0.391747  0.323738
1979 0.432008 0.542832  0.0251596
6615 0.284174 0.267108  0.448719
4012 0.043107 0.462704  0.494189
8252 0.297698 0.352171  0.350131
1932 0.359183 0.0948164  0.546001
6683 0.256069 0.244053  0.499878
9804 0.363412 0.243457  0.393131
3047 0.541226 0.269412  0.189362
7576 0.309779 0.433681  0.256539
10892 0.36093 0.217973  0.421097
10642 0.182313 0.541302  0.276386
9037 0.319299 0.116048  0.564653
7637 0.365133 0.337152  0.297715
8342 0.150296 0.329874  0.51983
3365 0.394894 0.0217528  0.583353
10143 0.394932 0.481781  0.123287
2733 0.48192 0.207461  0.310619
10915 0.438376 0.139912  0.421712
12083 0.51637 0.41138  0.0722497
3503 0.940271 0.0351138  0.0246151
1243 0.400624 0.252715  0.346661
2476 0.332483 0.542619  0.124898
1696 0.706064 0.100472  0.193464
7884 0.415311 0.238292  0.346397
10467 0.0519738 0.693884  0.254142
8168 0.184972 0.444265  0.370763
2914 0.0923669 0.621516  0.286117
11984 0.231142 0.437863  0.330995
2237 0.154762 0.552254  0.292984
11982 0.3585 0.212702  0.428798
11909 0.439321 0.405023  0.155655
11543 0.161554 0.49101  0.347436
4967 0.421131 0.330337  0.248532
4631 0.122869 0.459418  0.417713
1533 0.775666 0.0487795  0.175554
10593 0.288903 0.277091  0.434006
921 0.459948 0.53074  0.00931224
5224 0.552854 0.138924  0.308222
6529 0.235298 0.416794  0.347908
7334 0.647488 0.247077  0.105435
6887 0.233208 0.18399  0.582802
3565 0.25662 0.27238  0.471
3140 0.0641922 0.383512  0.552296
8042 0.184966 0.136821  0.678213
332 0.255612 0.337936  0.406452
2746 0.214923 0.430272  0.354805
849 0.355404 0.147096  0.4975
6848 0.110287 0.522882  0.366831
11497 0.305635 0.235449  0.458915
3671 0.319696 0.345109  0.335195
1642 0.290223 0.6768  0.0329772
7385 0.377295 0.308605  0.314101
3965 0.0733457 0.729757  0.196897
9657 0.315539 0.361446  0.323015
6490 0.449851 0.0700474  0.480102
3636 0.653184 0.16881  0.178006
2226 0.0586949 0.83244  0.108865
5706 0.376927 0.311751  0.311321
10622 0.230024 0.53117  0.238806
5696 0.486287 0.153537  0.360175
8393 0.357531 0.315043  0.327426
241 0.0248407 0.756585  0.218575
1591 0.307926 0.477215  0.214859
5889 0.523607 0.398059  0.078334
6472 0.0316445 0.305951  0.662404
956 0.112927 0.166126  0.720947
7554 0.436895 0.40637  0.156735
2338 0.580686 0.0229028  0.396411
1002 0.347558 0.351623  0.300819
9455 0.832093 0.0234307  0.144476
7500 0.0717559 0.487237  0.441007
8029 0.5017 0.216484  0.281817
4115 0.361925 0.0468745  0.591201
8518 0.461937 0.289858  0.248205
11837 0.60622 0.0128541  0.380926
7175 0.558432 0.259287  0.182281
12084 0.439335 0.456298  0.104367
7775 0.0293733 0.583955  0.386672
11783 0.57007 0.168344  0.261586
2548 0.681523 0.302432  0.0160452
11654 0.347989 0.431227  0.220784
8631 0.360524 0.219954  0.419522
11885 0.306151 0.326219  0.367629
9750 0.357042 0.348376  0.294581
2225 0.309061 0.0681075  0.622831
4613 0.562903 0.147071  0.290026
10592 0.466519 0.123699  0.409782
3636 0.278253 0.543459  0.178288
7822 0.791449 0.0474725  0.161079
10848 0.100145 0.399587  0.500268
2183 0.0376909 0.336148  0.626161
9021 0.361511 0.40202  0.236469
9497 0.388124 0.493385  0.118491
9044 0.658599 0.0565837  0.284818
5401 0.401042 0.445909  0.153049
1381 0.304778 0.562777  0.132445
10473 0.452507 0.0823024  0.46519
5722 0.225169 0.243644  0.531187
3200 0.234645 0.194651  0.570704
3485 0.203473 0.53392  0.262607
11650 0.157119 0.488884  0.353997
10773 0.117416 0.620337  0.262247
11351 0.371057 0.0103498  0.618593
11803 0.50782 0.34668  0.1455
6611 0.179971 0.302867  0.517163
2582 0.0524408 0.611451  0.336109
9431 0.30878 0.343774  0.347446
6816 0.264905 0.154772  0.580323
11031 0.282811 0.496867  0.220322
2502 0.389305 0.280666  0.33003
6239 0.473875 0.0490689  0.477056
10908 0.471047 0.34849  0.180463
10117 0.445365 0.0261579  0.528478
11498 0.259229 0.5016  0.239171
3622 0.305216 0.0830396  0.611744
9471 0.472266 0.349767  0.177967
4568 0.390214 0.21717  0.392615
10056 0.37643 0.393189  0.230381
1643 0.84613 0.104058  0.049812
12056 0.404421 0.30053  0.295048
7550 0.321524 0.390384  0.288091
2071 0.373279 0.362372  0.26435
11275 0.511327 0.170864  0.317809
3360 0.151216 0.5407  0.308083
6529 0.274054 0.55406  0.171886
3845 0.231071 0.21241  0.556519
5850 0.378704 0.317267  0.304029
2837 0.179156 0.509098  0.311747
9025 0.0229599 0.15335  0.82369
1702 0.450498 0.274584  0.274917
156 0.332693 0.17587  0.491437
3245 0.607465 0.0125129  0.380022
5169 0.321821 0.640205  0.0379735
3684 0.0764098 0.585876  0.337714
11159 0.223038 0.292376  0.484586
1638 0.0925338 0.668925  0.238541
11245 0.381847 0.503728  0.114425
11302 0.166455 0.712733  0.120811
2522 0.296017 0.145176  0.558807
6174 0.381617 0.208584  0.409799
7925 0.313629 0.474662  0.211709
1947 0.275605 0.627554  0.096841
7110 0.54692 0.115043  0.338037
9216 0.366664 0.352353  0.280983
3497 0.0624205 0.582657  0.354923
317 0.158615 0.552549  0.288836
173 0.125799 0.514605  0.359596
9546 0.395782 0.285286  0.318931
9058 0.50539 0.0231092  0.471501
6613 0.168487 0.381396  0.450117
5905 0.38876 0.406906  0.204334
7931 0.186213 0.528439  0.285348
9325 0.0864431 0.539453  0.374104
11115 0.34432 0.324411  0.331269
3421 0.0619904 0.0448172  0.893192
4935 0.617936 0.186202  0.195863
9145 0.318114 0.275935  0.40595
2824 0.298026 0.366083  0.335891
9212 0.303357 0.659542  0.037101
1923 0.0799964 0.395016  0.524987
10638 0.277425 0.487779  0.234797
2299 0.455416 0.146575  0.398009
6113 0.112317 0.607013  0.280671
5587 0.573112 0.0135171  0.413371
5694 0.203146 0.0907952  0.706059
7275 0.436008 0.209154  0.354837
9423 0.39919 0.144893  0.455918
6908 0.454773 0.33741  0.207817
7292 0.501435 0.463354  0.0352107
7824 0.333378 0.17048  0.496142
11190 0.524058 0.226322  0.24962
497 0.430204 0.445793  0.124004
11279 0.0591012 0.53166  0.409238
4939 0.381675 0.219534  0.398791
8022 0.109783 0.807162  0.083055
8580 0.0601392 0.149061  0.790799
6880 0.391918 0.261081  0.347001
10435 0.219611 0.623546  0.156843
4434 0.169572 0.399286  0.431142
2254 0.702436 0.234925  0.0626389
5500 0.255031 0.367585  0.377385
4840 0.123778 0.14984  0.726382
6204 0.339288 0.429318  0.231394
3456 0.0708504 0.641329  0.287821
3065 0.441214 0.350069  0.208718
10000 0.482747 0.157797  0.359456
1971 0.331423 0.556486  0.11209
11953 0.254159 0.357403  0.388438
1189 0.139786 0.351547  0.508667
470 0.18332 0.659085  0.157595
170 0.441459 0.342559  0.215982
10402 0.180771 0.481008  0.33822
6725 0.421107 0.308595  0.270298
521 0.534966 0.185051  0.279982
5759 0.533539 0.194082  0.272379
2659 0.394288 0.351357  0.254354
6944 0.469767 0.121488  0.408745
809 0.360988 0.313538  0.325473
9351 0.177649 0.434243  0.388107
3981 0.499938 0.109093  0.390969
4555 0.148836 0.4176  0.433563
8072 0.200371 0.478161  0.321468
10689 0.458436 0.224714  0.31685
2626 0.354406 0.304844  0.34075
6307 0.420578 0.131605  0.447817
4258 0.332373 0.406781  0.260846
1013 0.0953852 0.346112  0.558503
2582 0.667223 0.235454  0.0973231
7547 0.362497 0.334303  0.3032
717 0.0815286 0.498274  0.420197
4118 0.573071 0.245394  0.181535
3202 0.0189838 0.493547  0.487469
4701 0.157661 0.169162  0.673177
4742 0.276439 0.0300801  0.693481
5889 0.23096 0.679251  0.0897893
5227 0.404482 0.54564  0.0498779
1254 0.178495 0.417997  0.403508
5946 0.309148 0.346002  0.344851
5176 0.791227 0.0380889  0.170684
2704 0.498956 0.126494  0.37455
6496 0.340169 0.497163  0.162667
1833 0.376777 0.316394  0.306829
6496 0.495794 0.231591  0.272615
8979 0.311987 0.26275  0.425263
11984 0.333909 0.227136  0.438955
2558 0.833614 0.130384  0.0360018
11472 0.398285 0.247717  0.353997
8426 0.634958 0.134317  0.230725
397 0.134556 0.41418  0.451264
7605 0.184166 0.187986  0.627849
6247 0.529541 0.0545903  0.415869
10362 0.331378 0.154965  0.513657
448 0.388743 0.26122  0.350037
7081 0.118859 0.235295  0.645846
8464 0.231583 0.307035  0.461381
4375 0.281192 0.171559  0.54725
7278 0.0888996 0.696381  0.214719
7931 0.286166 0.251562  0.462271
4934 0.282405 0.269211  0.448384
1232 0.699033 0.265895  0.035071
5039 0.395733 0.0726235  0.531644
9161 0.244291 0.211801  0.543908
10224 0.206718 0.366805  0.426478
33 0.0718631 0.86304  0.0650967
3879 0.381974 0.0265391  0.591487
5920 0.141041 0.437064  0.421895
8418 0.455119 0.413638  0.131243
10770 0.103987 0.407136  0.488877
4918 0.579433 0.322868  0.0976991
2736 0.417934 0.301422  0.280644
3012 0.484152 0.500336  0.0155113
5878 0.0656296 0.470604  0.463767
6120 0.398054 0.0514429  0.550503
8089 0.171469 0.0363778  0.792153
5295 0.162508 0.431645  0.405848
5528 0.102635 0.442255  0.45511
6182 0.591635 0.286953  0.121413
1044 0.245095 0.225716  0.529189
6178 0.131662 0.487043  0.381296
7368 0.584452 0.222287  0.193261
2401 0.341399 0.581163  0.077438
5959 0.0115314 0.269096  0.719373
3313 0.149935 0.38561  0.464455
8947 0.490215 0.330258  0.179527
6857 0.344016 0.548745  0.107239
944 0.216312 0.306884  0.476804
10938 0.446789 0.388971  0.16424
9994 0.21413 0.15489  0.63098
11601 0.145653 0.782324  0.0720234
12087 0.122131 0.517532  0.360337
7393 0.640451 0.0102671  0.349282
3653 0.316882 0.186792  0.496326
3273 0.114111 0.320615  0.565274
3369 0.297595 0.38966  0.312744
12058 0.235266 0.318084  0.446651
9866 0.0961113 0.684883  0.219006
3319 0.423207 0.0346304  0.542162
4902 0.691905 0.217257  0.0908378
8019 0.271328 0.399014  0.329658
6085 0.181161 0.0239805  0.794859
7934 0.42119 0.365599  0.213211
9311 0.282736 0.108628  0.608636
4104 0.33033 0.488943  0.180727
559 0.443442 0.256341  0.300218
2934 0.199028 0.460359  0.340613
949 0.485697 0.403227  0.111076
10953 0.421223 0.306838  0.271939
8518 0.42223 0.547423  0.0303472
11540 0.372982 0.425491  0.201528
8779 0.216189 0.0817348  0.702076
8284 0.407757 0.21934  0.372903
561 0.389143 0.154433  0.456424
9936 0.0334802 0.53104  0.43548
682 0.200874 0.533256  0.265871
2480 0.243146 0.39191  0.364945
6695 0.328206 0.302831  0.368963
6225 0.332603 0.251377  0.416019
8134 0.308823 0.523848  0.167328
2502 0.528816 0.0836242  0.387559
8808 0.206768 0.518152  0.27508
3983 0.270729 0.379331  0.349939
11093 0.482072 0.407001  0.110927
4590 0.308918 0.385968  0.305114
8108 0.416804 0.457016  0.126179
890 0.0175218 0.740706  0.241773
944 0.397852 0.307025  0.295123
5598 0.606211 0.357544  0.0362451
4597 0.463613 0.0945259  0.441861
9402 0.068171 0.114449  0.81738
4331 0.500227 0.194606  0.305167
5820 0.485551 0.484109  0.0303405
301 0.366624 0.351575  0.281801
11831 0.451103 0.498644  0.0502528
900 0.368763 0.445234  0.186002
2946 0.213677 0.684975  0.101348
10490 0.098649 0.456996  0.444355
737 0.292999 0.377623  0.329378
1683 0.409864 0.160444  0.429691
5624 0.173911 0.564589  0.261499
11011 0.489166 0.15301  0.357824
10205 0.512756 0.123758  0.363487
6962 0.699041 0.0953651  0.205594
1002 0.50749 0.433849  0.0586616
2977 0.047808 0.851457  0.100735
2910 0.350296 0.229275  0.42043
7063 0.131162 0.449015  0.419823
7880 0.282986 0.170264  0.54675
7729 0.394914 0.401805  0.203282
2465 0.383398 0.36875  0.247852
5873 0.479733 0.472339  0.0479285
10063 0.235453 0.653108  0.111438
9896 0.300052 0.413226  0.286722
8381 0.764726 0.154306  0.0809673
6303 0.246958 0.720776  0.0322655
5561 0.373838 0.293493  0.332668
8542 0.428753 0.0105364  0.560711
7132 0.415843 0.13929  0.444867
4623 0.555281 0.0666011  0.378117
8728 0.143629 0.422934  0.433437
5352 0.393926 0.252974  0.3531
1025 0.27203 0.147563  0.580407
10717 0.318626 0.254811  0.426562
1145 0.572395 0.307574  0.120031
9514 0.343814 0.453005  0.20318
5623 0.51569 0.377376  0.106934
2303 0.221104 0.539727  0.23917
7752 0.285568 0.426453  0.287979
4486 0.347725 0.358446  0.293829
7602 0.335695 0.431873  0.232431
6646 0.307843 0.331338  0.360819
4309 0.334694 0.306198  0.359108
1340 0.295708 0.484233  0.220059
8902 0.378154 0.277376  0.344469
4403 0.0487044 0.394284  0.557012
10031 0.394617 0.477128  0.128256
4457 0.134823 0.392332  0.472845
9673 0.00861043 0.396113  0.595277
560 0.345456 0.452496  0.202048
5076 0.241372 0.465668  0.29296
9726 0.281 0.514311  0.20469
589 0.0228157 0.0890474  0.888137
1309 0.36465 0.373054  0.262297
8521 0.299861 0.430727  0.269411
2175 0.0813028 0.494753  0.423944
5518 0.641656 0.269064  0.0892808
4176 0.311529 0.265331  0.423139
10577 0.618917 0.150268  0.230814
4854 0.300843 0.485137  0.214021
8903 0.76666 0.0649256  0.168415
507 0.33163 0.291695  0.376675
3206 0.189011 0.0743715  0.736618
6377 0.38803 0.328256  0.283715
7405 0.527384 0.441971  0.0306449
6820 0.534902 0.00639558  0.458703
6463 0.118009 0.216813  0.665178
6456 0.328472 0.243207  0.428321
5364 0.612824 0.170524  0.216651
11030 0.143174 0.468036  0.38879
6855 0.334239 0.347975  0.317786
3456 0.42104 0.321616  0.257343
2679 0.47076 0.183303  0.345937
10029 0.174311 0.487313  0.338376
8715 0.425468 0.391688  0.182843
8741 0.311542 0.365705  0.322752
5739 0.432539 0.389529  0.177932
9569 0.400534 0.507236  0.0922302
8311 0.624511 0.00837696  0.367112
3161 0.492592 0.303212  0.204195
11560 0.0934559 0.183476  0.723068
10716 0.371356 0.405486  0.223158
1325 0.38362 0.113432  0.502948
2098 0.231417 0.450342  0.318242
10156 0.649925 0.260941  0.0891338
3402 0.308771 0.433947  0.257282
10122 0.334261 0.384262  0.281477
973 0.437273 0.127161  0.435565
10673 0.150961 0.324964  0.524074
727 0.066689 0.493266  0.440045
2174 0.440272 0.471031  0.0886963
210 0.306853 0.308603  0.384543
10362 0.36402 0.0598752  0.576105
3428 0.390664 0.398798  0.210538
346 0.695895 0.0359186  0.268186
9313 0.193135 0.431953  0.374912
380 0.226554 0.366005  0.407441
10896 0.353033 0.188885  0.458082
2793 0.539368 0.363926  0.0967064
2966 0.351941 0.447346  0.200713
8921 0.347296 0.544772  0.107932
7589 0.316503 0.294127  0.389369
9762 0.515984 0.324339  0.159678
4277 0.250837 0.484559  0.264605
900 0.428366 0.281258  0.290376
69 0.080899 0.29131  0.627791
10834 0.828843 0.104071  0.0670859
2904 0.244022 0.436282  0.319696
6165 0.559317 0.353463  0.0872197
3547 0.578779 0.153397  0.267824
5680 0.616778 0.332829  0.0503926
3288 0.391869 0.128072  0.480058
8715 0.107298 0.482171  0.410531
9512 0.0804167 0.826649  0.0929338
3841 0.447745 0.202217  0.350038
11998 0.318063 0.58436  0.0975764
11894 0.0914605 0.469169  0.439371
9211 0.549232 0.0471969  0.403571
6360 0.445172 0.0785784  0.476249
8583 0.157192 0.382156  0.460652
2505 0.413014 0.317051  0.269935
3493 0.400168 0.327683  0.272149
10363 0.417903 0.239457  0.342639
9694 0.605343 0.289713  0.104944
283 0.225988 0.47752  0.296492
6547 0.612441 0.162993  0.224567
6142 0.289824 0.283055  0.427121
7877 0.089172 0.34402  0.566808
8431 0.0891678 0.40035  0.510483
11799 0.581441 0.146181  0.272378
3526 0.444223 0.264321  0.291456
10308 0.225926 0.0309564  0.743118
11210 0.228788 0.152481  0.618731
1199 0.862661 0.0545441  0.0827946
331 0.253651 0.354392  0.391957
1588 0.364846 0.09353  0.541624
7361 0.27324 0.455111  0.271648
5856 0.175226 0.540353  0.284421
9024 0.337043 0.247827  0.415129
1716 0.146018 0.576689  0.277293
1370 0.158181 0.409917  0.431901
11683 0.0706142 0.581722  0.347663
3298 0.262501 0.295588  0.441911
250 0.333648 0.220811  0.445541
10191 0.272723 0.301911  0.425365
5614 0.296634 0.182517  0.52085
11985 0.502662 0.267706  0.229632
3749 0.342942 0.372644  0.284414
10354 0.121401 0.314831  0.563769
14 0.0934878 0.128114  0.778398
8724 0.0650215 0.390148  0.54483
11294 0.2908 0.355171  0.354029
873 0.143329 0.391068  0.465604
4855 0.260662 0.710358  0.0289793
5431 0.480173 0.0765312  0.443296
10006 0.404249 0.309822  0.285929
3675 0.0789659 0.21097  0.710064
1995 0.552372 0.203921  0.243707
2202 0.562374 0.425147  0.0124784
10305 0.470344 0.388685  0.140972
10273 0.414328 0.270198  0.315473
4011 0.178256 0.448894  0.37285
9746 0.132921 0.472505  0.394575
43 0.18859 0.371719  0.439691
8493 0.070849 0.466939  0.462212
3067 0.148779 0.189761  0.66146
2359 0.381138 0.573187  0.0456745
9563 0.306992 0.41002  0.282987
8321 0.425675 0.122328  0.451997
9750 0.357031 0.487154  0.155815
10873 0.172716 0.585476  0.241809
6745 0.240828 0.590256  0.168916
8640 0.221567 0.318688  0.459745
1781 0.587403 0.0521387  0.360458
9086 0.0540924 0.802117  0.14379
1674 0.734973 0.0942845  0.170742
1401 0.221485 0.404832  0.373683
5914 0.603431 0.366092  0.0304763
7641 0.584088 0.367512  0.0483995
10820 0.510722 0.23552  0.253758
60 0.4199 0.345459  0.234641
537 0.311874 0.304716  0.38341
2266 0.053925 0.302515  0.64356
1748 0.353386 0.278563  0.368051
8729 0.171471 0.338046  0.490483
3027 0.309091 0.298646  0.392263
11 0.548519 0.22893  0.222551
9271 0.0442571 0.799239  0.156504
803 0.455893 0.0705885  0.473519
2962 0.224253 0.39515  0.380597
8532 0.0524873 0.916772  0.0307411
11598 0.526683 0.445279  0.0280375
11092 0.340486 0.359208  0.300306
8944 0.412471 0.181812  0.405717
436 0.265278 0.140231  0.594492
11366 0.434964 0.0332587  0.531777
913 0.0436024 0.277053  0.679345
11290 0.241789 0.539292  0.218918
9584 0.378604 0.276251  0.345145
10479 0.0323139 0.588979  0.378707
11803 0.0337932 0.640311  0.325896
4123 0.401853 0.337429  0.260718
505 0.0463369 0.719262  0.234401
1556 0.44617 0.467058  0.0867717
