4312 0.168242 0.299469  0.532289
2373 0.110811 0.722225  0.166964
4689 0.6748 0.173741  0.151459
3437 0.298107 0.502623  0.19927
9376 0.0627044 0.431931  0.505365
5056 0.824632 0.0858221  0.0895459
2299 0.645232 0.136529  0.218239
7534 0.613605 0.0124357  0.373959
6016 0.264359 0.370642  0.364999
8617 0.392385 0.348825  0.25879
8611 0.341851 0.191886  0.466263
8474 0.560707 0.147763  0.29153
3468 0.22069 0.117076  0.662233
2851 0.53643 0.308826  0.154744
7853 0.03427 0.335297  0.630433
918 0.743643 0.053974  0.202383
1583 0.518862 0.306336  0.174802
8490 0.508698 0.233577  0.257725
7711 0.307161 0.217165  0.475674
7727 0.323874 0.0202011  0.655925
1911 0.0717649 0.457876  0.470359
7968 0.573411 0.0356913  0.390898
8735 0.140694 0.505919  0.353387
6873 0.119113 0.361025  0.519862
7689 0.139576 0.768064  0.0923604
6177 0.241379 0.360793  0.397829
7610 0.526427 0.441367  0.0322057
4058 0.248339 0.273372  0.47829
4628 0.0256508 0.377919  0.59643
1132 0.372906 0.33151  0.295585
8204 0.386184 0.204635  0.409181
7444 0.257506 0.644919  0.0975752
4725 0.301386 0.195916  0.502698
2646 0.266012 0.35938  0.374608
4755 0.128923 0.437  0.434077
87 0.158451 0.443919  0.39763
3687 0.371903 0.357553  0.270544
2567 0.105005 0.428509  0.466486
5570 0.0301642 0.451544  0.518292
3838 0.442265 0.409844  0.14789
6884 0.47863 0.0160813  0.505289
9318 0.330432 0.65017  0.0193974
7976 0.14692 0.128614  0.724465
6300 0.292025 0.194808  0.513167
7948 0.434634 0.476347  0.0890193
5787 0.0506731 0.43499  0.514337
6879 0.619788 0.272451  0.107762
62 0.411 0.152934  0.436065
3620 0.531259 0.141221  0.32752
348 0.237616 0.296628  0.465756
1352 0.210224 0.36377  0.426005
2488 0.454124 0.440703  0.105173
385 0.368667 0.29747  0.333863
692 0.778525 0.079266  0.142209
9658 0.410543 0.0736118  0.515845
9228 0.0556308 0.464249  0.480121
3151 0.554152 0.0981111  0.347737
9553 0.475082 0.348621  0.176297
154 0.674662 0.038794  0.286544
992 0.312453 0.348781  0.338766
9096 0.698079 0.135099  0.166822
4803 0.401626 0.224497  0.373877
3091 0.269218 0.298134  0.432648
300 0.492743 0.249338  0.25792
5460 0.353626 0.199242  0.447132
7515 0.338953 0.00774966  0.653298
8107 0.316676 0.365481  0.317842
3146 0.35861 0.303487  0.337903
4209 0.220941 0.591495  0.187564
7430 0.338333 0.553251  0.108417
3722 0.297706 0.627938  0.0743557
3486 0.308294 0.558866  0.13284
8829 0.405419 0.304611  0.28997
2467 0.408651 0.156415  0.434934
1187 0.405326 0.0787658  0.515908
1527 0.50988 0.326353  0.163767
5979 0.0302996 0.384151  0.58555
8375 0.417197 0.0545855  0.528218
5379 0.332111 0.378771  0.289118
9131 0.446704 0.0500062  0.503289
5600 0.397138 0.492923  0.109939
9719 0.168323 0.423235  0.408442
6963 0.467711 0.392857  0.139432
1147 0.0842369 0.198065  0.717698
7278 0.107368 0.151545  0.741087
662 0.130845 0.0909751  0.77818
4033 0.382026 0.436785  0.181189
5066 0.516796 0.0365168  0.446687
865 0.637752 0.29462  0.0676284
6626 0.668854 0.301833  0.0293134
4128 0.461136 0.301094  0.237771
7873 0.405633 0.176499  0.417867
2001 0.468397 0.241308  0.290294
7939 0.516763 0.314941  0.168296
9240 0.536685 0.114721  0.348593
5429 0.504056 0.0483214  0.447623
706 0.431258 0.282218  0.286524
7930 0.43581 0.363027  0.201163
8431 0.392144 0.477153  0.130703
7237 0.342804 0.331816  0.32538
3334 0.42523 0.312263  0.262507
7852 0.0866598 0.443287  0.470053
7948 0.355375 0.135858  0.508766
783 0.138738 0.163999  0.697262
4000 0.147119 0.482286  0.370595
3131 0.163727 0.400668  0.435605
5828 0.521573 0.303712  0.174715
7717 0.783728 0.0316324  0.18464
629 0.173149 0.494038  0.332813
7144 0.577764 0.237701  0.184534
7021 0.827067 0.0440592  0.128874
6894 0.309003 0.592355  0.098642
3569 0.365612 0.371865  0.262523
4371 0.21846 0.43104  0.3505
3707 0.205622 0.407926  0.386452
6572 0.0335209 0.621031  0.345448
4560 0.158073 0.0818163  0.760111
2330 0.328491 0.309669  0.36184
6384 0.3809 0.541346  0.0777545
7739 0.0465236 0.337095  0.616382
9537 0.187884 0.0231868  0.788929
9867 0.329811 0.343836  0.326352
9533 0.345965 0.359446  0.294589
9586 0.0267886 0.426661  0.546551
2373 0.103023 0.506048  0.390929
6022 0.383501 0.294113  0.322386
1439 0.293697 0.238104  0.468199
4893 0.364424 0.613079  0.0224973
2665 0.111352 0.319401  0.569247
3992 0.323786 0.408904  0.267311
6884 0.0322949 0.358598  0.609107
2388 0.243626 0.235832  0.520543
697 0.269721 0.609378  0.120901
5318 0.213138 0.536073  0.250789
7004 0.460684 0.324469  0.214847
932 0.590313 0.382665  0.0270223
2372 0.226929 0.599569  0.173503
5934 0.107928 0.332616  0.559456
9478 0.656783 0.15282  0.190397
8203 0.41524 0.383779  0.200981
6146 0.279154 0.542216  0.17863
7096 0.296788 0.28348  0.419733
9951 0.0888 0.440925  0.470275
1079 0.131793 0.0622482  0.805959
1244 0.142768 0.55617  0.301062
2983 0.305428 0.26962  0.424952
1830 0.320873 0.629286  0.0498408
4275 0.421213 0.343244  0.235543
9147 0.437612 0.530127  0.0322608
5252 0.837059 0.063745  0.099196
1680 0.196184 0.242236  0.561579
8243 0.359809 0.252292  0.387899
4932 0.520869 0.288172  0.190959
1901 0.438548 0.263193  0.298259
8196 0.34198 0.164322  0.493698
5242 0.220477 0.555547  0.223976
287 0.240124 0.41809  0.341786
4668 0.300929 0.246994  0.452077
2523 0.403074 0.184276  0.41265
6014 0.13398 0.560789  0.305231
1024 0.31651 0.0685346  0.614955
7678 0.382548 0.183403  0.43405
9993 0.238352 0.337443  0.424206
7347 0.250659 0.281975  0.467366
474 0.232351 0.360891  0.406757
7283 0.175558 0.252248  0.572194
4405 0.46172 0.241152  0.297128
3716 0.325765 0.417109  0.257126
220 0.273823 0.396897  0.329279
8294 0.0455519 0.536027  0.418421
6565 0.39532 0.108074  0.496606
7811 0.135986 0.325302  0.538713
7216 0.224181 0.234174  0.541645
5466 0.265629 0.131311  0.60306
3333 0.265895 0.0729738  0.661131
1734 0.322546 0.176365  0.501089
7493 0.408533 0.297673  0.293795
7041 0.283147 0.154985  0.561868
935 0.512491 0.114552  0.372957
4914 0.70972 0.226486  0.0637947
2175 0.172162 0.388852  0.438986
6085 0.419717 0.199482  0.380801
3910 0.2089 0.248915  0.542186
8072 0.455934 0.0904722  0.453594
8008 0.290219 0.329705  0.380076
772 0.299297 0.285094  0.415608
4545 0.326923 0.643544  0.0295336
3746 0.432739 0.224321  0.34294
3061 0.157616 0.40351  0.438874
3077 0.374721 0.583488  0.0417913
1586 0.776095 0.181127  0.0427778
4887 0.452902 0.256199  0.290899
8700 0.622313 0.337664  0.0400233
6383 0.378834 0.234833  0.386333
6887 0.499253 0.21165  0.289096
2849 0.215862 0.299078  0.48506
12 0.225701 0.295026  0.479273
743 0.223569 0.270857  0.505574
6779 0.0866561 0.359679  0.553665
5936 0.362294 0.129338  0.508367
6678 0.285404 0.263042  0.451554
3654 0.076758 0.425678  0.497564
7139 0.392585 0.157275  0.45014
6490 0.446252 0.312997  0.240752
4965 0.0452096 0.298393  0.656398
3964 0.377392 0.259728  0.36288
7556 0.603847 0.314343  0.0818093
4287 0.446854 0.516594  0.0365527
4802 0.679667 0.0602345  0.260099
4787 0.322005 0.366282  0.311713
7544 0.632603 0.332915  0.0344819
7135 0.108486 0.480898  0.410616
6385 0.385544 0.296028  0.318428
2046 0.210792 0.641872  0.147336
4240 0.231685 0.404876  0.363439
2291 0.271045 0.37707  0.351885
2086 0.214918 0.262451  0.522632
695 0.488934 0.459595  0.0514715
1126 0.390523 0.281368  0.328109
4416 0.205892 0.538214  0.255894
5306 0.796579 0.0969789  0.106442
6501 0.633428 0.19793  0.168641
1079 0.399808 0.196531  0.403661
9558 0.436101 0.43446  0.129439
1654 0.601032 0.298606  0.100362
4661 0.120196 0.186445  0.693358
8879 0.215561 0.671602  0.112837
3763 0.304107 0.343484  0.352409
6844 0.311787 0.574827  0.113386
3598 0.294881 0.587715  0.117404
1420 0.0914398 0.0633827  0.845178
3936 0.346539 0.547197  0.106264
3583 0.248804 0.576695  0.174501
3260 0.772338 0.0259606  0.201701
4059 0.360013 0.0796352  0.560351
1607 0.223275 0.339267  0.437458
5740 0.491189 0.286827  0.221984
2103 0.0827809 0.526  0.391219
308 0.253207 0.33011  0.416683
2321 0.72703 0.037889  0.235081
6131 0.234593 0.427691  0.337716
3353 0.377917 0.322617  0.299467
3755 0.504318 0.317661  0.178021
705 0.327737 0.403216  0.269047
4027 0.48904 0.0404182  0.470541
3426 0.235609 0.321434  0.442957
8139 0.21145 0.164817  0.623734
1962 0.155847 0.251678  0.592476
705 0.497658 0.112683  0.389659
5855 0.23843 0.420779  0.340791
7464 0.557244 0.140528  0.302228
1049 0.532117 0.35577  0.112113
4890 0.593549 0.34269  0.0637612
9117 0.106971 0.818178  0.0748505
5199 0.416988 0.320092  0.26292
1841 0.0129959 0.54756  0.439445
4783 0.0428021 0.40374  0.553458
7826 0.588369 0.135354  0.276277
5429 0.324572 0.32263  0.352798
2363 0.104238 0.375403  0.520359
7452 0.858139 0.0920404  0.0498204
9526 0.16902 0.419374  0.411606
4077 0.0906022 0.428723  0.480675
6872 0.65255 0.230438  0.117012
1447 0.155056 0.392686  0.452258
181 0.397456 0.197794  0.404751
904 0.0645395 0.267901  0.66756
1123 0.312359 0.399566  0.288075
8435 0.46128 0.294722  0.243997
9523 0.273655 0.525554  0.20079
3740 0.109553 0.331095  0.559352
164 0.117855 0.803448  0.0786969
3587 0.445726 0.10907  0.445205
1938 0.423968 0.353377  0.222655
3592 0.0844581 0.291788  0.623754
8173 0.0351544 0.592501  0.372345
4644 0.115942 0.527212  0.356846
6845 0.475749 0.119303  0.404948
3896 0.397355 0.50435  0.0982944
7138 0.149298 0.435527  0.415175
5584 0.272284 0.292995  0.434721
3473 0.460822 0.181781  0.357397
8277 0.276805 0.559956  0.163238
3876 0.391991 0.47428  0.133729
1602 0.461685 0.149535  0.38878
6844 0.0451417 0.319795  0.635063
7736 0.275779 0.489596  0.234624
1523 0.653333 0.293282  0.0533846
1505 0.140327 0.518592  0.341081
4818 0.175111 0.351898  0.47299
2511 0.289042 0.326095  0.384863
1135 0.416128 0.18209  0.401782
4172 0.64259 0.171438  0.185972
8474 0.0431922 0.121018  0.83579
7138 0.0304418 0.540276  0.429283
9240 0.431882 0.490009  0.0781093
7789 0.652214 0.0779693  0.269817
798 0.129171 0.456931  0.413897
9665 0.406615 0.19434  0.399045
6262 0.354152 0.385397  0.260451
3215 0.957662 0.0207634  0.0215749
8772 0.453763 0.0880898  0.458147
4768 0.186217 0.119198  0.694585
5051 0.279006 0.261209  0.459785
5711 0.318645 0.340098  0.341256
4269 0.561353 0.10848  0.330167
2080 0.304133 0.497808  0.198058
182 0.451548 0.415071  0.133381
2721 0.343465 0.55498  0.101556
7462 0.163828 0.355606  0.480566
9811 0.193882 0.247208  0.55891
380 0.296242 0.264087  0.439671
5131 0.429993 0.513207  0.0568004
5899 0.280184 0.410825  0.308992
593 0.400533 0.552757  0.0467104
3341 0.485331 0.425261  0.0894087
4483 0.0688117 0.584129  0.347059
328 0.19101 0.494097  0.314893
9868 0.710329 0.0494298  0.240241
7854 0.397767 0.254386  0.347847
311 0.407415 0.174746  0.417839
427 0.0515801 0.459844  0.488576
917 0.572534 0.179412  0.248054
5057 0.307113 0.263651  0.429237
3150 0.273051 0.716331  0.0106182
1940 0.202981 0.229841  0.567178
6978 0.539081 0.407791  0.0531276
3700 0.605082 0.317574  0.0773446
5815 0.0437392 0.220886  0.735374
8931 0.323986 0.140439  0.535575
8682 0.136835 0.0245931  0.838572
4509 0.434598 0.115381  0.450021
7904 0.152094 0.34289  0.505017
9175 0.195774 0.555441  0.248785
770 0.360535 0.273659  0.365805
2091 0.336515 0.455794  0.207691
5516 0.45803 0.161773  0.380197
2081 0.377365 0.219608  0.403028
2331 0.185731 0.448778  0.365491
4760 0.12952 0.40068  0.469799
5872 0.273901 0.621149  0.10495
2499 0.198307 0.569435  0.232258
1823 0.293015 0.180294  0.526691
7479 0.381843 0.369837  0.24832
1262 0.523644 0.127552  0.348804
3692 0.32085 0.630779  0.0483706
943 0.0682392 0.239886  0.691875
2098 0.308517 0.192202  0.49928
557 0.189143 0.423687  0.38717
6836 0.152832 0.437494  0.409674
6658 0.232698 0.593603  0.173699
3560 0.0208861 0.477426  0.501688
2722 0.39348 0.569473  0.0370479
7838 0.420002 0.148765  0.431234
3180 0.463258 0.132013  0.404729
5379 0.239642 0.373891  0.386468
2481 0.335085 0.465056  0.199859
3209 0.74513 0.0751371  0.179732
1993 0.270187 0.280048  0.449765
4148 0.535564 0.0237225  0.440713
769 0.227208 0.401776  0.371016
8174 0.358615 0.293635  0.347751
1336 0.370974 0.238552  0.390474
2101 0.851027 0.0806504  0.0683223
7269 0.404284 0.112677  0.483039
7841 0.309363 0.383493  0.307144
7593 0.184353 0.29556  0.520087
4365 0.447536 0.392233  0.160231
8222 0.23128 0.337913  0.430807
6926 0.461546 0.306788  0.231666
3906 0.044506 0.70299  0.252504
3681 0.125966 0.441856  0.432178
2183 0.24766 0.211667  0.540673
3204 0.22854 0.739487  0.0319736
2645 0.271391 0.298231  0.430378
3465 0.446164 0.0701629  0.483673
7332 0.046249 0.451233  0.502518
8565 0.571349 0.312367  0.116284
4972 0.29831 0.217771  0.483919
7945 0.408631 0.510107  0.0812617
1035 0.252156 0.464268  0.283576
4897 0.0145171 0.410438  0.575045
7432 0.376548 0.611288  0.0121639
6334 0.470543 0.144986  0.384471
2353 0.302167 0.649886  0.0479463
3451 0.231688 0.352756  0.415556
2499 0.0835788 0.434431  0.48199
1479 0.4921 0.416164  0.0917364
180 0.350387 0.239684  0.409929
2279 0.249157 0.424406  0.326437
360 0.319605 0.508165  0.17223
8222 0.295259 0.346864  0.357877
8498 0.387591 0.0976928  0.514716
4304 0.25516 0.291368  0.453472
1990 0.660947 0.0622018  0.276851
6859 0.397506 0.53148  0.0710139
9993 0.319834 0.403948  0.276219
4280 0.428846 0.429735  0.14142
8911 0.696843 0.0785314  0.224626
7689 0.322298 0.443901  0.233801
9488 0.460037 0.450639  0.089324
4014 0.508368 0.209817  0.281815
355 0.302664 0.29081  0.406527
2737 0.359731 0.571971  0.0682981
8315 0.109146 0.389962  0.500892
8260 0.250712 0.18431  0.564977
8195 0.312245 0.369608  0.318147
2325 0.161116 0.631214  0.20767
6767 0.29105 0.267383  0.441567
6392 0.423425 0.0926488  0.483926
4080 0.400734 0.247531  0.351735
7324 0.454256 0.20394  0.341803
1110 0.0781767 0.368172  0.553652
5424 0.545633 0.0851807  0.369186
1690 0.397763 0.197556  0.404681
2752 0.109145 0.35243  0.538425
1093 0.578129 0.0838832  0.337988
6960 0.40103 0.418796  0.180174
9825 0.513062 0.0258387  0.461099
3960 0.203634 0.441826  0.35454
893 0.379268 0.461446  0.159286
7454 0.355713 0.366886  0.277402
7358 0.615624 0.0997692  0.284607
629 0.146114 0.750648  0.103239
4147 0.318679 0.251702  0.429619
8242 0.315562 0.387277  0.297161
5260 0.168031 0.44962  0.382349
1483 0.301223 0.338912  0.359864
5819 0.157296 0.577727  0.264977
1876 0.49081 0.391878  0.117313
2169 0.376157 0.302604  0.321239
2724 0.606726 0.0798485  0.313425
1963 0.35282 0.341898  0.305282
4276 0.395015 0.156381  0.448605
6196 0.112846 0.595996  0.291158
5800 0.255138 0.159202  0.58566
7567 0.338987 0.320013  0.341
6790 0.443862 0.435762  0.120376
6106 0.0771641 0.445717  0.477118
1709 0.229171 0.534276  0.236553
9926 0.351466 0.295581  0.352953
9265 0.521764 0.185671  0.292564
3100 0.531201 0.435895  0.0329047
7178 0.460454 0.238243  0.301304
6142 0.333628 0.242289  0.424083
5075 0.347298 0.566275  0.0864271
6886 0.388853 0.0574333  0.553714
756 0.480059 0.398551  0.12139
7419 0.342795 0.271523  0.385682
6081 0.629053 0.0937024  0.277245
1096 0.349269 0.312085  0.338645
7913 0.36198 0.0781185  0.559902
5292 0.394256 0.490334  0.115409
8841 0.379512 0.397523  0.222965
4918 0.420059 0.0295133  0.550428
4460 0.286244 0.362859  0.350897
8040 0.241016 0.576351  0.182633
9610 0.424112 0.114969  0.46092
3613 0.385525 0.433102  0.181373
5607 0.317551 0.351327  0.331122
5486 0.417177 0.418975  0.163848
1274 0.390608 0.430194  0.179198
7208 0.230884 0.270783  0.498333
7435 0.442051 0.494243  0.0637061
4741 0.748647 0.22914  0.0222129
7502 0.48225 0.0829321  0.434818
6889 0.178715 0.510434  0.31085
6973 0.146735 0.464959  0.388306
7058 0.045279 0.241225  0.713496
412 0.171392 0.411015  0.417592
3072 0.334 0.357853  0.308147
4829 0.289217 0.338701  0.372082
1888 0.223431 0.352173  0.424397
8932 0.560931 0.398023  0.0410456
8404 0.0649664 0.356075  0.578959
8268 0.429199 0.0810161  0.489785
674 0.400992 0.422712  0.176296
9544 0.579995 0.287539  0.132466
7344 0.212428 0.398622  0.38895
1838 0.428389 0.239424  0.332187
5101 0.347788 0.161521  0.490692
8447 0.268618 0.413859  0.317523
6740 0.142025 0.212571  0.645404
5350 0.27649 0.359021  0.364489
6997 0.385643 0.193263  0.421094
756 0.743508 0.212908  0.0435835
7116 0.498038 0.460021  0.0419408
6535 0.148052 0.0237842  0.828163
5241 0.213826 0.665431  0.120743
7817 0.256392 0.494038  0.24957
4651 0.686227 0.115077  0.198696
9505 0.400415 0.220415  0.37917
6515 0.394047 0.563283  0.0426698
3340 0.540876 0.227745  0.231378
4496 0.386089 0.291285  0.322627
915 0.35105 0.198443  0.450507
419 0.324216 0.574761  0.101023
5269 0.388829 0.34252  0.268652
4335 0.445685 0.151718  0.402597
4135 0.206544 0.109961  0.683496
5965 0.103459 0.861604  0.0349376
6130 0.282294 0.353487  0.364219
3058 0.233554 0.382176  0.384269
3988 0.269088 0.38295  0.347962
1680 0.683193 0.298896  0.0179108
42 0.53872 0.218672  0.242608
6194 0.499302 0.0686559  0.432042
8076 0.379216 0.0690522  0.551732
4638 0.328447 0.069857  0.601696
5113 0.663896 0.187396  0.148708
1499 0.131997 0.462244  0.405758
5017 0.650022 0.275039  0.0749391
9929 0.412225 0.234401  0.353374
5104 0.317235 0.350231  0.332533
7935 0.163323 0.0459443  0.790733
7655 0.113752 0.232889  0.653358
476 0.164575 0.37129  0.464135
4082 0.335368 0.265059  0.399572
9700 0.377397 0.499883  0.122721
7798 0.23686 0.320767  0.442373
2235 0.42298 0.314279  0.26274
7433 0.0259554 0.589339  0.384706
9487 0.236064 0.439998  0.323938
5805 0.188421 0.465501  0.346078
1877 0.34132 0.19333  0.46535
1752 0.173753 0.190254  0.635994
2133 0.385273 0.500847  0.11388
4726 0.196254 0.473308  0.330438
2031 0.543196 0.321457  0.135348
3330 0.301149 0.35003  0.348821
6040 0.509835 0.33876  0.151405
1117 0.258581 0.455857  0.285562
3162 0.479464 0.418437  0.102099
732 0.159272 0.333566  0.507162
4967 0.278614 0.201514  0.519872
2767 0.250553 0.717063  0.0323834
8230 0.382787 0.328757  0.288456
1123 0.686038 0.203681  0.11028
9394 0.817429 0.0292995  0.153272
3412 0.489897 0.148829  0.361274
3341 0.757474 0.15675  0.0857766
3404 0.362476 0.0654812  0.572043
9096 0.498168 0.421009  0.0808232
8902 0.462118 0.163252  0.37463
7139 0.425524 0.0684154  0.50606
2522 0.317495 0.429514  0.252991
5367 0.19863 0.395095  0.406275
9463 0.23482 0.398803  0.366377
8019 0.259133 0.297668  0.443199
783 0.170205 0.606073  0.223722
6400 0.421715 0.117588  0.460697
7667 0.162892 0.468241  0.368867
5285 0.226613 0.683874  0.0895128
8628 0.389175 0.238147  0.372678
97 0.360024 0.195694  0.444281
3486 0.391819 0.357028  0.251153
7483 0.482173 0.296789  0.221038
5590 0.0588361 0.600196  0.340968
4026 0.698348 0.215865  0.0857866
7353 0.498959 0.210603  0.290438
2753 0.277485 0.643548  0.0789673
4790 0.242936 0.307954  0.44911
2364 0.0219803 0.313554  0.664466
693 0.365803 0.22361  0.410587
5223 0.440408 0.191367  0.368225
944 0.415622 0.295621  0.288758
776 0.502398 0.0541697  0.443432
9186 0.486825 0.211373  0.301802
9903 0.0527552 0.389791  0.557453
139 0.391723 0.184383  0.423895
5850 0.192604 0.641939  0.165456
3067 0.528673 0.328547  0.142779
3502 0.455968 0.101805  0.442227
2293 0.195868 0.421545  0.382588
435 0.0702125 0.609859  0.319928
4533 0.239718 0.519929  0.240353
1602 0.362684 0.340011  0.297306
6028 0.169087 0.737124  0.093789
6184 0.384655 0.120079  0.495266
51 0.00802868 0.453786  0.538186
188 0.125169 0.537594  0.337237
4330 0.34481 0.375437  0.279753
8686 0.0840412 0.407737  0.508222
6080 0.0650833 0.905968  0.0289492
8195 0.209609 0.438603  0.351789
1298 0.289974 0.140831  0.569195
7136 0.514503 0.278208  0.207288
104 0.0402332 0.907029  0.0527374
856 0.317974 0.438137  0.24389
2678 0.416818 0.47958  0.103602
7915 0.665856 0.029928  0.304216
6045 0.435144 0.16851  0.396346
2252 0.615491 0.305962  0.0785471
2891 0.384077 0.256675  0.359248
4689 0.557047 0.0843361  0.358617
7162 0.75891 0.0424324  0.198657
4166 0.543715 0.100016  0.35627
8388 0.361324 0.374366  0.264311
2236 0.572284 0.0239862  0.40373
8176 0.179819 0.340775  0.479406
173 0.0490463 0.869311  0.0816424
4433 0.376497 0.325117  0.298386
6634 0.410302 0.541506  0.0481927
1108 0.0231508 0.882227  0.0946223
1855 0.0240269 0.74215  0.233823
33 0.443491 0.0932309  0.463278
2273 0.279453 0.379743  0.340805
8138 0.0231546 0.583609  0.393236
2584 0.528811 0.123039  0.34815
2364 0.226302 0.219135  0.554562
2646 0.551743 0.412417  0.0358399
6981 0.303688 0.2983  0.398012
13 0.351747 0.244664  0.403589
4842 0.385562 0.22381  0.390628
2138 0.317774 0.213811  0.468415
6396 0.400031 0.223261  0.376708
389 0.240805 0.486284  0.272911
7100 0.506037 0.441215  0.0527487
8881 0.304038 0.518775  0.177187
3766 0.133636 0.400455  0.465909
7128 0.121751 0.392918  0.485331
2041 0.389535 0.167956  0.44251
3043 0.215129 0.402008  0.382863
9653 0.249683 0.119702  0.630615
4824 0.329513 0.383831  0.286655
3672 0.103349 0.594741  0.301911
2898 0.589341 0.131046  0.279614
521 0.313017 0.290991  0.395991
5083 0.315913 0.348251  0.335836
1993 0.528084 0.212592  0.259324
597 0.541079 0.0950866  0.363834
5119 0.34337 0.26145  0.39518
7452 0.220638 0.370182  0.40918
6160 0.55845 0.350762  0.0907877
3191 0.46269 0.0751197  0.462191
9153 0.509992 0.0543524  0.435656
2616 0.343323 0.232455  0.424221
6646 0.179606 0.313252  0.507142
7816 0.321249 0.299287  0.379465
4604 0.364138 0.511796  0.124066
3799 0.368503 0.335132  0.296365
2616 0.346891 0.17595  0.477159
9598 0.522435 0.00810826  0.469457
9939 0.0534909 0.729654  0.216855
3449 0.360913 0.292989  0.346098
374 0.287285 0.533201  0.179514
4189 0.169038 0.420456  0.410507
8439 0.357415 0.164942  0.477643
3192 0.171558 0.325822  0.50262
3269 0.410692 0.365346  0.223962
7298 0.350913 0.219328  0.429759
7971 0.228152 0.354453  0.417395
9334 0.435039 0.215074  0.349887
6584 0.21263 0.441569  0.345801
7396 0.340819 0.639731  0.01945
1255 0.1149 0.437329  0.447771
7409 0.565962 0.104855  0.329183
8779 0.5844 0.0225635  0.393036
3494 0.293821 0.341822  0.364357
6548 0.408182 0.31886  0.272958
4230 0.0197983 0.141734  0.838468
9662 0.713018 0.19457  0.0924115
2099 0.4058 0.200127  0.394073
7641 0.229839 0.394955  0.375205
2711 0.546966 0.0150393  0.437994
3138 0.106909 0.421788  0.471303
5421 0.082226 0.187784  0.72999
9948 0.142735 0.412219  0.445046
5864 0.268809 0.495512  0.235679
8852 0.360125 0.131303  0.508571
3017 0.121559 0.502429  0.376012
9253 0.211594 0.406968  0.381438
253 0.343235 0.429319  0.227447
4899 0.437579 0.196952  0.365469
1759 0.208847 0.703283  0.0878701
773 0.322914 0.223042  0.454045
6840 0.416114 0.311418  0.272467
9691 0.576566 0.33936  0.0840746
2985 0.205923 0.159335  0.634743
1624 0.419667 0.525331  0.0550024
541 0.435459 0.378952  0.185589
4318 0.326198 0.354674  0.319128
6971 0.591548 0.279336  0.129117
2753 0.317097 0.445955  0.236947
3768 0.384161 0.348962  0.266877
6359 0.182148 0.192907  0.624945
6730 0.11784 0.407387  0.474773
2141 0.323974 0.513819  0.162207
7435 0.489614 0.355135  0.155251
8560 0.379469 0.14372  0.47681
7124 0.401407 0.545789  0.0528037
2720 0.294534 0.209573  0.495893
6586 0.215227 0.369781  0.414992
2083 0.0563961 0.209697  0.733907
7954 0.391689 0.293537  0.314775
9540 0.87671 0.0211602  0.102129
5801 0.265988 0.370079  0.363933
2427 0.234136 0.394679  0.371186
9611 0.256897 0.293293  0.44981
8565 0.660001 0.17315  0.166849
4540 0.0983153 0.466021  0.435664
1141 0.316545 0.219168  0.464288
4432 0.147003 0.458462  0.394535
1465 0.546993 0.333679  0.119328
5587 0.0236651 0.709739  0.266596
7237 0.445871 0.412272  0.141857
2697 0.590475 0.243927  0.165598
9091 0.422973 0.28046  0.296567
3560 0.180035 0.529786  0.29018
6115 0.351426 0.341483  0.307091
4201 0.00922738 0.384984  0.605788
6549 0.41943 0.494652  0.0859177
3440 0.854943 0.0179897  0.127067
5725 0.324116 0.23701  0.438874
2544 0.315247 0.231951  0.452803
7685 0.709181 0.179848  0.11097
9851 0.415795 0.407435  0.17677
1096 0.307365 0.192031  0.500604
1075 0.33186 0.123245  0.544896
3167 0.576255 0.152142  0.271603
599 0.412979 0.280613  0.306408
4654 0.185565 0.219604  0.594831
6786 0.251847 0.206055  0.542099
8807 0.465304 0.0995869  0.435109
3786 0.570236 0.34413  0.0856335
5851 0.404117 0.339763  0.25612
1111 0.125028 0.400289  0.474683
2103 0.322248 0.46544  0.212313
4446 0.30791 0.441217  0.250873
3316 0.1036 0.47059  0.42581
5523 0.421993 0.337872  0.240135
7898 0.385557 0.287329  0.327115
3015 0.366638 0.364211  0.269151
8677 0.392853 0.392275  0.214872
7762 0.252176 0.0572663  0.690558
7090 0.438004 0.404265  0.157731
1651 0.49933 0.228713  0.271957
647 0.200787 0.407522  0.391691
1823 0.0184084 0.483984  0.497608
3828 0.463756 0.0589647  0.47728
2816 0.116893 0.472522  0.410586
239 0.292424 0.42533  0.282247
9627 0.319142 0.0946326  0.586225
9387 0.569196 0.339352  0.0914518
888 0.250951 0.32677  0.422279
6086 0.515775 0.47125  0.0129757
6702 0.0576799 0.219485  0.722835
5575 0.261592 0.0859305  0.652478
5912 0.402175 0.408821  0.189004
2740 0.404851 0.171898  0.423251
3322 0.484279 0.266638  0.249083
8363 0.332027 0.535495  0.132478
7592 0.170576 0.353042  0.476382
2465 0.235589 0.613653  0.150759
4976 0.592544 0.105917  0.301539
836 0.338588 0.356624  0.304788
2063 0.454081 0.18898  0.356939
5344 0.133612 0.27911  0.587278
3437 0.337141 0.294358  0.368501
8652 0.200018 0.582998  0.216984
2123 0.511204 0.332313  0.156483
9958 0.77659 0.0252076  0.198202
5661 0.105219 0.387219  0.507562
8791 0.231406 0.419286  0.349308
4365 0.0772375 0.4999  0.422863
1437 0.394006 0.172606  0.433388
5433 0.572008 0.226888  0.201104
1816 0.156358 0.315858  0.527784
4248 0.548053 0.340566  0.111381
873 0.529998 0.450553  0.0194487
2067 0.0882 0.583708  0.328092
5917 0.464207 0.12751  0.408282
7115 0.314152 0.46013  0.225718
1002 0.366021 0.455367  0.178611
3827 0.415182 0.262424  0.322394
3322 0.0737422 0.65927  0.266988
4988 0.393078 0.300911  0.30601
665 0.329931 0.46986  0.200209
7715 0.243059 0.470046  0.286895
4113 0.24131 0.422509  0.336181
9385 0.311288 0.0897187  0.598993
9049 0.191053 0.308641  0.500305
7041 0.260073 0.653041  0.0868862
7785 0.805622 0.106063  0.0883143
4575 0.151389 0.56432  0.284291
4757 0.0732836 0.420149  0.506568
2373 0.382266 0.312294  0.305441
2746 0.421092 0.289695  0.289212
9891 0.105275 0.81799  0.0767352
6147 0.323168 0.283121  0.393712
4958 0.507455 0.334347  0.158199
6503 0.226519 0.424822  0.34866
5099 0.535585 0.178298  0.286117
3383 0.566938 0.156227  0.276835
1637 0.357636 0.294261  0.348103
4263 0.505985 0.212665  0.28135
8489 0.0526937 0.375217  0.572089
5198 0.413825 0.155097  0.431078
3817 0.440929 0.149868  0.409203
2866 0.2136 0.262603  0.523796
2441 0.228131 0.628404  0.143465
2750 0.648465 0.0580976  0.293437
8129 0.539654 0.258321  0.202024
1470 0.209838 0.469238  0.320924
512 0.415668 0.393827  0.190505
956 0.399361 0.560154  0.0404849
3747 0.505318 0.208011  0.286671
2479 0.40311 0.403519  0.193371
1073 0.306524 0.224518  0.468958
2913 0.174686 0.356278  0.469035
7847 0.484037 0.484288  0.031675
9942 0.654178 0.10241  0.243412
2295 0.134008 0.224549  0.641443
5618 0.202209 0.559197  0.238594
4043 0.218588 0.155503  0.625909
102 0.408083 0.421375  0.170542
7920 0.507783 0.0325756  0.459641
3827 0.189608 0.265828  0.544564
4875 0.41777 0.453874  0.128357
1042 0.455794 0.231456  0.31275
5265 0.423654 0.477426  0.0989193
7599 0.432049 0.335162  0.232789
895 0.1792 0.41248  0.40832
9367 0.044599 0.537338  0.418063
1230 0.344626 0.415845  0.239529
6320 0.278751 0.309712  0.411537
2545 0.0729949 0.171576  0.755429
2033 0.0426611 0.489661  0.467677
211 0.609203 0.164615  0.226182
6066 0.531069 0.334821  0.13411
1910 0.164713 0.109625  0.725661
3122 0.133656 0.408929  0.457414
5554 0.0128384 0.51818  0.468982
2270 0.334323 0.360967  0.304711
4544 0.556416 0.372767  0.0708175
4337 0.343149 0.0989316  0.55792
4967 0.410844 0.410851  0.178305
7218 0.403096 0.151939  0.444965
4811 0.524254 0.148794  0.326952
3953 0.277304 0.654031  0.0686656
3507 0.411383 0.306873  0.281744
9298 0.0732733 0.701471  0.225256
646 0.581701 0.0576548  0.360644
9920 0.0487774 0.824335  0.126888
882 0.228821 0.341545  0.429633
8958 0.275155 0.315057  0.409788
2158 0.303941 0.120346  0.575713
4499 0.519184 0.271598  0.209217
4255 0.715898 0.106105  0.177997
4601 0.449463 0.341307  0.209231
1920 0.51286 0.243243  0.243897
5596 0.428769 0.136886  0.434345
5209 0.412696 0.0653418  0.521962
5918 0.347666 0.0220291  0.630305
8885 0.107402 0.828625  0.0639723
793 0.475121 0.477248  0.0476316
6765 0.445049 0.451533  0.103418
3918 0.381029 0.0310206  0.58795
3128 0.335589 0.308236  0.356174
7120 0.548765 0.359866  0.0913697
5489 0.367683 0.386628  0.245689
2113 0.0703318 0.52137  0.408298
8329 0.0980038 0.407224  0.494772
2952 0.0882014 0.434252  0.477547
1264 0.107922 0.224039  0.668039
8964 0.471271 0.0859324  0.442797
2469 0.205774 0.356245  0.437981
9624 0.145375 0.187921  0.666704
882 0.492714 0.0824027  0.424883
5536 0.359955 0.47348  0.166565
9874 0.14364 0.826268  0.0300919
1010 0.137625 0.424256  0.438119
5053 0.186519 0.0950608  0.71842
199 0.42666 0.402469  0.170871
7964 0.575665 0.350214  0.0741213
5315 0.319625 0.234775  0.445599
1931 0.459753 0.222943  0.317305
9830 0.206418 0.372738  0.420844
3122 0.356388 0.302433  0.341178
5919 0.333 0.115604  0.551395
6930 0.319016 0.433056  0.247928
7269 0.412826 0.253228  0.333946
3829 0.329417 0.292998  0.377584
3967 0.257051 0.441013  0.301936
1698 0.240612 0.300225  0.459163
6364 0.381128 0.224662  0.39421
8371 0.080276 0.38179  0.537934
6674 0.512903 0.40983  0.0772665
4882 0.298311 0.0191809  0.682508
7553 0.887814 0.0682639  0.0439225
1000 0.515706 0.322332  0.161962
5330 0.341602 0.264045  0.394353
1984 0.0478708 0.721793  0.230336
6555 0.850975 0.0886724  0.0603524
415 0.265551 0.125076  0.609373
3536 0.318333 0.027735  0.653932
3397 0.227262 0.505394  0.267344
9638 0.0863781 0.620997  0.292625
8454 0.512542 0.448901  0.0385563
4920 0.0594759 0.819794  0.12073
1815 0.371395 0.464063  0.164542
2020 0.214543 0.566647  0.21881
5711 0.343366 0.338689  0.317945
5472 0.399469 0.32955  0.270981
3938 0.243805 0.498072  0.258123
3246 0.679173 0.212299  0.108528
470 0.460985 0.434126  0.104889
4587 0.250903 0.0313911  0.717706
1859 0.423173 0.414349  0.162478
4474 0.466902 0.507709  0.0253893
727 0.403616 0.230516  0.365868
5361 0.352796 0.017817  0.629387
4642 0.283114 0.100865  0.616021
653 0.256775 0.383373  0.359852
476 0.273068 0.562128  0.164803
3435 0.117829 0.446282  0.435889
353 0.269701 0.281137  0.449162
6873 0.261602 0.347958  0.39044
7060 0.049956 0.539827  0.410217
8492 0.19766 0.579028  0.223312
3324 0.150355 0.292332  0.557313
7662 0.271437 0.417275  0.311287
4536 0.122105 0.461501  0.416394
5122 0.406834 0.221427  0.371739
4274 0.605798 0.167961  0.226241
908 0.484218 0.267272  0.24851
9831 0.370892 0.272543  0.356564
9635 0.579733 0.0791253  0.341142
30 0.185581 0.413253  0.401166
38 0.319039 0.282079  0.398881
2168 0.602054 0.00741875  0.390527
5368 0.439809 0.147349  0.412842
4569 0.344183 0.335207  0.32061
6617 0.113156 0.241874  0.64497
2869 0.320806 0.494312  0.184883
1335 0.338801 0.205106  0.456093
1706 0.066484 0.434896  0.49862
7216 0.293912 0.234718  0.471369
1720 0.325336 0.376656  0.298008
4929 0.388644 0.0613458  0.55001
3702 0.520353 0.25048  0.229167
107 0.279714 0.331289  0.388996
7572 0.248341 0.117459  0.6342
4059 0.305294 0.358559  0.336147
8719 0.0668047 0.439369  0.493826
3518 0.312607 0.469744  0.217649
7426 0.158277 0.547662  0.294062
3964 0.289117 0.551135  0.159749
7655 0.452013 0.440727  0.10726
526 0.347661 0.280282  0.372057
9087 0.23258 0.529038  0.238382
5845 0.207079 0.418498  0.374423
2019 0.227706 0.274106  0.498187
6299 0.66236 0.295955  0.0416847
1323 0.320999 0.362026  0.316975
1225 0.289624 0.142791  0.567584
3306 0.397735 0.20004  0.402225
6962 0.117169 0.291399  0.591433
2481 0.402828 0.299539  0.297632
1769 0.164383 0.362209  0.473408
261 0.0754389 0.513519  0.411042
8428 0.389585 0.410347  0.200068
3384 0.241026 0.439052  0.319922
4400 0.290048 0.334202  0.37575
6018 0.492502 0.0873799  0.420118
5937 0.591757 0.0781045  0.330139
1731 0.381097 0.217545  0.401359
6689 0.401147 0.290917  0.307936
1064 0.146384 0.406005  0.44761
3503 0.0874048 0.604836  0.307759
9410 0.345358 0.302329  0.352312
6352 0.25671 0.0733125  0.669978
5300 0.0370807 0.222689  0.74023
4471 0.515357 0.243495  0.241148
4825 0.343499 0.423415  0.233086
5913 0.17397 0.258103  0.567927
1593 0.211784 0.683546  0.10467
9916 0.485183 0.381352  0.133465
6353 0.191917 0.717453  0.0906303
1209 0.127147 0.503336  0.369517
705 0.368087 0.153636  0.478278
7480 0.173997 0.410931  0.415071
2989 0.390534 0.283907  0.325559
8562 0.257628 0.715954  0.0264188
1018 0.29444 0.512161  0.193399
42 0.418935 0.0484518  0.532613
5006 0.393727 0.32928  0.276993
6807 0.93593 0.0131701  0.0508996
3283 0.348472 0.445094  0.206433
910 0.495149 0.0443412  0.46051
5934 0.242056 0.732369  0.0255753
437 0.396101 0.488489  0.11541
3331 0.222806 0.30733  0.469864
9404 0.422458 0.331876  0.245666
948 0.316805 0.517964  0.165232
7655 0.368476 0.0710868  0.560437
1057 0.192467 0.56239  0.245143
5807 0.512342 0.420671  0.0669866
851 0.437174 0.225906  0.33692
7092 0.878476 0.053513  0.0680109
3821 0.555844 0.414694  0.029462
9378 0.115472 0.345747  0.538781
910 0.457542 0.0762271  0.466231
3750 0.462747 0.0296304  0.507622
6964 0.363689 0.264031  0.372281
1844 0.459585 0.0734652  0.46695
7722 0.0860091 0.134921  0.77907
385 0.103061 0.548926  0.348013
3532 0.299142 0.237379  0.46348
8874 0.235832 0.439189  0.324979
341 0.270362 0.504501  0.225137
8904 0.378529 0.445681  0.17579
1719 0.0487305 0.404799  0.546471
266 0.601899 0.1524  0.245701
9655 0.406696 0.336591  0.256713
1139 0.324453 0.388157  0.28739
8188 0.172895 0.496658  0.330447
2194 0.172555 0.726779  0.100666
4043 0.535076 0.0822836  0.382641
6847 0.639266 0.327814  0.0329201
169 0.321017 0.142173  0.53681
4419 0.507632 0.194211  0.298156
6104 0.196999 0.437365  0.365635
6981 0.53264 0.30171  0.16565
6113 0.273605 0.593458  0.132937
3928 0.0464264 0.249894  0.70368
9690 0.314822 0.296247  0.388931
5784 0.244507 0.565877  0.189615
439 0.688424 0.227429  0.0841477
4058 0.378511 0.0219165  0.599573
4737 0.0196636 0.458405  0.521931
8265 0.110789 0.418618  0.470594
8753 0.409623 0.288675  0.301703
834 0.21996 0.153348  0.626692
2052 0.103967 0.347787  0.548246
324 0.424261 0.336919  0.23882
9457 0.286687 0.469237  0.244076
3287 0.353289 0.378099  0.268612
5249 0.400852 0.177963  0.421185
4648 0.00944815 0.827075  0.163477
1734 0.194909 0.461945  0.343147
677 0.371892 0.0556923  0.572416
2356 0.44492 0.227697  0.327382
2399 0.22934 0.373142  0.397518
8921 0.365881 0.340732  0.293387
2986 0.124316 0.482074  0.39361
9358 0.38731 0.267793  0.344897
3650 0.543796 0.123669  0.332534
7643 0.216832 0.201149  0.58202
7282 0.400706 0.224946  0.374348
8672 0.270246 0.415815  0.313939
747 0.107638 0.587114  0.305248
8262 0.266316 0.465078  0.268606
9326 0.281925 0.670632  0.0474428
6197 0.164429 0.205742  0.629829
8579 0.179949 0.466023  0.354028
434 0.171444 0.528748  0.299808
4967 0.0407692 0.588478  0.370753
8323 0.383245 0.279403  0.337352
6436 0.442347 0.276974  0.280679
8162 0.260619 0.383538  0.355843
3759 0.52679 0.253497  0.219714
2279 0.494958 0.411084  0.0939573
8846 0.255527 0.609188  0.135285
9395 0.327003 0.448169  0.224827
5368 0.0470371 0.32296  0.630003
4830 0.33399 0.279778  0.386232
9338 0.444493 0.354598  0.20091
1201 0.671987 0.209761  0.118251
1073 0.579052 0.262965  0.157983
6736 0.43081 0.139521  0.429669
8000 0.506118 0.0196534  0.474228
7000 0.453798 0.510116  0.0360852
6020 0.198042 0.682075  0.119882
4624 0.391909 0.263887  0.344205
789 0.473764 0.490075  0.0361605
2909 0.0709517 0.830937  0.0981117
7600 0.282641 0.46931  0.248048
871 0.4584 0.291212  0.250387
6164 0.413379 0.278469  0.308152
6687 0.419745 0.460746  0.119509
2271 0.310082 0.185287  0.504631
9660 0.479016 0.487028  0.0339558
4569 0.337495 0.493041  0.169464
617 0.511209 0.149941  0.33885
8656 0.34665 0.036221  0.617129
4024 0.307767 0.337276  0.354958
9524 0.54218 0.131599  0.326221
614 0.516876 0.31304  0.170084
8689 0.428653 0.112242  0.459105
8447 0.74383 0.0751608  0.181009
8104 0.202805 0.195408  0.601788
976 0.0738165 0.631817  0.294366
5460 0.316624 0.0740796  0.609296
3572 0.590314 0.103691  0.305995
3128 0.390847 0.272679  0.336474
1158 0.0523437 0.318892  0.628764
5244 0.194315 0.173228  0.632457
5107 0.406711 0.467035  0.126254
8425 0.29722 0.473897  0.228883
7100 0.182617 0.398854  0.41853
673 0.508878 0.200316  0.290806
440 0.174741 0.348113  0.477146
3297 0.321734 0.342673  0.335593
2534 0.383237 0.335685  0.281078
2119 0.443034 0.379527  0.177439
4242 0.127279 0.278943  0.593778
9738 0.311065 0.446313  0.242622
4342 0.309955 0.216036  0.474008
4757 0.700089 0.0199253  0.279985
7839 0.655952 0.309751  0.0342966
859 0.0897866 0.762586  0.147627
3827 0.462674 0.191773  0.345553
9873 0.721035 0.216007  0.0629579
4547 0.378494 0.340451  0.281055
5135 0.576426 0.144183  0.279391
3100 0.0850872 0.474679  0.440234
1193 0.0260309 0.531912  0.442057
147 0.167264 0.432564  0.400172
3771 0.404422 0.447689  0.147889
2293 0.417761 0.141249  0.440989
7815 0.404039 0.238459  0.357502
789 0.440444 0.0305603  0.528995
2579 0.607818 0.307207  0.0849752
3454 0.0881605 0.747169  0.16467
576 0.0162594 0.763771  0.21997
8254 0.334894 0.415695  0.249412
3901 0.210319 0.336295  0.453386
514 0.44155 0.368309  0.190141
9685 0.266993 0.412946  0.320061
639 0.270218 0.478124  0.251658
1709 0.129534 0.559156  0.31131
5814 0.121574 0.330813  0.547614
3569 0.328745 0.261057  0.410198
632 0.32885 0.35243  0.318721
15 0.433394 0.242332  0.324274
998 0.389074 0.533157  0.0777689
3191 0.377008 0.483137  0.139855
2358 0.483802 0.480973  0.0352247
4627 0.547201 0.13452  0.318279
2385 0.493434 0.330652  0.175914
6798 0.782705 0.0478438  0.169451
8083 0.194634 0.354248  0.451118
4240 0.382284 0.184288  0.433428
7070 0.404426 0.426778  0.168796
919 0.167923 0.350242  0.481835
7638 0.151772 0.56993  0.278298
1748 0.536449 0.391462  0.072089
5888 0.360657 0.241606  0.397737
2518 0.103417 0.554124  0.342458
4654 0.0530011 0.851615  0.0953836
9643 0.0140951 0.503975  0.48193
273 0.157976 0.340211  0.501813
4400 0.60974 0.100118  0.290142
3112 0.274542 0.31573  0.409728
7209 0.584319 0.29753  0.118151
8198 0.503171 0.156278  0.340551
3158 0.252184 0.590898  0.156917
3592 0.33064 0.356914  0.312446
5523 0.677426 0.0613428  0.261231
1177 0.388897 0.315109  0.295994
7212 0.183082 0.218226  0.598692
7781 0.659108 0.286624  0.0542683
1710 0.32922 0.355426  0.315354
7057 0.308316 0.59208  0.099604
1137 0.516155 0.272665  0.21118
6099 0.326812 0.180772  0.492416
6722 0.246022 0.593394  0.160585
2387 0.276712 0.309689  0.4136
4534 0.460024 0.193675  0.346301
1564 0.486008 0.334127  0.179866
3744 0.0247593 0.249703  0.725537
2151 0.307662 0.211175  0.481164
1131 0.437733 0.380671  0.181596
266 0.0396983 0.57061  0.389692
1538 0.740179 0.220028  0.0397933
1512 0.50857 0.0130165  0.478413
8309 0.424674 0.514334  0.0609916
6257 0.377734 0.114287  0.507979
9010 0.093321 0.868718  0.0379611
8696 0.318123 0.250261  0.431616
9428 0.165523 0.0774801  0.756997
6962 0.310122 0.289068  0.400809
434 0.265417 0.295383  0.4392
4506 0.431517 0.29493  0.273553
2388 0.204192 0.19758  0.598229
9766 0.332894 0.508842  0.158265
8523 0.452892 0.380289  0.166819
2650 0.305527 0.449264  0.245209
4539 0.0504466 0.56398  0.385574
1506 0.113061 0.38685  0.500089
6382 0.433779 0.432955  0.133266
3651 0.0850032 0.404731  0.510265
593 0.4057 0.198967  0.395332
1801 0.263597 0.413902  0.322501
3544 0.207863 0.340888  0.451248
714 0.487435 0.170884  0.341681
5850 0.358514 0.212587  0.428899
8026 0.278959 0.443637  0.277404
5495 0.420093 0.221998  0.357909
2597 0.461506 0.373785  0.164709
4787 0.123947 0.27228  0.603773
3498 0.325287 0.333225  0.341488
268 0.304974 0.26277  0.432256
2449 0.223223 0.391641  0.385137
2570 0.344399 0.0653796  0.590222
1291 0.561715 0.050798  0.387487
7673 0.226078 0.35521  0.418712
6583 0.0314545 0.100216  0.86833
9336 0.323863 0.0637743  0.612363
8609 0.402782 0.384881  0.212336
704 0.741984 0.0501765  0.20784
284 0.390851 0.368645  0.240504
1378 0.496037 0.125183  0.37878
1863 0.350738 0.221649  0.427613
8430 0.483428 0.0556514  0.460921
702 0.375271 0.105133  0.519596
