1987 0.41153 0.390631  0.197839
2777 0.125563 0.345176  0.52926
431 0.147716 0.434581  0.417703
749 0.36146 0.130639  0.507901
2869 0.286897 0.41312  0.299983
432 0.226912 0.179792  0.593296
3135 0.119562 0.482335  0.398103
2415 0.237377 0.457406  0.305216
1499 0.424639 0.304005  0.271356
2770 0.417518 0.268743  0.313739
163 0.101542 0.576125  0.322333
2424 0.268411 0.15701  0.57458
849 0.445279 0.282314  0.272407
2884 0.311183 0.34838  0.340437
3014 0.0284071 0.485676  0.485917
682 0.234902 0.397071  0.368028
2147 0.0640354 0.334621  0.601344
2868 0.201607 0.516962  0.281431
1498 0.19066 0.422097  0.387243
2046 0.448206 0.186405  0.36539
1800 0.0686053 0.498319  0.433075
336 0.172991 0.531377  0.295632
2693 0.462427 0.44812  0.0894534
1117 0.0913133 0.453321  0.455366
3438 0.247271 0.425438  0.327291
523 0.190573 0.699862  0.109565
1788 0.609963 0.373763  0.0162746
2876 0.230059 0.325591  0.44435
1000 0.373117 0.365854  0.261029
3218 0.285901 0.489327  0.224772
495 0.302356 0.598773  0.0988706
3128 0.330921 0.440884  0.228195
2721 0.406992 0.0840914  0.508917
3016 0.415221 0.361585  0.223195
2421 0.28368 0.365819  0.350501
1228 0.250737 0.597667  0.151596
2057 0.348311 0.317687  0.334002
1021 0.196446 0.417265  0.386289
764 0.302268 0.0197451  0.677987
2649 0.165374 0.450162  0.384464
2579 0.084191 0.492918  0.422891
206 0.305491 0.148682  0.545827
2479 0.269016 0.375529  0.355455
200 0.249551 0.23699  0.513459
334 0.039183 0.329117  0.6317
2078 0.375128 0.398446  0.226426
3443 0.153838 0.436798  0.409363
289 0.535697 0.339962  0.124342
545 0.283398 0.55132  0.165282
728 0.364878 0.0780173  0.557105
2851 0.323555 0.335743  0.340702
2352 0.608965 0.298735  0.0922998
3499 0.820112 0.105244  0.0746435
3110 0.417844 0.45015  0.132006
1878 0.0335138 0.523743  0.442744
403 0.349527 0.0380274  0.612445
1113 0.0241754 0.505875  0.46995
3060 0.43171 0.403117  0.165173
1646 0.504613 0.478213  0.0171741
1136 0.35981 0.337535  0.302654
369 0.133733 0.295833  0.570433
397 0.597827 0.179234  0.222939
1093 0.511687 0.117879  0.370434
2132 0.207109 0.248123  0.544769
2406 0.0878186 0.54919  0.362992
836 0.187905 0.484532  0.327564
392 0.337003 0.347108  0.315889
462 0.0332434 0.885397  0.0813601
1500 0.346597 0.229093  0.42431
1403 0.0385561 0.781338  0.180106
1764 0.462416 0.0334754  0.504109
2113 0.240126 0.277448  0.482426
2247 0.446304 0.0915992  0.462096
1380 0.320112 0.401483  0.278406
1152 0.388495 0.305304  0.306201
1200 0.146718 0.455637  0.397644
167 0.0457117 0.423973  0.530315
3497 0.357119 0.264287  0.378594
200 0.263724 0.0203718  0.715904
455 0.524661 0.070393  0.404946
59 0.012863 0.690021  0.297116
462 0.433864 0.289337  0.276799
252 0.325639 0.10863  0.565731
1894 0.653322 0.0965131  0.250165
1586 0.336245 0.478371  0.185385
1789 0.415334 0.398471  0.186195
865 0.454358 0.364913  0.180729
425 0.22024 0.356186  0.423575
47 0.207071 0.776572  0.016357
2306 0.594707 0.179499  0.225794
1262 0.309794 0.368211  0.321996
1557 0.501257 0.174787  0.323956
565 0.446873 0.159716  0.39341
2826 0.484356 0.267408  0.248236
2725 0.315984 0.0629171  0.621098
444 0.319385 0.407726  0.272889
3500 0.196226 0.417378  0.386396
2860 0.276149 0.549946  0.173906
147 0.508289 0.223035  0.268676
2773 0.465475 0.163357  0.371167
2990 0.311787 0.0429029  0.64531
52 0.424089 0.263159  0.312752
336 0.500928 0.328542  0.17053
1595 0.347446 0.616371  0.0361823
2227 0.321822 0.152062  0.526116
82 0.263837 0.358254  0.377909
3553 0.325251 0.275673  0.399076
2476 0.533826 0.0792738  0.3869
2490 0.341491 0.246097  0.412412
1388 0.718709 0.0777436  0.203548
2627 0.176219 0.375915  0.447867
3436 0.431599 0.0514834  0.516917
234 0.231501 0.397531  0.370968
397 0.496973 0.340402  0.162625
1407 0.233477 0.242794  0.523729
774 0.247609 0.642979  0.109412
954 0.408732 0.266726  0.324542
564 0.133215 0.52861  0.338175
2197 0.111306 0.473821  0.414872
1560 0.291527 0.335539  0.372934
759 0.287075 0.569869  0.143056
1753 0.0913498 0.41024  0.49841
1359 0.432789 0.184633  0.382578
1161 0.630709 0.289566  0.0797253
2407 0.114921 0.446899  0.43818
867 0.476848 0.514114  0.00903817
869 0.297639 0.0437496  0.658612
1418 0.210688 0.713906  0.0754062
745 0.273985 0.20581  0.520205
1123 0.374511 0.238322  0.387166
3016 0.492195 0.146466  0.36134
245 0.239935 0.457196  0.302869
351 0.293312 0.0903652  0.616323
301 0.614118 0.035114  0.350768
573 0.270699 0.637671  0.0916296
2172 0.430836 0.0274394  0.541724
3553 0.270583 0.148354  0.581063
772 0.449322 0.328383  0.222295
2565 0.412384 0.0533099  0.534306
746 0.62723 0.0514108  0.321359
2946 0.273579 0.254943  0.471478
405 0.532793 0.0470209  0.420186
364 0.108442 0.235057  0.656501
534 0.402211 0.190477  0.407312
3345 0.401725 0.336791  0.261483
2719 0.528246 0.185345  0.28641
325 0.387684 0.114794  0.497522
333 0.483721 0.0736207  0.442659
1805 0.0626166 0.406047  0.531336
2061 0.303463 0.219833  0.476703
1524 0.476545 0.221133  0.302322
3320 0.822507 0.131916  0.0455768
2910 0.40341 0.303147  0.293443
1681 0.233688 0.187909  0.578403
250 0.174724 0.558622  0.266654
2854 0.368687 0.255227  0.376087
3157 0.520513 0.264691  0.214796
3057 0.643698 0.289693  0.0666082
1247 0.290835 0.546447  0.162718
3302 0.426438 0.084909  0.488653
2068 0.415608 0.301668  0.282724
2856 0.183697 0.305586  0.510716
1809 0.198224 0.361268  0.440508
2357 0.412551 0.233061  0.354388
3179 0.53877 0.0296421  0.431588
495 0.399088 0.0987338  0.502178
1308 0.801544 0.0728246  0.125631
2992 0.287702 0.412418  0.299881
2222 0.42413 0.434703  0.141167
1893 0.33409 0.256604  0.409306
842 0.542466 0.264019  0.193516
600 0.29713 0.533126  0.169744
378 0.0253027 0.227172  0.747525
2318 0.167814 0.439136  0.39305
1466 0.443605 0.425716  0.130679
1779 0.419749 0.144862  0.435389
3008 0.413018 0.404394  0.182588
141 0.0365058 0.364139  0.599355
1412 0.0932106 0.590311  0.316478
3412 0.299356 0.545866  0.154778
1854 0.435629 0.499497  0.0648734
704 0.221099 0.431612  0.347289
1284 0.0255142 0.0849808  0.889505
2002 0.0451797 0.65238  0.302441
477 0.37553 0.464941  0.159529
455 0.426382 0.281687  0.291932
298 0.0820553 0.0917231  0.826222
1597 0.0259518 0.961132  0.0129165
3162 0.444046 0.154888  0.401066
1126 0.504511 0.233879  0.26161
783 0.622175 0.0349251  0.3429
448 0.0724871 0.841229  0.0862843
2443 0.111006 0.713915  0.175079
2599 0.179265 0.222548  0.598187
787 0.537068 0.059038  0.403894
1517 0.430908 0.491249  0.0778435
902 0.377738 0.352888  0.269374
2272 0.300107 0.567285  0.132607
2182 0.107223 0.290746  0.602032
2104 0.527667 0.219588  0.252745
2741 0.375905 0.471664  0.152431
58 0.310576 0.588868  0.100556
2992 0.455036 0.195409  0.349554
1143 0.449837 0.108875  0.441287
3345 0.472629 0.413286  0.114085
3492 0.241523 0.590422  0.168055
3238 0.406161 0.0115558  0.582283
1057 0.560377 0.161275  0.278348
972 0.159891 0.249896  0.590213
1899 0.576927 0.301882  0.121191
927 0.313689 0.274521  0.41179
1784 0.0333544 0.620997  0.345648
3069 0.350982 0.302528  0.34649
1987 0.293092 0.0524181  0.65449
2854 0.0375336 0.86421  0.0982564
2070 0.684322 0.0821558  0.233522
2854 0.151732 0.751101  0.0971672
2493 0.222556 0.524236  0.253208
3504 0.63749 0.12397  0.23854
22 0.152244 0.51576  0.331996
1337 0.39769 0.0946849  0.507625
3309 0.760111 0.0726602  0.167229
1556 0.101664 0.728531  0.169805
2009 0.635438 0.318625  0.0459365
1353 0.478561 0.275765  0.245674
1341 0.0532562 0.548325  0.398419
1375 0.365923 0.118575  0.515501
2178 0.147981 0.433409  0.41861
803 0.0897657 0.354858  0.555376
731 0.173628 0.478599  0.347773
3336 0.195465 0.749474  0.055061
984 0.294446 0.247224  0.45833
2950 0.0747817 0.223439  0.70178
2233 0.274202 0.412786  0.313012
273 0.359493 0.236646  0.403861
742 0.44709 0.0616773  0.491233
903 0.395114 0.124904  0.479982
2848 0.485216 0.423663  0.0911207
2320 0.105311 0.781857  0.112833
2491 0.188941 0.489719  0.32134
2982 0.0134713 0.337758  0.64877
2635 0.20189 0.374311  0.423799
527 0.181182 0.614923  0.203895
1510 0.513557 0.314573  0.17187
233 0.433252 0.491128  0.0756202
1519 0.449603 0.478674  0.0717232
2086 0.587253 0.266622  0.146126
3221 0.423565 0.472073  0.104363
1623 0.246999 0.288973  0.464029
1490 0.406036 0.425644  0.16832
108 0.371091 0.094751  0.534158
2223 0.247008 0.520299  0.232693
1424 0.364463 0.351282  0.284255
3138 0.532764 0.0172439  0.449992
2325 0.427829 0.10422  0.467951
753 0.408715 0.214235  0.37705
1640 0.156184 0.255379  0.588437
172 0.473017 0.355076  0.171907
680 0.0347232 0.613063  0.352213
837 0.48355 0.385172  0.131278
2503 0.211327 0.503045  0.285628
3333 0.382881 0.148621  0.468497
707 0.38361 0.297416  0.318975
2183 0.468395 0.435172  0.0964336
555 0.17628 0.55999  0.263729
1576 0.582298 0.177534  0.240168
2032 0.504588 0.193032  0.30238
1507 0.246751 0.454788  0.298461
864 0.428397 0.192682  0.378921
3019 0.396026 0.483181  0.120793
736 0.164 0.306908  0.529092
3236 0.0251246 0.544844  0.430032
3552 0.491555 0.106979  0.401466
1333 0.0844434 0.262755  0.652801
2738 0.216516 0.0740252  0.709459
2980 0.41821 0.227394  0.354396
1145 0.123417 0.503461  0.373122
909 0.475468 0.390276  0.134256
2914 0.390894 0.412845  0.196261
1200 0.526279 0.413551  0.0601699
2030 0.440455 0.472412  0.0871337
2493 0.279142 0.547389  0.173469
3324 0.343142 0.326786  0.330072
487 0.414867 0.398192  0.186941
783 0.266353 0.398157  0.33549
2039 0.368187 0.336826  0.294987
2034 0.230333 0.252096  0.517571
2994 0.567582 0.0932148  0.339203
1864 0.289958 0.456811  0.253231
1403 0.139128 0.54849  0.312382
2035 0.389203 0.205512  0.405285
1204 0.284143 0.397757  0.3181
710 0.329112 0.507874  0.163014
2320 0.530253 0.0588866  0.410861
3251 0.194791 0.462814  0.342395
2871 0.464592 0.174505  0.360903
2896 0.157064 0.529512  0.313424
3137 0.349168 0.539869  0.110963
2971 0.536367 0.062463  0.40117
2969 0.454103 0.0804286  0.465468
581 0.188615 0.0428094  0.768576
812 0.356681 0.330599  0.31272
1770 0.0650808 0.49313  0.441789
1764 0.516202 0.218871  0.264926
3197 0.0327331 0.552549  0.414718
2080 0.715605 0.155236  0.129159
3105 0.324112 0.23557  0.440318
1807 0.174452 0.493367  0.332181
1497 0.224876 0.705629  0.0694951
1383 0.175202 0.303766  0.521032
2158 0.598628 0.0615577  0.339814
3004 0.356892 0.153922  0.489186
823 0.172418 0.457392  0.370191
2226 0.800672 0.153165  0.046163
2386 0.384196 0.483914  0.13189
1245 0.222892 0.392334  0.384774
279 0.208363 0.241432  0.550206
2862 0.506972 0.256563  0.236465
1885 0.325933 0.231475  0.442593
537 0.16577 0.40386  0.43037
2472 0.0709001 0.433405  0.495695
2404 0.575247 0.317311  0.107442
2991 0.724708 0.199437  0.0758549
677 0.201717 0.215097  0.583186
2256 0.026402 0.0445368  0.929061
792 0.393331 0.294005  0.312664
3530 0.280003 0.103449  0.616548
3267 0.170449 0.468548  0.361003
1234 0.302289 0.212791  0.48492
479 0.812211 0.149844  0.0379447
15 0.153041 0.758427  0.0885315
3505 0.231069 0.209504  0.559426
413 0.329332 0.200262  0.470406
2074 0.359152 0.383262  0.257586
1820 0.109208 0.43703  0.453762
2298 0.244993 0.12361  0.631397
476 0.592229 0.0240727  0.383699
1125 0.374129 0.253854  0.372017
355 0.0281959 0.391745  0.58006
367 0.348884 0.292054  0.359062
1208 0.643166 0.115364  0.24147
900 0.0777281 0.361139  0.561132
3019 0.371722 0.384618  0.243661
3165 0.158821 0.552316  0.288863
3337 0.52472 0.345875  0.129405
73 0.18071 0.298799  0.520491
826 0.156354 0.227103  0.616544
1063 0.511932 0.434371  0.053697
3100 0.484256 0.479702  0.0360425
511 0.330103 0.269111  0.400785
1387 0.257164 0.329751  0.413086
617 0.338897 0.35468  0.306423
1719 0.0915489 0.338867  0.569584
239 0.519656 0.218137  0.262207
2069 0.214394 0.198226  0.58738
2472 0.0888478 0.49335  0.417802
337 0.27869 0.353197  0.368113
2937 0.241686 0.558606  0.199708
1989 0.434197 0.388493  0.17731
431 0.359046 0.337292  0.303662
2110 0.102628 0.471735  0.425637
1072 0.460456 0.386947  0.152596
2233 0.714446 0.0174308  0.268123
942 0.0467357 0.435779  0.517486
2943 0.285009 0.415422  0.299569
1601 0.627294 0.160195  0.212511
653 0.0786117 0.452621  0.468768
1910 0.59721 0.243795  0.158995
1819 0.109276 0.530067  0.360656
1916 0.141602 0.725037  0.133361
2266 0.105122 0.371595  0.523282
1824 0.0999006 0.477619  0.42248
727 0.214431 0.492284  0.293285
2912 0.62469 0.34751  0.0278002
370 0.391044 0.428628  0.180329
2414 0.175877 0.573516  0.250607
1088 0.325304 0.417011  0.257686
2947 0.476111 0.139443  0.384446
1632 0.338692 0.407656  0.253652
2071 0.397777 0.522067  0.0801566
349 0.101215 0.266069  0.632716
659 0.0530567 0.389263  0.55768
1128 0.500895 0.126069  0.373035
1761 0.172408 0.36313  0.464462
1553 0.0591553 0.194714  0.746131
3135 0.394456 0.155207  0.450337
1309 0.429351 0.469014  0.101635
2028 0.0253677 0.430804  0.543828
2216 0.400243 0.0651523  0.534605
671 0.45626 0.212294  0.331447
2417 0.465995 0.307891  0.226114
3396 0.619734 0.236112  0.144154
1633 0.369131 0.345331  0.285538
2689 0.209077 0.773002  0.0179212
1753 0.0860509 0.518575  0.395374
957 0.556864 0.343751  0.0993854
1586 0.263651 0.719019  0.0173305
1820 0.526609 0.234774  0.238616
393 0.85954 0.102262  0.0381973
1748 0.472729 0.18462  0.342651
2954 0.277222 0.524214  0.198564
1813 0.359065 0.165983  0.474952
475 0.109025 0.412224  0.478751
445 0.189911 0.0525441  0.757545
3507 0.0114005 0.420522  0.568077
2519 0.20739 0.264954  0.527656
707 0.363072 0.406915  0.230014
1507 0.23559 0.489802  0.274608
3334 0.338401 0.147231  0.514367
1490 0.139877 0.393406  0.466718
2500 0.433314 0.356165  0.210521
2073 0.474293 0.0869349  0.438772
1765 0.0554791 0.82777  0.11675
2880 0.286513 0.289903  0.423584
1991 0.262939 0.357873  0.379187
1859 0.332454 0.518869  0.148677
199 0.196022 0.609439  0.194539
3346 0.4117 0.218277  0.370023
1944 0.272095 0.632673  0.0952319
2364 0.281182 0.161199  0.557619
144 0.241062 0.177343  0.581595
3414 0.10273 0.870291  0.0269791
881 0.475054 0.167408  0.357538
2272 0.272067 0.40375  0.324184
2318 0.348138 0.325838  0.326024
1332 0.213995 0.242203  0.543802
1046 0.325841 0.384689  0.289469
123 0.304138 0.656094  0.0397678
926 0.109839 0.452891  0.43727
3253 0.031554 0.46903  0.499416
1146 0.427638 0.409672  0.16269
1167 0.368137 0.273824  0.358039
2480 0.204251 0.495022  0.300727
439 0.223106 0.340662  0.436232
1365 0.473738 0.0898662  0.436396
376 0.356968 0.178405  0.464626
831 0.428649 0.161764  0.409587
2174 0.25797 0.344082  0.397948
731 0.238234 0.503353  0.258413
2257 0.27472 0.707509  0.0177713
528 0.117687 0.505277  0.377036
2740 0.100525 0.420606  0.478869
2842 0.049893 0.704819  0.245288
2848 0.422758 0.241102  0.33614
3156 0.366814 0.24959  0.383596
1699 0.376542 0.290345  0.333113
452 0.143529 0.27441  0.582061
2921 0.229476 0.574934  0.19559
1785 0.285425 0.409254  0.305321
2775 0.44771 0.146166  0.406123
205 0.0508634 0.164729  0.784407
948 0.355011 0.311473  0.333515
2281 0.200212 0.642542  0.157246
3220 0.515547 0.241685  0.242769
2376 0.288828 0.26374  0.447432
1243 0.0686961 0.41425  0.517054
2018 0.406192 0.464159  0.129649
3036 0.283471 0.280137  0.436392
2077 0.4415 0.369943  0.188557
1056 0.169344 0.434242  0.396414
2187 0.346392 0.286044  0.367564
1897 0.0998091 0.801124  0.0990673
439 0.407548 0.229956  0.362495
2444 0.373808 0.0345769  0.591615
974 0.411487 0.23007  0.358443
517 0.215567 0.296217  0.488216
444 0.813474 0.134163  0.0523626
2310 0.362763 0.416441  0.220796
3533 0.302472 0.250504  0.447025
1656 0.718304 0.207434  0.0742618
299 0.254596 0.58578  0.159624
1707 0.0207104 0.385424  0.593865
2810 0.262134 0.586506  0.15136
3082 0.502059 0.430579  0.0673612
2232 0.574634 0.267244  0.158122
299 0.345988 0.328952  0.32506
58 0.0818495 0.805382  0.112769
1756 0.302353 0.205393  0.492254
2737 0.727826 0.0389967  0.233177
1355 0.0428344 0.335272  0.621893
1371 0.507856 0.366347  0.125797
3337 0.262896 0.338695  0.398409
626 0.312129 0.272685  0.415186
1249 0.629499 0.117789  0.252712
326 0.123156 0.38314  0.493704
808 0.388385 0.325275  0.286339
2298 0.329033 0.333792  0.337175
1710 0.377757 0.252229  0.370014
3306 0.458071 0.12497  0.416959
107 0.382738 0.318838  0.298424
1432 0.405366 0.32686  0.267773
3073 0.3823 0.0243465  0.593353
1901 0.594216 0.327923  0.0778613
656 0.0299411 0.390603  0.579456
2856 0.347263 0.0830589  0.569678
733 0.217049 0.319864  0.463087
366 0.478812 0.0869611  0.434227
1812 0.0517509 0.301021  0.647228
3112 0.23166 0.457755  0.310585
1133 0.475075 0.28376  0.241164
1558 0.259608 0.427817  0.312576
2856 0.164369 0.38037  0.455262
1764 0.105693 0.456013  0.438294
3160 0.259464 0.328318  0.412218
3461 0.502842 0.20383  0.293328
3241 0.476364 0.427713  0.0959232
364 0.131934 0.33225  0.535816
3398 0.234664 0.430216  0.33512
627 0.468473 0.0967729  0.434755
1137 0.51772 0.304338  0.177942
2001 0.772275 0.114676  0.113048
2989 0.0419918 0.884511  0.0734974
2027 0.0351268 0.490264  0.474609
1047 0.377695 0.256928  0.365377
1193 0.369558 0.416476  0.213966
3009 0.114596 0.15813  0.727275
277 0.0408556 0.459288  0.499856
3027 0.757594 0.0562547  0.186151
78 0.353739 0.24288  0.403381
3239 0.334197 0.463531  0.202272
2490 0.131679 0.338089  0.530232
124 0.476615 0.0828947  0.44049
429 0.342109 0.357156  0.300735
2876 0.411976 0.290259  0.297765
2066 0.254363 0.535474  0.210164
202 0.293026 0.328855  0.378119
1640 0.214852 0.26439  0.520759
3126 0.298069 0.260421  0.44151
2799 0.0759893 0.536781  0.38723
2022 0.454456 0.384935  0.160608
2327 0.271213 0.296416  0.43237
968 0.397537 0.02869  0.573773
2624 0.144296 0.412387  0.443317
15 0.555431 0.0641962  0.380373
2183 0.288422 0.158188  0.55339
287 0.212704 0.426262  0.361034
3236 0.488398 0.0460673  0.465534
2180 0.227409 0.386464  0.386126
2774 0.0800752 0.892848  0.0270768
3136 0.27833 0.363107  0.358563
538 0.0814525 0.708141  0.210407
3111 0.415073 0.209847  0.375081
2854 0.134937 0.211493  0.65357
3002 0.415129 0.380094  0.204777
3296 0.190378 0.614862  0.19476
1035 0.346045 0.353293  0.300662
2994 0.143584 0.396299  0.460117
3501 0.394612 0.267541  0.337846
651 0.122492 0.825545  0.051963
2483 0.0380797 0.707403  0.254517
1795 0.0985209 0.785068  0.116411
1383 0.585605 0.3325  0.0818952
2856 0.313623 0.626806  0.0595705
2483 0.567493 0.292781  0.139725
821 0.418765 0.304493  0.276741
2791 0.360243 0.211071  0.428686
2329 0.877815 0.0830506  0.0391348
2911 0.175301 0.527882  0.296817
2772 0.489453 0.027326  0.483221
1060 0.570172 0.29789  0.131938
3184 0.445116 0.188655  0.366229
1507 0.430228 0.48291  0.0868621
2855 0.326626 0.248601  0.424774
2084 0.378597 0.256009  0.365394
2992 0.606483 0.312443  0.0810738
2080 0.260357 0.345566  0.394077
3213 0.294581 0.333945  0.371474
2060 0.309712 0.329552  0.360736
2388 0.565284 0.0539308  0.380785
1713 0.0418827 0.164075  0.794043
2722 0.585879 0.119196  0.294925
1986 0.422007 0.176629  0.401363
3233 0.152975 0.366381  0.480645
2672 0.127271 0.538351  0.334377
2717 0.0159401 0.544397  0.439663
972 0.360316 0.389542  0.250141
510 0.480106 0.462687  0.0572068
823 0.51604 0.23121  0.25275
2596 0.318096 0.317574  0.36433
1742 0.315025 0.496971  0.188004
2321 0.526002 0.173471  0.300527
3347 0.399613 0.460374  0.140013
1703 0.302962 0.127387  0.569651
2320 0.31647 0.0829867  0.600543
3087 0.269311 0.515401  0.215288
2846 0.42122 0.0235333  0.555247
470 0.383332 0.484006  0.132662
1064 0.285387 0.0934956  0.621117
2741 0.428857 0.354052  0.217091
161 0.314513 0.601504  0.0839835
2876 0.36825 0.333505  0.298244
3419 0.206397 0.561367  0.232236
2472 0.335153 0.266836  0.398011
563 0.639825 0.230608  0.129567
2484 0.380316 0.386692  0.232992
1770 0.357163 0.329425  0.313411
784 0.477597 0.425787  0.0966163
1760 0.421254 0.109308  0.469438
3086 0.212766 0.468372  0.318862
2472 0.317475 0.580232  0.102293
3358 0.238717 0.099038  0.662245
255 0.393766 0.194836  0.411398
1498 0.344907 0.280645  0.374449
380 0.0137097 0.317278  0.669012
1415 0.40684 0.295546  0.297614
1779 0.263841 0.349948  0.386211
1647 0.150655 0.468605  0.38074
2045 0.20013 0.438243  0.361627
1757 0.181952 0.335498  0.48255
2113 0.0865792 0.531467  0.381953
1762 0.436828 0.416266  0.146906
3227 0.187676 0.404672  0.407651
544 0.0503013 0.472041  0.477658
1217 0.0933411 0.488287  0.418371
2694 0.208008 0.177874  0.614118
3066 0.104934 0.283374  0.611692
384 0.274316 0.1214  0.604284
976 0.394558 0.0118922  0.59355
3016 0.661968 0.240416  0.0976159
116 0.527841 0.276694  0.195465
2688 0.253549 0.112541  0.63391
1435 0.201555 0.54139  0.257056
2636 0.437399 0.281268  0.281332
1981 0.463327 0.123815  0.412857
3146 0.314659 0.646893  0.0384487
653 0.283075 0.461286  0.255639
2296 0.123493 0.457772  0.418734
2444 0.614401 0.164088  0.221511
2432 0.383444 0.0143008  0.602255
1146 0.442943 0.303324  0.253733
3016 0.0624242 0.440666  0.496909
2585 0.188308 0.438544  0.373148
3065 0.439205 0.292826  0.267969
1240 0.204692 0.768591  0.0267175
567 0.487065 0.435439  0.0774962
1903 0.623111 0.343036  0.0338525
1139 0.463664 0.367767  0.168569
3491 0.57997 0.108279  0.31175
1625 0.0924281 0.246503  0.661069
3369 0.178662 0.472256  0.349082
2028 0.422652 0.316835  0.260513
836 0.505138 0.403515  0.0913472
3090 0.207835 0.649938  0.142227
3336 0.42378 0.29819  0.27803
2007 0.383735 0.294516  0.321749
1706 0.319874 0.199301  0.480824
1515 0.114719 0.289056  0.596226
2767 0.0869766 0.188603  0.72442
18 0.724672 0.131262  0.144066
2299 0.362637 0.100739  0.536624
3226 0.257134 0.432988  0.309878
153 0.344326 0.179381  0.476293
473 0.314488 0.271351  0.414161
3502 0.250769 0.685636  0.0635949
2420 0.368136 0.256252  0.375611
572 0.502718 0.21699  0.280293
1676 0.509742 0.405129  0.0851294
1611 0.370097 0.29015  0.339753
2020 0.137029 0.39792  0.46505
2259 0.0952704 0.621895  0.282834
433 0.26595 0.303264  0.430786
2582 0.728147 0.0807921  0.191061
2971 0.192966 0.327664  0.47937
793 0.240785 0.48151  0.277705
2624 0.332393 0.319474  0.348133
3135 0.0243264 0.272848  0.702825
969 0.324352 0.156654  0.518994
2967 0.529163 0.173911  0.296926
3439 0.338543 0.324972  0.336485
2108 0.457972 0.380128  0.161899
2154 0.315185 0.0328876  0.651928
2721 0.415628 0.296949  0.287423
590 0.307829 0.220089  0.472082
2789 0.33785 0.405267  0.256882
2399 0.207735 0.76353  0.0287356
2206 0.568731 0.0914905  0.339778
2590 0.449371 0.0491055  0.501523
121 0.489848 0.234861  0.275291
1928 0.4918 0.167042  0.341158
283 0.311359 0.325792  0.362849
508 0.0202991 0.300007  0.679694
477 0.252428 0.397529  0.350043
109 0.402853 0.0245609  0.572586
403 0.137296 0.245423  0.61728
3110 0.182196 0.507876  0.309928
2018 0.323 0.077093  0.599907
1650 0.26295 0.159283  0.577767
2466 0.371125 0.353117  0.275757
1554 0.317269 0.659087  0.0236443
2678 0.65003 0.302589  0.0473804
2859 0.431921 0.190085  0.377994
2864 0.347528 0.407262  0.24521
1117 0.416453 0.321234  0.262313
1944 0.635829 0.245334  0.118837
581 0.464703 0.239752  0.295545
1204 0.0770237 0.648352  0.274625
3060 0.521592 0.136322  0.342086
637 0.275174 0.31313  0.411696
2349 0.0128126 0.626866  0.360322
1375 0.241314 0.387628  0.371058
3273 0.102451 0.533795  0.363754
2043 0.421207 0.527904  0.050889
3112 0.459665 0.232482  0.307853
2519 0.310653 0.34036  0.348987
3511 0.357379 0.264431  0.37819
2839 0.536669 0.0819306  0.381401
1816 0.497102 0.154698  0.3482
2323 0.149597 0.61134  0.239064
1088 0.381621 0.278047  0.340332
462 0.184959 0.50489  0.310151
3413 0.165475 0.255569  0.578955
2293 0.132006 0.460412  0.407582
3549 0.217792 0.27891  0.503299
254 0.0968525 0.309839  0.593309
3401 0.407126 0.335921  0.256953
84 0.0335242 0.522078  0.444398
558 0.80868 0.162696  0.0286236
3138 0.148311 0.127802  0.723887
1355 0.383463 0.556687  0.0598494
77 0.176718 0.196841  0.626441
2182 0.507803 0.0404967  0.451701
76 0.309269 0.269182  0.421549
3280 0.388761 0.266551  0.344688
3397 0.125518 0.58647  0.288013
2555 0.291924 0.666232  0.041844
647 0.597505 0.220017  0.182478
1492 0.241153 0.41399  0.344856
54 0.475236 0.130707  0.394057
1097 0.435587 0.294962  0.269451
3330 0.266056 0.31213  0.421815
2189 0.209672 0.240006  0.550322
580 0.0155804 0.88227  0.10215
3144 0.0669163 0.377068  0.556016
838 0.664845 0.0941456  0.241009
455 0.506046 0.283603  0.210351
654 0.341217 0.58415  0.074633
1554 0.229873 0.251288  0.518839
450 0.129358 0.364919  0.505723
2071 0.540462 0.19313  0.266408
2567 0.385206 0.100044  0.51475
1809 0.0394775 0.512379  0.448144
2016 0.671624 0.259452  0.0689239
474 0.408069 0.187995  0.403936
3049 0.109101 0.574694  0.316204
2345 0.349461 0.334083  0.316456
342 0.443374 0.111284  0.445342
881 0.203268 0.775407  0.0213252
2847 0.327362 0.17061  0.502028
535 0.414522 0.431795  0.153683
3412 0.0893618 0.438165  0.472474
54 0.276086 0.414763  0.309151
1138 0.18185 0.330254  0.487896
1624 0.686315 0.0823367  0.231348
2186 0.541721 0.0792851  0.378994
1782 0.341647 0.344138  0.314216
1687 0.68935 0.187485  0.123165
749 0.529262 0.20445  0.266288
3138 0.131334 0.544796  0.32387
287 0.507344 0.0983574  0.394299
1224 0.158652 0.503349  0.337998
2426 0.521871 0.12337  0.35476
1146 0.369326 0.451802  0.178872
2207 0.135141 0.50046  0.364399
303 0.197708 0.509543  0.292749
1720 0.599548 0.350082  0.0503701
1236 0.509775 0.332595  0.15763
3014 0.334202 0.594181  0.0716169
1794 0.17706 0.412061  0.410879
1410 0.674466 0.310189  0.0153451
707 0.424481 0.216671  0.358848
1782 0.602698 0.252056  0.145246
2421 0.496748 0.430688  0.0725645
3004 0.350208 0.253473  0.396319
234 0.0543503 0.676595  0.269055
3003 0.267607 0.445535  0.286857
3002 0.125523 0.300444  0.574033
2484 0.375472 0.196581  0.427947
1780 0.16747 0.366979  0.465551
152 0.68355 0.22213  0.0943207
39 0.339148 0.344663  0.316189
2948 0.545376 0.0453106  0.409313
1116 0.340901 0.445329  0.21377
3528 0.265825 0.0377149  0.69646
1379 0.0573807 0.437603  0.505017
2676 0.180987 0.290707  0.528306
2053 0.446279 0.0654556  0.488265
2946 0.122848 0.531554  0.345598
2002 0.628862 0.282461  0.0886773
3349 0.4446 0.374356  0.181044
3520 0.224062 0.757772  0.0181656
1542 0.847879 0.0593952  0.092726
2910 0.42668 0.0404695  0.53285
3267 0.665711 0.197737  0.136552
1074 0.0783498 0.38145  0.5402
463 0.18073 0.599427  0.219843
723 0.31062 0.488165  0.201215
3327 0.331687 0.547389  0.120924
970 0.278849 0.39967  0.321481
10 0.358093 0.214557  0.427349
655 0.150393 0.534302  0.315305
185 0.331878 0.281584  0.386539
922 0.477391 0.512726  0.00988332
3545 0.652892 0.28843  0.0586774
3341 0.274756 0.347533  0.37771
3549 0.209411 0.549039  0.241551
2221 0.42707 0.111493  0.461438
85 0.122898 0.587673  0.289429
2762 0.139263 0.455331  0.405406
3075 0.557566 0.18507  0.257364
1624 0.523664 0.206529  0.269807
2838 0.0869232 0.426492  0.486585
287 0.282516 0.35939  0.358094
2488 0.214601 0.604487  0.180911
1033 0.241202 0.196995  0.561803
2742 0.428918 0.0917168  0.479365
2918 0.430109 0.381565  0.188327
1711 0.273044 0.563544  0.163412
3235 0.585279 0.302383  0.112339
2909 0.221841 0.372226  0.405933
2162 0.242531 0.341009  0.416459
119 0.338701 0.267581  0.393718
705 0.337021 0.384323  0.278656
851 0.486473 0.0633929  0.450134
2173 0.336512 0.34116  0.322328
216 0.516056 0.416344  0.0675999
3036 0.208134 0.121428  0.670437
1315 0.341782 0.22875  0.429467
376 0.422543 0.241427  0.33603
23 0.420942 0.16444  0.414618
1495 0.481325 0.239401  0.279273
2598 0.590204 0.102641  0.307155
1054 0.445431 0.380129  0.17444
2171 0.472048 0.137258  0.390694
2350 0.766255 0.0947991  0.138946
2839 0.653398 0.0671552  0.279447
2413 0.431411 0.422536  0.146053
1799 0.224488 0.349093  0.426419
2761 0.325227 0.574468  0.100305
1807 0.263701 0.662031  0.0742684
462 0.298695 0.323277  0.378028
3275 0.421937 0.212722  0.365341
1160 0.397704 0.373626  0.22867
460 0.527668 0.0408588  0.431473
1815 0.45914 0.215376  0.325484
2304 0.159505 0.424564  0.41593
1221 0.401812 0.179166  0.419022
1504 0.401271 0.212665  0.386063
1512 0.30615 0.372013  0.321838
1939 0.0761959 0.382543  0.541261
3184 0.0102887 0.665466  0.324245
2383 0.300301 0.684816  0.0148833
1510 0.470573 0.330968  0.198459
1406 0.391261 0.275065  0.333674
3272 0.399551 0.269182  0.331267
2254 0.223642 0.132316  0.644042
3014 0.467413 0.120866  0.411721
66 0.265307 0.274318  0.460376
1078 0.0565237 0.137192  0.806284
147 0.173588 0.288237  0.538175
244 0.0243464 0.706702  0.268952
2266 0.653023 0.275984  0.070993
1144 0.322239 0.482803  0.194957
727 0.190342 0.431881  0.377777
2335 0.439966 0.248136  0.311898
447 0.719375 0.131097  0.149528
563 0.370527 0.252117  0.377356
1073 0.0391394 0.375854  0.585006
512 0.642748 0.173738  0.183514
2120 0.119974 0.502169  0.377857
2941 0.483413 0.0844521  0.432135
2971 0.286177 0.655188  0.0586354
123 0.353764 0.402508  0.243728
1493 0.454108 0.382196  0.163696
3489 0.300061 0.331646  0.368293
2175 0.48922 0.0073522  0.503427
739 0.136119 0.253876  0.610004
2329 0.349031 0.0235775  0.627391
963 0.141078 0.163259  0.695663
1411 0.27759 0.18988  0.53253
1362 0.43236 0.205869  0.361772
2081 0.488755 0.284141  0.227105
1246 0.539191 0.425437  0.035372
2588 0.221072 0.392633  0.386295
1849 0.330203 0.586102  0.0836955
1897 0.370753 0.471565  0.157682
1731 0.19731 0.113193  0.689498
2767 0.442829 0.0872293  0.469942
3343 0.544975 0.0601118  0.394913
1429 0.345519 0.317623  0.336859
2047 0.604198 0.0954452  0.300357
707 0.231204 0.312239  0.456557
1539 0.157464 0.482526  0.36001
2923 0.240433 0.409142  0.350425
518 0.38753 0.44648  0.16599
1429 0.0176433 0.388458  0.593899
617 0.378213 0.428033  0.193754
956 0.221439 0.626589  0.151972
649 0.296827 0.580233  0.122939
1742 0.0437564 0.150487  0.805757
3356 0.210458 0.0639945  0.725548
3499 0.269653 0.686255  0.0440921
688 0.428612 0.197016  0.374372
124 0.271205 0.37096  0.357835
1634 0.134707 0.554808  0.310484
1518 0.130661 0.385599  0.483741
3421 0.0536392 0.466249  0.480112
1677 0.073608 0.423462  0.50293
2770 0.188448 0.155956  0.655596
2281 0.110969 0.242821  0.646209
2072 0.407987 0.235975  0.356038
1227 0.167554 0.41106  0.421386
2175 0.297865 0.386115  0.31602
2704 0.736655 0.127072  0.136274
3132 0.244978 0.638923  0.116099
735 0.454648 0.479723  0.0656289
1476 0.205159 0.309105  0.485737
953 0.145996 0.832974  0.0210299
1523 0.0695363 0.537318  0.393146
2552 0.127545 0.788531  0.083924
2794 0.727776 0.124093  0.148131
855 0.205388 0.437031  0.357581
1710 0.135772 0.330567  0.533661
52 0.115995 0.35004  0.533965
2955 0.393863 0.331976  0.274161
1128 0.226086 0.343121  0.430792
2818 0.51267 0.0670239  0.420306
2878 0.404861 0.160078  0.43506
301 0.43014 0.0291476  0.540712
393 0.144884 0.570694  0.284422
446 0.315086 0.158409  0.526506
1900 0.222148 0.571011  0.206841
1126 0.131527 0.271631  0.596842
2102 0.0510328 0.719025  0.229942
2393 0.1293 0.455042  0.415658
1371 0.139632 0.44957  0.410799
2004 0.170328 0.384832  0.44484
1461 0.354658 0.26635  0.378993
3246 0.035127 0.300062  0.664811
1554 0.0318317 0.661638  0.306531
2581 0.343487 0.54386  0.112654
661 0.281588 0.337097  0.381316
2393 0.249077 0.5703  0.180623
3015 0.43894 0.0343702  0.52669
46 0.41346 0.106521  0.480019
1741 0.516391 0.114249  0.369359
811 0.385293 0.530543  0.0841645
156 0.536621 0.321635  0.141743
3082 0.310253 0.42272  0.267027
2194 0.258871 0.424998  0.316131
2984 0.476525 0.419285  0.10419
578 0.354036 0.359075  0.286888
344 0.0360489 0.607023  0.356928
2996 0.458156 0.429986  0.111859
3496 0.381181 0.479207  0.139612
1669 0.335601 0.544229  0.12017
1891 0.158633 0.387829  0.453538
1784 0.12482 0.259574  0.615606
812 0.372508 0.481408  0.146084
1081 0.462374 0.32847  0.209156
858 0.509813 0.44069  0.0494965
3096 0.0697385 0.739407  0.190855
2211 0.381337 0.172195  0.446467
2672 0.636725 0.148969  0.214306
1501 0.36758 0.273295  0.359125
1426 0.223981 0.385709  0.39031
2412 0.335224 0.186226  0.478551
702 0.363057 0.278997  0.357946
3345 0.344789 0.532217  0.122994
3222 0.461672 0.386087  0.152241
2680 0.395481 0.446057  0.158462
1785 0.177082 0.491732  0.331186
2940 0.434379 0.462189  0.103432
1296 0.514738 0.202372  0.282891
654 0.0721422 0.166104  0.761753
924 0.508839 0.0584484  0.432713
2680 0.0878465 0.349458  0.562696
831 0.298848 0.0555494  0.645602
1807 0.495769 0.083485  0.420746
2056 0.225202 0.601856  0.172942
862 0.781358 0.0367792  0.181863
1636 0.463271 0.437309  0.0994202
2077 0.571393 0.066049  0.362558
903 0.544085 0.348433  0.107482
2425 0.245299 0.384783  0.369918
1736 0.216555 0.474785  0.30866
1935 0.505744 0.34781  0.146446
807 0.403499 0.0698899  0.526611
2184 0.114049 0.206315  0.679636
201 0.404179 0.3758  0.220021
2999 0.0837697 0.573867  0.342364
3143 0.49234 0.220442  0.287219
1662 0.0339918 0.293346  0.672662
2720 0.334513 0.557104  0.108383
2939 0.263244 0.443744  0.293012
935 0.631915 0.242749  0.125336
2047 0.138803 0.749718  0.111479
572 0.309506 0.298995  0.3915
2073 0.193722 0.206227  0.60005
2297 0.479319 0.502024  0.0186565
3386 0.204424 0.491111  0.304466
1491 0.134091 0.445826  0.420084
3488 0.192477 0.768186  0.0393378
2477 0.340398 0.435119  0.224483
1317 0.398854 0.106061  0.495085
1652 0.23731 0.682191  0.0804996
910 0.178165 0.421472  0.400363
1519 0.429212 0.39899  0.171797
1938 0.202921 0.461331  0.335747
1414 0.597874 0.22982  0.172306
1683 0.446884 0.191321  0.361794
1556 0.24126 0.0165842  0.742156
2559 0.104986 0.204442  0.690571
1336 0.204594 0.667298  0.128108
2134 0.497036 0.381588  0.121375
1281 0.368448 0.075536  0.556016
2668 0.41564 0.0770254  0.507335
785 0.166631 0.227666  0.605703
1103 0.250851 0.34185  0.407299
1530 0.343346 0.355616  0.301038
1354 0.257784 0.52328  0.218936
3004 0.175232 0.260535  0.564233
2191 0.478684 0.371731  0.149585
1645 0.485117 0.187566  0.327317
2479 0.443454 0.0242168  0.53233
2492 0.172306 0.182588  0.645105
2434 0.394573 0.238918  0.36651
3109 0.137413 0.36415  0.498437
2211 0.343304 0.253039  0.403657
868 0.563668 0.173257  0.263075
3401 0.102524 0.410411  0.487065
1686 0.201544 0.328431  0.470025
3321 0.239262 0.452207  0.308531
201 0.341055 0.354533  0.304412
3534 0.322988 0.186177  0.490835
3233 0.254826 0.287838  0.457336
1501 0.195121 0.29412  0.51076
2990 0.351065 0.0807383  0.568197
2956 0.393704 0.32992  0.276376
1725 0.305376 0.215984  0.478639
3329 0.346857 0.429495  0.223648
3226 0.185987 0.486781  0.327232
2969 0.0243318 0.398956  0.576712
815 0.46008 0.0717426  0.468178
2029 0.329922 0.091145  0.578934
1588 0.245065 0.250731  0.504204
572 0.829496 0.0937784  0.0767252
2849 0.28759 0.329195  0.383215
347 0.409353 0.0213679  0.569279
2721 0.628029 0.351103  0.0208686
1753 0.516827 0.0773398  0.405833
1297 0.453933 0.0418811  0.504186
1878 0.429188 0.114955  0.455857
2373 0.470496 0.063346  0.466158
1717 0.250585 0.550503  0.198912
2153 0.138026 0.546574  0.3154
1483 0.327591 0.331456  0.340953
599 0.228466 0.46088  0.310654
883 0.549719 0.016338  0.433943
2723 0.286242 0.525242  0.188516
501 0.37066 0.302864  0.326476
1380 0.106833 0.454286  0.438881
3112 0.107392 0.427289  0.465319
2848 0.585111 0.0076152  0.407274
1874 0.333438 0.436537  0.230025
1626 0.368529 0.16767  0.463801
1204 0.311474 0.649808  0.0387177
2167 0.43921 0.214828  0.345962
477 0.41901 0.500584  0.0804058
2324 0.296923 0.321846  0.38123
3098 0.561416 0.261267  0.177317
2305 0.181462 0.147332  0.671207
2159 0.176965 0.623815  0.199219
600 0.241011 0.21408  0.544909
1963 0.300279 0.196051  0.50367
1563 0.290377 0.291792  0.417831
1761 0.21491 0.39466  0.39043
3501 0.0287444 0.692633  0.278623
715 0.332796 0.38208  0.285124
2485 0.482936 0.376905  0.140159
1824 0.692435 0.201352  0.106213
333 0.500632 0.441614  0.0577533
1896 0.175099 0.559841  0.26506
1313 0.357896 0.528652  0.113452
1708 0.256613 0.359761  0.383626
3535 0.280812 0.274733  0.444455
1916 0.476711 0.310477  0.212812
1386 0.226616 0.265201  0.508183
2777 0.588893 0.28162  0.129487
3229 0.148469 0.647569  0.203962
3322 0.586532 0.317319  0.0961487
1040 0.237728 0.365046  0.397225
2692 0.29243 0.395382  0.312188
1563 0.304852 0.459313  0.235835
662 0.4102 0.451355  0.138446
3333 0.106084 0.534151  0.359765
3300 0.197807 0.265051  0.537141
1707 0.536797 0.0971039  0.366099
3532 0.0661237 0.558329  0.375547
2295 0.345169 0.272348  0.382483
208 0.260452 0.431705  0.307842
2379 0.0457753 0.46215  0.492074
2593 0.570037 0.0457989  0.384164
196 0.296322 0.606326  0.0973515
2131 0.712908 0.256769  0.0303222
2713 0.363647 0.320867  0.315486
149 0.233499 0.310124  0.456377
160 0.384512 0.240381  0.375106
3000 0.203826 0.585504  0.210671
1332 0.428613 0.406733  0.164653
2042 0.155177 0.648838  0.195985
2712 0.298561 0.198334  0.503104
3480 0.647577 0.295561  0.0568622
1331 0.589503 0.230238  0.180259
1770 0.0193574 0.309011  0.671631
1914 0.250393 0.265111  0.484497
2306 0.390668 0.286115  0.323217
2806 0.467377 0.29741  0.235213
1504 0.0705027 0.509047  0.42045
454 0.112296 0.018612  0.869092
223 0.319773 0.355588  0.324639
2742 0.115466 0.233797  0.650738
2757 0.21086 0.691488  0.0976523
2988 0.261779 0.536349  0.201872
1410 0.521035 0.146998  0.331967
714 0.327299 0.23186  0.440841
2851 0.207251 0.430876  0.361873
523 0.228237 0.343102  0.42866
798 0.344659 0.226262  0.429079
3550 0.189759 0.403794  0.406447
2301 0.536411 0.25503  0.208559
276 0.246974 0.391778  0.361248
1121 0.421467 0.445734  0.132799
5 0.333802 0.29213  0.374067
1260 0.176093 0.413585  0.410323
1466 0.282474 0.346716  0.370811
2313 0.0994046 0.459987  0.440609
756 0.178933 0.438367  0.3827
1997 0.315637 0.243242  0.44112
1606 0.0326569 0.714066  0.253277
3489 0.113364 0.610799  0.275837
2832 0.386923 0.173371  0.439706
979 0.0704675 0.220287  0.709245
3508 0.410065 0.176781  0.413154
3411 0.253562 0.256049  0.490389
2375 0.317214 0.523212  0.159573
1012 0.336155 0.240303  0.423542
1931 0.326093 0.290346  0.38356
2771 0.268443 0.363281  0.368276
990 0.115893 0.374611  0.509496
1791 0.314469 0.284623  0.400908
652 0.167855 0.477482  0.354662
2850 0.63486 0.0964345  0.268706
1620 0.0377905 0.41181  0.5504
2686 0.0268342 0.924453  0.048713
1822 0.290556 0.149144  0.5603
2164 0.266667 0.143335  0.589998
780 0.21083 0.438891  0.35028
3327 0.212737 0.509435  0.277828
1499 0.537947 0.0896608  0.372393
2254 0.39372 0.258566  0.347714
2629 0.170831 0.0566844  0.772484
22 0.219759 0.355224  0.425017
3069 0.0944313 0.620136  0.285433
47 0.365886 0.338725  0.295389
3327 0.249075 0.579963  0.170962
2207 0.229784 0.298145  0.472071
3100 0.218598 0.427833  0.353569
1675 0.672095 0.200287  0.127618
3073 0.351909 0.150439  0.497652
1381 0.336627 0.416053  0.24732
652 0.392887 0.437177  0.169935
1628 0.372452 0.286976  0.340572
145 0.324155 0.441903  0.233942
3087 0.794438 0.104005  0.101557
1878 0.671903 0.212496  0.1156
2602 0.111014 0.106428  0.782558
2743 0.277756 0.318205  0.404039
3458 0.273383 0.341811  0.384806
1379 0.0724397 0.487435  0.440125
413 0.423451 0.549396  0.0271533
2776 0.415691 0.139832  0.444477
714 0.540466 0.332207  0.127327
2561 0.443135 0.30256  0.254305
491 0.532186 0.295466  0.172348
1065 0.0427628 0.142319  0.814918
233 0.18154 0.196999  0.621461
3391 0.343642 0.424209  0.232149
2902 0.239689 0.337231  0.42308
1792 0.201393 0.481266  0.317341
1707 0.313969 0.206341  0.47969
748 0.438307 0.255457  0.306236
2740 0.558066 0.281964  0.15997
3497 0.0701106 0.421976  0.507913
119 0.385214 0.314785  0.300001
2689 0.351779 0.609916  0.0383048
1498 0.448157 0.36589  0.185953
2479 0.162902 0.246206  0.590892
2082 0.332221 0.639451  0.0283286
2974 0.405353 0.485116  0.109531
3399 0.278734 0.511095  0.21017
1931 0.156047 0.0835497  0.760403
633 0.513346 0.449286  0.0373682
2581 0.449426 0.239149  0.311426
1321 0.250737 0.102049  0.647213
968 0.121502 0.24117  0.637329
2153 0.266261 0.392299  0.341439
1487 0.0476954 0.50146  0.450844
2110 0.343179 0.309682  0.347139
3251 0.529358 0.21298  0.257662
14 0.205306 0.531085  0.263609
688 0.323888 0.315012  0.3611
2799 0.471564 0.141344  0.387092
1335 0.344037 0.492825  0.163138
1085 0.381193 0.0314855  0.587322
1785 0.368934 0.486145  0.144921
439 0.25907 0.313597  0.427333
395 0.666161 0.146832  0.187007
1373 0.23743 0.433523  0.329048
517 0.290333 0.407046  0.302622
2169 0.310962 0.592073  0.0969644
1072 0.304314 0.187175  0.508511
535 0.0846146 0.0855248  0.829861
1259 0.414228 0.0936025  0.492169
