4424 0.48338 0.248559  0.268061
8073 0.367046 0.38736  0.245594
945 0.512147 0.247928  0.239925
2046 0.205247 0.33168  0.463073
2664 0.300241 0.388065  0.311694
9319 0.426754 0.0802004  0.493046
109 0.461834 0.048777  0.489389
7121 0.446451 0.278994  0.274555
10620 0.451809 0.0792238  0.468968
3743 0.345533 0.218178  0.436289
6063 0.803013 0.0500432  0.146944
2475 0.38088 0.211054  0.408066
6462 0.568478 0.0642519  0.36727
9501 0.285547 0.323159  0.391294
11933 0.775901 0.15856  0.0655394
3365 0.564997 0.256863  0.17814
12988 0.220177 0.382473  0.39735
12194 0.301105 0.214662  0.484234
7378 0.509336 0.277083  0.213581
257 0.343129 0.372152  0.284719
11462 0.119375 0.638458  0.242167
528 0.2567 0.603503  0.139797
3863 0.405013 0.240492  0.354495
3374 0.0764007 0.476369  0.44723
12455 0.0615063 0.746919  0.191575
6048 0.401895 0.430337  0.167768
10979 0.265061 0.27479  0.460149
9570 0.285854 0.56791  0.146236
4523 0.532899 0.13851  0.328591
7143 0.481039 0.22335  0.295611
6248 0.0969711 0.648826  0.254203
4103 0.470085 0.0178226  0.512092
11835 0.464159 0.0317695  0.504071
10147 0.170937 0.430611  0.398452
5056 0.254986 0.45897  0.286044
12175 0.0776628 0.514789  0.407548
6311 0.360177 0.315024  0.324799
8710 0.446566 0.148557  0.404877
12917 0.785422 0.196466  0.0181116
13936 0.310291 0.311864  0.377845
3550 0.423613 0.358776  0.217611
2462 0.444469 0.115283  0.440248
12015 0.687598 0.154275  0.158127
528 0.435535 0.18266  0.381806
1456 0.354315 0.343686  0.301999
14006 0.227464 0.0675029  0.705033
9616 0.294077 0.160518  0.545405
14299 0.277666 0.241496  0.480838
529 0.0631618 0.507237  0.429601
8814 0.614216 0.355662  0.0301222
13206 0.0653645 0.255903  0.678732
7092 0.438748 0.525085  0.0361669
5114 0.0953978 0.17699  0.727612
12554 0.0752687 0.217135  0.707596
12928 0.250812 0.427455  0.321732
13895 0.224382 0.446425  0.329193
13039 0.137533 0.417841  0.444625
7998 0.544107 0.412757  0.0431352
6311 0.33379 0.266799  0.399411
8765 0.040346 0.147063  0.812591
13172 0.305647 0.121423  0.572931
3069 0.456738 0.190397  0.352865
10679 0.326237 0.311274  0.362489
11210 0.371314 0.525555  0.103131
6301 0.593767 0.0445009  0.361732
2262 0.194013 0.384574  0.421412
863 0.173609 0.342716  0.483675
6628 0.518261 0.441164  0.040575
4386 0.485673 0.0263122  0.488015
12524 0.304554 0.398417  0.297029
12917 0.414306 0.213164  0.37253
6302 0.335887 0.29502  0.369093
1694 0.305267 0.458134  0.236599
1538 0.518749 0.229246  0.252005
4101 0.0950306 0.562281  0.342688
4677 0.598082 0.0237011  0.378217
1494 0.0338657 0.387128  0.579006
9970 0.0768403 0.407161  0.515999
11050 0.0903864 0.44267  0.466944
12456 0.216106 0.44435  0.339544
8114 0.453107 0.435929  0.110964
11202 0.337012 0.219811  0.443177
12063 0.458562 0.336376  0.205062
5534 0.217444 0.0942229  0.688333
14388 0.436824 0.27036  0.292816
10502 0.566492 0.279167  0.154342
11389 0.343116 0.305467  0.351416
6442 0.452735 0.0286576  0.518607
9172 0.242582 0.126416  0.631002
7961 0.496829 0.421649  0.081522
4390 0.264457 0.451094  0.284449
13517 0.100872 0.651081  0.248047
8746 0.898756 0.0392269  0.0620176
14151 0.384421 0.384712  0.230866
8821 0.222388 0.400044  0.377568
4386 0.400549 0.25549  0.343961
1641 0.630057 0.086619  0.283324
7063 0.414188 0.231372  0.35444
14585 0.193961 0.755616  0.0504226
14132 0.487531 0.27214  0.240329
5413 0.264108 0.393108  0.342784
9792 0.67954 0.133403  0.187058
8619 0.457399 0.458765  0.0838352
12538 0.171144 0.340119  0.488737
14448 0.379071 0.481823  0.139106
14187 0.372707 0.266088  0.361206
441 0.496113 0.136077  0.367809
11871 0.107617 0.773054  0.119329
3904 0.563607 0.0246807  0.411713
12755 0.441165 0.0761623  0.482673
12328 0.228242 0.172622  0.599136
1306 0.408732 0.153237  0.438031
6450 0.3244 0.537065  0.138534
6724 0.285919 0.433156  0.280925
8491 0.482628 0.40686  0.110512
5555 0.415205 0.527974  0.0568204
3682 0.298203 0.652968  0.0488285
6302 0.347759 0.173132  0.47911
10963 0.585228 0.398522  0.0162497
7789 0.369155 0.396538  0.234307
5240 0.296768 0.192187  0.511045
367 0.262484 0.0749613  0.662555
9211 0.440856 0.262906  0.296238
6626 0.298055 0.290656  0.411289
11175 0.36274 0.268018  0.369242
11885 0.414103 0.435131  0.150766
6 0.344623 0.2306  0.424777
6945 0.336834 0.514681  0.148485
6892 0.491731 0.169972  0.338297
2567 0.103503 0.379258  0.517239
11113 0.894602 0.0666654  0.0387324
10566 0.477321 0.504743  0.0179362
1435 0.137559 0.396752  0.465689
9168 0.292472 0.387206  0.320323
4386 0.315063 0.316908  0.368029
2248 0.134653 0.536098  0.329249
4891 0.387818 0.211517  0.400665
9772 0.337212 0.214202  0.448587
4382 0.28213 0.354182  0.363688
3267 0.484158 0.0304068  0.485436
6381 0.43918 0.128373  0.432447
6448 0.381553 0.0862198  0.532228
2927 0.282697 0.372158  0.345145
13161 0.0453225 0.482301  0.472377
8456 0.332341 0.422117  0.245541
1447 0.033363 0.271462  0.695175
10210 0.510738 0.306755  0.182507
7150 0.525268 0.232865  0.241867
3869 0.172192 0.432415  0.395393
6406 0.321368 0.275556  0.403076
11193 0.229405 0.325642  0.444953
10833 0.287002 0.1818  0.531198
2063 0.408644 0.357672  0.233684
11645 0.0992923 0.407367  0.49334
1712 0.172233 0.210071  0.617696
10999 0.494216 0.206697  0.299087
11718 0.602378 0.241044  0.156578
10817 0.426412 0.353489  0.220099
10507 0.233533 0.224555  0.541913
7398 0.512987 0.199359  0.287653
13915 0.414851 0.0421239  0.543025
12136 0.335681 0.154489  0.50983
5044 0.480371 0.167052  0.352577
239 0.424463 0.289438  0.286099
4386 0.151175 0.692351  0.156474
13528 0.317256 0.347741  0.335004
12173 0.138196 0.470637  0.391166
11413 0.56081 0.296909  0.142281
2105 0.454803 0.306802  0.238394
5549 0.558949 0.353086  0.0879646
13739 0.345542 0.158369  0.496089
6898 0.238585 0.160572  0.600842
8306 0.547585 0.272944  0.179471
9530 0.190828 0.432407  0.376765
3189 0.103136 0.885071  0.0117931
11441 0.233194 0.451096  0.31571
3486 0.146865 0.28176  0.571375
2139 0.445119 0.307833  0.247048
7304 0.416201 0.210015  0.373784
3754 0.156465 0.699157  0.144378
8744 0.0334608 0.133881  0.832659
12904 0.383777 0.208161  0.408062
9688 0.395331 0.365198  0.239471
8309 0.450837 0.322491  0.226671
6308 0.402616 0.464888  0.132496
13965 0.380393 0.229171  0.390436
8746 0.679676 0.294611  0.0257128
13573 0.332474 0.536804  0.130722
13532 0.548765 0.0550411  0.396194
936 0.532009 0.0808302  0.387161
14021 0.529746 0.145921  0.324333
6308 0.495839 0.409599  0.094562
3724 0.338125 0.175028  0.486847
8370 0.462194 0.453281  0.0845246
3378 0.303827 0.429936  0.266237
6248 0.205645 0.264949  0.529407
2901 0.554266 0.297749  0.147985
9588 0.432305 0.445332  0.122363
3784 0.0254252 0.303632  0.670943
11474 0.34639 0.438674  0.214935
12795 0.227239 0.541969  0.230792
13039 0.50317 0.0487917  0.448039
5524 0.246317 0.436784  0.316899
1425 0.312165 0.428344  0.259491
2091 0.387673 0.533278  0.0790491
304 0.566843 0.267678  0.165479
4471 0.175078 0.0676539  0.757268
9530 0.31302 0.48047  0.206511
1093 0.631138 0.143181  0.225681
13703 0.377534 0.475295  0.147171
3222 0.537042 0.12025  0.342708
13039 0.14914 0.338552  0.512308
14032 0.38317 0.207897  0.408933
12173 0.223543 0.410549  0.365908
14506 0.332036 0.568089  0.0998752
397 0.0245435 0.474538  0.500919
851 0.403208 0.366438  0.230354
6306 0.61424 0.291045  0.0947151
11580 0.421442 0.293331  0.285226
6349 0.149779 0.346062  0.504159
14597 0.156307 0.0634877  0.780206
12139 0.0321543 0.32592  0.641926
7038 0.0695122 0.610949  0.319539
6544 0.313227 0.47764  0.209133
5164 0.23684 0.304529  0.458631
5501 0.326229 0.286803  0.386968
12974 0.401089 0.0339326  0.564978
12863 0.764562 0.151893  0.0835455
13990 0.502514 0.467471  0.0300157
1747 0.615315 0.00789432  0.376791
11104 0.436157 0.314805  0.249038
3892 0.272257 0.271473  0.45627
433 0.640704 0.172  0.187296
11422 0.443575 0.216583  0.339842
5114 0.0620218 0.445128  0.49285
2105 0.378958 0.233738  0.387304
3940 0.336991 0.0249532  0.638056
14299 0.339643 0.463311  0.197046
10236 0.417874 0.490579  0.0915471
5032 0.318508 0.529062  0.15243
12902 0.25118 0.386865  0.361955
8746 0.391723 0.189583  0.418693
4964 0.340216 0.639595  0.0201892
12435 0.61254 0.162258  0.225201
17 0.119478 0.767019  0.113503
11846 0.429537 0.168789  0.401674
11661 0.618909 0.0491609  0.33193
10168 0.0935835 0.516164  0.390253
11801 0.121091 0.438788  0.44012
2063 0.207793 0.231547  0.56066
905 0.0118803 0.589412  0.398708
1924 0.0687489 0.450357  0.480894
4386 0.0812219 0.429148  0.48963
12132 0.145273 0.354059  0.500668
3091 0.157697 0.132706  0.709597
4136 0.0750198 0.469777  0.455203
4147 0.198118 0.49387  0.308012
3077 0.419389 0.200979  0.379632
10762 0.540064 0.0196944  0.440241
14299 0.402463 0.428747  0.16879
9588 0.596078 0.229157  0.174765
661 0.374217 0.345796  0.279988
5013 0.0733449 0.699622  0.227033
8499 0.225439 0.163883  0.610679
2906 0.441653 0.379874  0.178472
10726 0.409827 0.439836  0.150338
9508 0.314813 0.278183  0.407004
13683 0.672278 0.25607  0.0716523
3945 0.240312 0.200679  0.559009
13383 0.381555 0.436162  0.182282
1014 0.376701 0.367638  0.255661
10530 0.0294941 0.48909  0.481415
4015 0.347468 0.385548  0.266985
6497 0.0385807 0.764872  0.196547
11681 0.160626 0.77549  0.0638845
12844 0.205191 0.331293  0.463516
2298 0.426884 0.184658  0.388458
12962 0.341602 0.142468  0.51593
3388 0.465799 0.0838144  0.450387
14023 0.262325 0.549993  0.187683
3807 0.0489351 0.449073  0.501992
2333 0.349998 0.294207  0.355794
5109 0.655863 0.0205995  0.323538
6172 0.18203 0.3687  0.449271
2917 0.405401 0.500463  0.0941361
1447 0.378841 0.133032  0.488127
12301 0.22923 0.389146  0.381624
3604 0.690762 0.292607  0.0166308
11198 0.489853 0.352485  0.157661
4731 0.0320964 0.288195  0.679708
11566 0.216043 0.253757  0.530199
6379 0.851055 0.132925  0.01602
14117 0.371299 0.124142  0.504559
14069 0.197986 0.136447  0.665568
10280 0.270406 0.398762  0.330831
9224 0.87376 0.0463937  0.0798459
7059 0.445907 0.541098  0.0129957
12798 0.499112 0.363075  0.137813
13505 0.509214 0.3967  0.0940855
14431 0.604887 0.232653  0.162459
8058 0.030625 0.481355  0.48802
7386 0.0571499 0.360688  0.582162
7335 0.260436 0.129726  0.609838
13886 0.558691 0.138692  0.302617
7521 0.46819 0.125231  0.406579
5968 0.205497 0.301578  0.492925
6439 0.47421 0.239529  0.28626
5200 0.219334 0.116549  0.664117
4108 0.415009 0.203034  0.381957
307 0.654039 0.0605569  0.285404
9000 0.343965 0.328406  0.327629
6936 0.494423 0.419664  0.0859131
10529 0.280466 0.39605  0.323483
2852 0.349798 0.251545  0.398657
11325 0.387265 0.264357  0.348379
12171 0.271349 0.187074  0.541577
323 0.575249 0.401337  0.023414
1903 0.475374 0.49799  0.0266362
13974 0.434073 0.0372553  0.528671
10893 0.534802 0.306965  0.158232
664 0.0159283 0.643565  0.340506
10300 0.0094282 0.45508  0.535492
7874 0.404032 0.175466  0.420502
4004 0.282731 0.583772  0.133497
13823 0.274322 0.361668  0.364009
5038 0.456526 0.34897  0.194504
12863 0.19187 0.0498147  0.758315
1593 0.157467 0.224815  0.617718
10781 0.380809 0.413566  0.205625
256 0.146026 0.434961  0.419013
6302 0.417437 0.302961  0.279601
7160 0.446641 0.534205  0.0191535
6063 0.435846 0.27949  0.284664
2462 0.519508 0.152466  0.328025
3597 0.261238 0.244648  0.494114
13976 0.356087 0.491267  0.152645
6301 0.24179 0.0324059  0.725804
14447 0.0418983 0.467323  0.490779
2479 0.355412 0.406914  0.237675
9851 0.394672 0.28359  0.321737
7962 0.456331 0.361465  0.182204
5796 0.0944918 0.884787  0.0207213
14597 0.0632108 0.491997  0.444792
5968 0.317551 0.458217  0.224232
11461 0.251171 0.443606  0.305223
10658 0.278202 0.379449  0.342348
6119 0.40722 0.0906532  0.502127
14402 0.415457 0.444053  0.14049
13959 0.255131 0.453981  0.290889
2276 0.446317 0.382199  0.171484
8295 0.494673 0.109059  0.396268
6071 0.76984 0.151706  0.0784539
12301 0.287175 0.276179  0.436645
1531 0.328535 0.239622  0.431843
11709 0.458613 0.461578  0.0798096
13459 0.161451 0.368935  0.469614
12309 0.130598 0.512984  0.356418
275 0.0519149 0.485863  0.462223
2256 0.0893696 0.240108  0.670522
12442 0.156083 0.368617  0.4753
11969 0.709979 0.0778997  0.212121
14292 0.692277 0.11639  0.191333
14097 0.21991 0.455849  0.324241
7707 0.484307 0.177704  0.337989
10982 0.380466 0.467094  0.152439
14570 0.219825 0.348732  0.431443
4020 0.170677 0.378865  0.450458
7160 0.396889 0.31425  0.288862
13842 0.254856 0.382502  0.362642
12309 0.357681 0.446756  0.195563
3876 0.278266 0.339904  0.38183
4980 0.337334 0.465639  0.197027
3888 0.250761 0.387577  0.361662
8306 0.311314 0.24927  0.439417
1608 0.544234 0.289419  0.166347
8233 0.404649 0.532524  0.062827
3697 0.397522 0.334422  0.268056
5067 0.290422 0.409274  0.300304
5039 0.507107 0.172496  0.320398
3166 0.667773 0.0944335  0.237794
7706 0.4752 0.18921  0.33559
5823 0.24446 0.535653  0.219887
14406 0.602204 0.354738  0.0430582
8440 0.125452 0.614972  0.259576
12175 0.425896 0.0683014  0.505802
8262 0.176064 0.114976  0.70896
2920 0.010289 0.58798  0.401731
11891 0.37106 0.248025  0.380915
12888 0.41071 0.234836  0.354454
6185 0.284545 0.0846097  0.630845
12016 0.122402 0.50341  0.374188
406 0.385146 0.248924  0.36593
12174 0.089475 0.328037  0.582488
10817 0.347568 0.170075  0.482357
5294 0.141945 0.479063  0.378993
4838 0.395856 0.377478  0.226666
11827 0.306684 0.480762  0.212554
5984 0.350956 0.149945  0.499099
5114 0.284034 0.57191  0.144056
9333 0.44921 0.538413  0.012377
14464 0.293857 0.2998  0.406343
12970 0.40494 0.383303  0.211758
7033 0.133844 0.428572  0.437584
5720 0.575913 0.364  0.0600866
6561 0.0510555 0.101957  0.846987
12320 0.190094 0.496868  0.313038
13610 0.415715 0.0418348  0.54245
12173 0.287717 0.245989  0.466294
12968 0.213068 0.730891  0.0560412
1600 0.111072 0.268869  0.620059
651 0.366365 0.0225752  0.61106
6685 0.463137 0.156107  0.380756
11007 0.410228 0.304562  0.28521
5930 0.171943 0.371861  0.456195
9016 0.409315 0.321516  0.269169
4093 0.0665887 0.51857  0.414841
9970 0.0360118 0.639257  0.324731
7377 0.270437 0.347079  0.382484
4196 0.15258 0.410861  0.436559
6301 0.102345 0.445019  0.452636
14301 0.148759 0.217912  0.633329
12235 0.504757 0.264157  0.231086
12177 0.376056 0.377684  0.24626
8307 0.24719 0.423179  0.329631
9882 0.0578076 0.618136  0.324057
12132 0.0197099 0.703849  0.276441
8468 0.141948 0.460574  0.397478
7731 0.357532 0.0115888  0.630879
635 0.313891 0.528017  0.158092
2831 0.446608 0.316741  0.236651
10872 0.0351131 0.47121  0.493677
11914 0.0255024 0.408498  0.565999
5388 0.525859 0.0602371  0.413904
9530 0.244056 0.675953  0.0799911
12859 0.401838 0.265242  0.33292
9970 0.0410965 0.686343  0.27256
14301 0.348846 0.405124  0.246029
7518 0.426634 0.0296777  0.543688
9729 0.542271 0.190557  0.267172
5283 0.335329 0.330211  0.33446
2223 0.662998 0.150687  0.186316
9588 0.871867 0.103212  0.0249206
7084 0.540795 0.246474  0.212731
14509 0.090388 0.346343  0.563269
7180 0.286774 0.401992  0.311234
4386 0.13635 0.389979  0.47367
9377 0.176238 0.375807  0.447955
10686 0.275012 0.337718  0.387271
10499 0.534026 0.119819  0.346154
2902 0.328461 0.578627  0.0929121
2436 0.851546 0.0346927  0.113761
11591 0.447438 0.438412  0.114149
9868 0.160135 0.379974  0.459891
9674 0.606193 0.199656  0.194151
11839 0.470641 0.105459  0.4239
3898 0.0826212 0.518766  0.398612
12537 0.301335 0.566061  0.132604
9088 0.230941 0.139897  0.629162
3796 0.603364 0.106184  0.290452
9202 0.44374 0.0104839  0.545776
14443 0.243436 0.707034  0.0495305
11958 0.329947 0.0543972  0.615656
11871 0.321934 0.17822  0.499847
4112 0.12984 0.243467  0.626693
5540 0.235225 0.584907  0.179868
8546 0.331157 0.102464  0.566379
4092 0.59627 0.113143  0.290586
349 0.461983 0.379848  0.158169
13544 0.417946 0.391488  0.190566
4097 0.0235853 0.496048  0.480366
6160 0.415876 0.368866  0.215258
14420 0.432158 0.461115  0.106727
899 0.408426 0.186339  0.405235
9045 0.110471 0.517949  0.37158
11652 0.379219 0.583772  0.0370088
4094 0.593044 0.145562  0.261393
11015 0.0769967 0.219237  0.703766
370 0.270735 0.334072  0.395193
13552 0.515949 0.458701  0.0253501
7348 0.202546 0.677833  0.119621
9546 0.130574 0.428334  0.441091
11180 0.454755 0.137555  0.407689
4092 0.0853663 0.589049  0.325585
5880 0.650367 0.269419  0.0802141
10610 0.383517 0.124415  0.492067
11703 0.54375 0.240689  0.215562
8153 0.259135 0.464842  0.276022
2108 0.474356 0.337119  0.188524
4280 0.183058 0.251553  0.56539
8694 0.130126 0.641611  0.228263
8690 0.25155 0.34856  0.399889
14471 0.44909 0.0276846  0.523225
12139 0.608796 0.0586585  0.332545
12071 0.104852 0.24362  0.651528
396 0.314989 0.515974  0.169036
5332 0.550293 0.249209  0.200498
10687 0.547504 0.122032  0.330464
3814 0.0407791 0.4209  0.538321
5114 0.308193 0.625319  0.0664878
10146 0.665047 0.286019  0.0489346
9530 0.0276135 0.510614  0.461772
3467 0.216926 0.621496  0.161578
999 0.45935 0.33193  0.208719
5039 0.343808 0.308018  0.348174
13168 0.291082 0.284223  0.424695
12175 0.171066 0.661652  0.167282
13172 0.491656 0.203651  0.304692
6308 0.656999 0.283754  0.0592467
13158 0.40739 0.232435  0.360175
11323 0.694632 0.053488  0.25188
11038 0.29654 0.196146  0.507315
395 0.121697 0.479476  0.398827
8309 0.366796 0.250228  0.382976
11054 0.0655871 0.437802  0.496611
2254 0.343228 0.553904  0.102868
14164 0.0753551 0.492122  0.432523
14068 0.0654413 0.364495  0.570063
11502 0.127122 0.439535  0.433342
1983 0.291881 0.254128  0.453992
12171 0.264783 0.0383969  0.69682
1319 0.423878 0.448379  0.127743
7606 0.377056 0.397977  0.224967
1903 0.301517 0.391861  0.306623
5850 0.79007 0.140986  0.0689442
3672 0.444676 0.121588  0.433736
14361 0.0412399 0.221507  0.737253
10765 0.410046 0.397746  0.192208
10964 0.161533 0.5387  0.299767
2062 0.0504303 0.13033  0.81924
9970 0.347429 0.592295  0.0602764
4506 0.351426 0.389353  0.25922
6210 0.397147 0.246204  0.356649
6926 0.0555585 0.553178  0.391263
6300 0.0606697 0.238711  0.700619
13362 0.284716 0.234664  0.480619
3304 0.146229 0.329542  0.524229
14542 0.841162 0.0844481  0.0743903
9881 0.0463399 0.0858632  0.867797
9052 0.320563 0.0844049  0.595032
9888 0.293618 0.534095  0.172288
13450 0.453601 0.0108811  0.535518
14344 0.432849 0.42473  0.142422
7338 0.455017 0.175459  0.369524
7537 0.581431 0.0625538  0.356015
6536 0.581018 0.151655  0.267327
3962 0.487481 0.353063  0.159456
4663 0.328415 0.339459  0.332126
4383 0.500126 0.286427  0.213447
2786 0.317083 0.401468  0.281449
2911 0.432019 0.0471443  0.520837
5450 0.0367994 0.499821  0.46338
9097 0.411977 0.138265  0.449758
4335 0.364344 0.349384  0.286272
14161 0.389118 0.268536  0.342347
7433 0.478129 0.0763881  0.445483
2352 0.196356 0.124147  0.679497
4513 0.103239 0.406225  0.490535
10783 0.364538 0.206941  0.428521
9530 0.21262 0.22849  0.55889
9022 0.379291 0.374323  0.246385
5555 0.410354 0.514012  0.0756348
9115 0.22504 0.183298  0.591662
9111 0.72153 0.106493  0.171978
14628 0.142616 0.498274  0.359111
8039 0.147632 0.280252  0.572115
1445 0.377687 0.393591  0.228722
7844 0.274117 0.109105  0.616778
12407 0.136863 0.0163677  0.846769
9155 0.631887 0.142379  0.225734
4431 0.584244 0.39269  0.0230655
2379 0.498995 0.378016  0.122989
4080 0.343639 0.121894  0.534467
13290 0.0314118 0.539508  0.42908
14434 0.379299 0.294215  0.326486
10766 0.32983 0.277587  0.392583
8187 0.274061 0.315153  0.410786
3322 0.336324 0.642553  0.0211238
4107 0.561973 0.209962  0.228065
13660 0.376086 0.296751  0.327163
11918 0.0618811 0.566307  0.371812
11113 0.0818785 0.0582416  0.85988
13008 0.49579 0.356268  0.147942
12175 0.154348 0.42624  0.419412
14299 0.186045 0.494239  0.319717
11048 0.0592005 0.303086  0.637713
4103 0.577142 0.0982366  0.324622
4700 0.0651996 0.506901  0.427899
6177 0.103677 0.299018  0.597305
2972 0.312293 0.519919  0.167788
2905 0.382194 0.144624  0.473182
593 0.471166 0.0712204  0.457613
2278 0.373073 0.279912  0.347016
12957 0.28548 0.48437  0.23015
12175 0.113026 0.548875  0.3381
12388 0.208161 0.554751  0.237088
4786 0.237592 0.263696  0.498712
6429 0.361011 0.380025  0.258964
11238 0.36703 0.385261  0.247709
9755 0.336183 0.380933  0.282883
2899 0.517713 0.450989  0.0312972
8746 0.379762 0.392703  0.227535
14258 0.420318 0.207453  0.37223
1246 0.476707 0.0529279  0.470365
608 0.152102 0.380308  0.46759
14299 0.657223 0.246984  0.0957923
14561 0.253828 0.281934  0.464238
6459 0.236352 0.591061  0.172587
3126 0.584661 0.0215262  0.393813
3110 0.286176 0.283618  0.430206
13232 0.708175 0.102383  0.189442
9522 0.44141 0.165771  0.392819
10597 0.228389 0.464701  0.30691
6561 0.16118 0.488075  0.350745
4101 0.484392 0.447729  0.0678792
6452 0.313117 0.559215  0.127668
10576 0.411771 0.550411  0.0378184
11550 0.446142 0.162896  0.390962
1476 0.394914 0.186744  0.418342
10694 0.719082 0.262207  0.0187104
7464 0.176927 0.194301  0.628773
12988 0.100196 0.332438  0.567366
11048 0.154001 0.549747  0.296251
4097 0.354767 0.342623  0.302609
10623 0.127231 0.467977  0.404791
6336 0.462529 0.044596  0.492875
5046 0.358218 0.333846  0.307936
6014 0.599879 0.046972  0.353149
10884 0.281891 0.327323  0.390786
2761 0.0864674 0.378294  0.535239
10900 0.313152 0.459803  0.227045
11336 0.393248 0.142308  0.464445
2842 0.22383 0.358675  0.417495
2986 0.25578 0.403157  0.341063
3953 0.470233 0.0874729  0.442294
13725 0.302302 0.416445  0.281253
9632 0.056059 0.518958  0.424983
164 0.294533 0.329514  0.375953
7518 0.29415 0.655813  0.0500374
7170 0.747135 0.088366  0.164499
4962 0.626864 0.115682  0.257453
3211 0.701201 0.105742  0.193057
10003 0.27917 0.282526  0.438304
5401 0.70518 0.170231  0.124589
4677 0.111474 0.414455  0.474072
6080 0.0730005 0.711551  0.215448
8515 0.089861 0.359568  0.55057
7317 0.232351 0.186875  0.580773
3122 0.187183 0.306949  0.505869
274 0.341558 0.380897  0.277546
8061 0.151303 0.75674  0.0919574
5084 0.0791324 0.617442  0.303426
3161 0.595767 0.0655324  0.338701
897 0.216066 0.524359  0.259575
1753 0.273913 0.270471  0.455616
8309 0.351741 0.355228  0.293031
303 0.413788 0.0463894  0.539823
4193 0.311083 0.408655  0.280263
11826 0.132281 0.429915  0.437804
6170 0.466095 0.274836  0.259069
4508 0.181064 0.456206  0.36273
11035 0.0256554 0.583934  0.390411
4092 0.811869 0.0169763  0.171155
13843 0.287519 0.539856  0.172624
613 0.442238 0.469476  0.0882867
13163 0.442245 0.32978  0.227975
5829 0.178228 0.412733  0.409039
2379 0.259856 0.296892  0.443252
11423 0.652273 0.101521  0.246206
6302 0.706931 0.120836  0.172234
9248 0.526183 0.244089  0.229728
12863 0.19939 0.484807  0.315803
14144 0.445978 0.232399  0.321623
2628 0.555054 0.149097  0.295849
12689 0.165826 0.234314  0.59986
877 0.350087 0.404923  0.24499
5200 0.0963134 0.701104  0.202583
8821 0.253916 0.124701  0.621384
2596 0.261754 0.202663  0.535584
3318 0.362166 0.403733  0.2341
12139 0.540291 0.378476  0.0812337
4092 0.34574 0.366697  0.287563
8599 0.389642 0.251765  0.358593
2054 0.426821 0.215609  0.35757
12915 0.216197 0.395016  0.388788
12574 0.25098 0.0814194  0.6676
11467 0.199375 0.705566  0.0950582
13660 0.172114 0.744536  0.0833509
9761 0.268666 0.187132  0.544202
7217 0.662002 0.212345  0.125653
8950 0.327702 0.344319  0.327979
5538 0.259563 0.368961  0.371477
3390 0.034124 0.482069  0.483807
1476 0.296762 0.45455  0.248688
13305 0.0332519 0.936833  0.0299151
11247 0.333721 0.403681  0.262599
8746 0.251966 0.542421  0.205613
2420 0.201256 0.780361  0.0183831
8306 0.209904 0.466183  0.323913
12173 0.322739 0.340939  0.336322
5257 0.269357 0.394064  0.336579
14484 0.261921 0.136823  0.601257
2461 0.53414 0.113099  0.352761
9530 0.711282 0.204832  0.0838854
6393 0.358203 0.385832  0.255965
13970 0.374106 0.569191  0.0567028
10166 0.441008 0.117669  0.441323
6561 0.506504 0.475179  0.0183172
3099 0.212262 0.42015  0.367588
11871 0.222691 0.445043  0.332266
11973 0.620288 0.275074  0.104638
8039 0.231608 0.62422  0.144172
1461 0.33805 0.181531  0.480419
1476 0.37387 0.332924  0.293206
1844 0.495767 0.193452  0.31078
14299 0.0721105 0.337732  0.590157
14237 0.45525 0.264519  0.280231
8739 0.504942 0.308925  0.186132
942 0.105851 0.225269  0.66888
12168 0.403333 0.475213  0.121453
2070 0.65926 0.22142  0.11932
2067 0.416159 0.212814  0.371027
5736 0.320555 0.157591  0.521854
14504 0.348931 0.325255  0.325814
12988 0.652164 0.105011  0.242825
12538 0.366535 0.608625  0.0248405
10577 0.259938 0.147936  0.592126
13086 0.353924 0.235733  0.410343
5856 0.228926 0.378612  0.392462
3359 0.201925 0.457197  0.340878
1510 0.551078 0.41666  0.0322618
5127 0.366468 0.43615  0.197382
2018 0.313421 0.393164  0.293415
7997 0.55677 0.034526  0.408704
2105 0.129973 0.310484  0.559543
12874 0.0845537 0.551193  0.364253
12780 0.0321697 0.318539  0.649291
1573 0.370003 0.226208  0.403789
9739 0.413383 0.420289  0.166328
14448 0.389263 0.364732  0.246005
1953 0.0312879 0.532347  0.436365
5523 0.150278 0.308696  0.541026
13532 0.267478 0.526355  0.206166
2179 0.230866 0.39091  0.378223
630 0.511784 0.0799737  0.408242
11794 0.36317 0.325716  0.311114
7117 0.532474 0.22699  0.240535
8615 0.260442 0.423533  0.316025
2870 0.480513 0.209608  0.30988
8814 0.148111 0.543493  0.308396
10377 0.206505 0.396167  0.397329
14014 0.411431 0.028084  0.560485
4508 0.606095 0.318422  0.075483
11246 0.287327 0.314102  0.398571
2649 0.377899 0.508386  0.113715
14447 0.142725 0.402004  0.455271
4448 0.112822 0.238379  0.648799
863 0.384284 0.320006  0.29571
7707 0.0607343 0.851718  0.0875479
322 0.218726 0.0539488  0.727325
3914 0.159228 0.470298  0.370474
12167 0.0254139 0.359862  0.614724
12426 0.187597 0.406442  0.405961
6014 0.259809 0.119464  0.620726
9069 0.403176 0.342456  0.254368
12791 0.505742 0.0742156  0.420042
14046 0.366756 0.482739  0.150504
2824 0.066566 0.800162  0.133272
2012 0.141581 0.52919  0.329229
10465 0.324777 0.596824  0.0783991
12832 0.45286 0.0303768  0.516763
5163 0.268658 0.508011  0.223331
10848 0.0264794 0.717551  0.255969
392 0.393804 0.318494  0.287702
13552 0.365996 0.406328  0.227676
13785 0.164709 0.57989  0.255401
6632 0.387999 0.473666  0.138334
317 0.36795 0.59287  0.0391799
9717 0.708586 0.0123093  0.279105
3379 0.0346735 0.519826  0.445501
11114 0.395902 0.154963  0.449135
14433 0.374972 0.452598  0.172429
12174 0.4076 0.341093  0.251306
1937 0.537962 0.44246  0.0195782
8814 0.303767 0.168651  0.527582
4426 0.253651 0.376237  0.370112
9128 0.297795 0.490137  0.212068
12536 0.276259 0.0332526  0.690488
5538 0.170176 0.765257  0.0645675
14505 0.348424 0.108552  0.543024
6144 0.611684 0.286203  0.102113
8814 0.220432 0.293366  0.486202
4107 0.440104 0.160411  0.399485
515 0.236584 0.330726  0.43269
5590 0.367996 0.206142  0.425862
9169 0.182699 0.116644  0.700657
7565 0.298516 0.409203  0.292281
5056 0.15696 0.193091  0.649949
9612 0.342364 0.571395  0.0862406
10001 0.0648372 0.517934  0.417229
6538 0.445325 0.0880629  0.466612
290 0.216955 0.760922  0.0221231
2985 0.556741 0.0759841  0.367274
6560 0.455477 0.181535  0.362988
14459 0.513248 0.129664  0.357088
8726 0.240471 0.712665  0.0468641
6413 0.67341 0.030152  0.296438
14449 0.227193 0.508305  0.264502
3374 0.269759 0.42094  0.309301
11583 0.064869 0.54963  0.385501
6098 0.516242 0.0473558  0.436402
7448 0.184027 0.265933  0.55004
10878 0.509104 0.157527  0.33337
6467 0.46557 0.37508  0.15935
6420 0.696555 0.114952  0.188493
14108 0.109986 0.42351  0.466504
4136 0.313543 0.442358  0.244099
13700 0.471004 0.287399  0.241597
5904 0.0946501 0.2019  0.703449
8866 0.192956 0.373702  0.433342
2176 0.448783 0.534157  0.0170601
14134 0.352702 0.0640224  0.583276
10958 0.304206 0.121887  0.573907
7256 0.591656 0.20674  0.201604
4383 0.0318756 0.234007  0.734118
1662 0.317412 0.331449  0.351139
5823 0.360362 0.346309  0.293329
4757 0.142536 0.706025  0.151439
1772 0.505695 0.100332  0.393973
13018 0.150036 0.28253  0.567434
4092 0.358513 0.311192  0.330295
10468 0.32042 0.307666  0.371914
8814 0.376096 0.0990281  0.524875
6922 0.305907 0.324532  0.369562
9530 0.218298 0.416603  0.365099
3447 0.505137 0.37475  0.120113
12152 0.370787 0.338086  0.291127
10963 0.204107 0.538867  0.257026
10829 0.227285 0.335634  0.437081
4982 0.49746 0.0588771  0.443663
5592 0.317392 0.402557  0.280051
13365 0.213282 0.185246  0.601471
12175 0.442163 0.0409653  0.516872
4387 0.590517 0.138815  0.270668
4209 0.379202 0.40007  0.220727
537 0.283249 0.300731  0.41602
10880 0.298146 0.119063  0.582791
9807 0.128108 0.485122  0.38677
11932 0.0921376 0.0795923  0.82827
10571 0.332984 0.639142  0.0278747
6540 0.226401 0.527955  0.245643
9153 0.314247 0.117731  0.568022
917 0.0476381 0.703105  0.249257
71 0.301122 0.444122  0.254756
6581 0.263057 0.438444  0.298499
661 0.202801 0.5325  0.264699
1677 0.271805 0.191894  0.536301
1447 0.0219369 0.350916  0.627147
12508 0.431889 0.530403  0.0377079
5918 0.135622 0.543979  0.320399
4665 0.131445 0.817162  0.051393
8910 0.277297 0.417242  0.305461
305 0.175221 0.407937  0.416842
7695 0.418735 0.305185  0.27608
14190 0.248592 0.41095  0.340458
4388 0.391727 0.302425  0.305848
9588 0.387214 0.290487  0.322299
2403 0.284384 0.535705  0.179912
1036 0.569277 0.0710242  0.359699
12768 0.269602 0.34142  0.388978
9617 0.365056 0.545318  0.0896263
9506 0.117415 0.270468  0.612117
11730 0.373016 0.337291  0.289693
2003 0.109781 0.505012  0.385208
5122 0.490388 0.314207  0.195405
3390 0.20092 0.181162  0.617918
14453 0.260347 0.627909  0.111744
12974 0.171252 0.292337  0.536412
863 0.0841042 0.529013  0.386883
12905 0.474294 0.213358  0.312348
7 0.293106 0.387868  0.319026
5788 0.138673 0.377588  0.483739
4295 0.841525 0.0782311  0.0802442
5734 0.294989 0.187268  0.517744
4389 0.332944 0.165292  0.501765
12172 0.233999 0.312205  0.453796
10322 0.592776 0.0198473  0.387377
7703 0.414983 0.368191  0.216826
11542 0.582368 0.0208946  0.396737
10964 0.274338 0.307691  0.417971
4387 0.0781314 0.646461  0.275408
1476 0.242349 0.27971  0.477941
1748 0.458032 0.451937  0.0900312
9215 0.345099 0.279738  0.375163
10961 0.44033 0.139325  0.420344
5056 0.838546 0.0479614  0.113493
2105 0.407258 0.571148  0.0215936
4088 0.4669 0.18162  0.35148
4386 0.101066 0.418021  0.480913
5587 0.43658 0.506411  0.0570085
258 0.038574 0.558543  0.402883
12266 0.387896 0.400416  0.211688
5152 0.202416 0.467401  0.330183
1511 0.345189 0.561163  0.0936485
14588 0.421115 0.162947  0.415939
10818 0.468702 0.262128  0.269169
3865 0.0863644 0.4418  0.471836
10523 0.465857 0.456015  0.0781281
1483 0.0851545 0.351213  0.563632
71 0.518041 0.380796  0.101164
9255 0.428005 0.197846  0.374149
5207 0.504685 0.273581  0.221734
6814 0.131506 0.495303  0.373192
5032 0.175192 0.260032  0.564775
1736 0.162675 0.532683  0.304642
4787 0.346922 0.524431  0.128648
259 0.268303 0.386606  0.345091
5240 0.365555 0.467543  0.166903
7963 0.533797 0.273959  0.192243
3128 0.690103 0.129042  0.180855
12174 0.413393 0.156051  0.430556
3781 0.11769 0.0116028  0.870707
3650 0.220103 0.329047  0.45085
9802 0.297499 0.432537  0.269964
12175 0.352345 0.366777  0.280878
13010 0.570261 0.176866  0.252873
13552 0.539786 0.0796907  0.380524
11564 0.461199 0.0230791  0.515722
349 0.313043 0.512418  0.174539
8914 0.466939 0.300407  0.232654
9231 0.392356 0.561767  0.0458769
4386 0.039162 0.508974  0.451864
8524 0.301306 0.409169  0.289525
11113 0.338154 0.0188408  0.643006
3969 0.442241 0.378188  0.179571
2136 0.380062 0.495162  0.124776
13442 0.0137009 0.422552  0.563747
3723 0.0233496 0.811246  0.165405
11827 0.279547 0.329828  0.390625
9050 0.556606 0.345346  0.0980482
11617 0.203445 0.456906  0.339649
3374 0.42619 0.412049  0.161761
6630 0.0265213 0.466297  0.507182
13169 0.325252 0.228209  0.446539
11797 0.0371681 0.629893  0.332939
1465 0.468731 0.110948  0.420321
5114 0.247747 0.373742  0.378511
6333 0.633337 0.271523  0.0951402
10155 0.279899 0.273261  0.44684
11871 0.054435 0.241781  0.703784
12169 0.452377 0.199406  0.348216
12928 0.525437 0.251624  0.222939
9771 0.386756 0.198034  0.415211
688 0.40649 0.311843  0.281667
4301 0.511609 0.425496  0.0628942
4383 0.409564 0.339883  0.250552
4998 0.174842 0.507334  0.317824
13163 0.736241 0.0835114  0.180247
4096 0.37885 0.377898  0.243252
12278 0.254478 0.173695  0.571827
2396 0.0390309 0.792759  0.16821
10826 0.433513 0.329389  0.237098
13562 0.132638 0.403238  0.464123
4631 0.111404 0.662365  0.22623
7479 0.492625 0.146733  0.360641
10766 0.444466 0.492312  0.0632215
6301 0.352548 0.284917  0.362535
4090 0.603692 0.30442  0.0918878
10938 0.231866 0.406177  0.361957
6097 0.0672196 0.428965  0.503815
7518 0.404405 0.203244  0.392352
1712 0.273774 0.253056  0.47317
6302 0.28022 0.19344  0.526341
10502 0.127668 0.588304  0.284029
13805 0.18032 0.67477  0.14491
14059 0.504254 0.284045  0.211701
10766 0.207943 0.384897  0.407159
4513 0.387087 0.420391  0.192522
11476 0.363886 0.215404  0.42071
4930 0.516704 0.0283116  0.454984
4039 0.344373 0.336953  0.318674
2333 0.343546 0.500038  0.156417
14303 0.575987 0.245851  0.178162
12832 0.390375 0.405343  0.204282
11292 0.0186936 0.536754  0.444552
9152 0.294359 0.32577  0.379872
7962 0.588151 0.281963  0.129886
12049 0.350294 0.363367  0.286339
5966 0.502275 0.423305  0.07442
7287 0.33275 0.363396  0.303854
11594 0.230438 0.402265  0.367297
10501 0.183429 0.455861  0.36071
14202 0.758942 0.0675271  0.173531
14019 0.0988129 0.435616  0.465571
14568 0.209301 0.026771  0.763928
11247 0.356279 0.346873  0.296848
13070 0.494581 0.258814  0.246605
9694 0.149888 0.437288  0.412824
13726 0.402086 0.22989  0.368024
11247 0.31021 0.215885  0.473904
6350 0.147958 0.446354  0.405688
13176 0.205617 0.581282  0.2131
9967 0.642946 0.272078  0.084976
5806 0.279253 0.348777  0.37197
614 0.338433 0.511945  0.149622
13518 0.281794 0.531242  0.186964
11666 0.247594 0.432684  0.319723
7962 0.682386 0.123012  0.194602
9530 0.471019 0.292344  0.236637
7052 0.429842 0.223209  0.346949
11520 0.411657 0.358483  0.22986
10643 0.311338 0.0903577  0.598305
8762 0.309432 0.659748  0.0308204
3205 0.193315 0.1807  0.625985
9687 0.478466 0.490488  0.0310458
10236 0.0326016 0.794285  0.173113
13552 0.22986 0.444252  0.325889
2668 0.493784 0.220514  0.285702
12574 0.373035 0.183717  0.443248
6380 0.181304 0.582965  0.235732
14451 0.47685 0.325387  0.197762
11709 0.234786 0.314885  0.450329
1447 0.184781 0.430542  0.384677
5801 0.205957 0.653753  0.140289
1359 0.252783 0.35895  0.388268
5895 0.0882403 0.315496  0.596264
6770 0.30808 0.672593  0.0193274
7435 0.385441 0.296426  0.318133
1927 0.0461799 0.773779  0.180042
1603 0.262961 0.380931  0.356108
14103 0.395639 0.155017  0.449344
7226 0.143281 0.0470428  0.809676
1668 0.372806 0.475278  0.151916
14043 0.246261 0.416076  0.337663
3830 0.547459 0.262324  0.190217
7043 0.592033 0.37287  0.0350966
4992 0.417113 0.14927  0.433617
5534 0.307588 0.348983  0.343428
8619 0.671481 0.0812433  0.247276
14386 0.259772 0.304359  0.435868
12154 0.614115 0.343144  0.0427408
11840 0.0981492 0.496978  0.404873
10971 0.0586869 0.526261  0.415052
5293 0.407474 0.218808  0.373718
9192 0.293253 0.217488  0.48926
2232 0.617053 0.36666  0.0162879
11824 0.504496 0.147975  0.347529
12245 0.319618 0.252196  0.428186
9887 0.37197 0.402142  0.225888
7413 0.422085 0.429049  0.148866
261 0.471121 0.266413  0.262466
11074 0.01539 0.561701  0.422909
6302 0.178346 0.243224  0.57843
8903 0.529412 0.110519  0.360069
11837 0.399566 0.309954  0.290481
10819 0.876037 0.0850406  0.0389221
8854 0.196704 0.439527  0.363769
10573 0.38988 0.23642  0.3737
855 0.160858 0.235406  0.603735
14476 0.178866 0.394568  0.426565
6809 0.559363 0.340917  0.0997199
13774 0.0272313 0.673874  0.298895
3905 0.548009 0.398751  0.0532395
12576 0.192688 0.424341  0.382971
14298 0.13178 0.571493  0.296727
5459 0.238934 0.318302  0.442764
6311 0.424002 0.508522  0.0674763
370 0.0482846 0.347835  0.603881
1520 0.161292 0.266163  0.572545
5894 0.351471 0.141608  0.506921
14467 0.177378 0.539487  0.283135
9588 0.503537 0.34281  0.153653
7172 0.331425 0.424943  0.243633
10838 0.494508 0.443656  0.0618354
4090 0.515793 0.410364  0.0738433
13536 0.453801 0.353293  0.192907
10630 0.0944923 0.420743  0.484765
6822 0.415139 0.193232  0.391629
13728 0.338371 0.245005  0.416624
8746 0.183933 0.398646  0.417421
5973 0.388056 0.260714  0.35123
12819 0.451262 0.323877  0.224861
3208 0.38904 0.591266  0.0196935
1756 0.475081 0.356512  0.168407
12309 0.440097 0.14961  0.410293
9278 0.0853671 0.712124  0.202509
9756 0.156352 0.469452  0.374196
12517 0.326755 0.404055  0.26919
5548 0.187399 0.537277  0.275323
10977 0.644985 0.186351  0.168664
11842 0.408699 0.392067  0.199234
10540 0.0154451 0.447607  0.536948
3819 0.438915 0.289611  0.271474
2640 0.246472 0.185379  0.568149
4622 0.250892 0.469399  0.279709
3549 0.246057 0.550615  0.203328
13659 0.131935 0.392718  0.475347
2810 0.543879 0.138812  0.317309
13650 0.54321 0.333783  0.123007
312 0.543052 0.291794  0.165153
7416 0.257675 0.610083  0.132242
13450 0.127589 0.211764  0.660647
143 0.3387 0.0309213  0.630379
11889 0.433135 0.436575  0.13029
6450 0.615369 0.129611  0.255019
91 0.105941 0.451869  0.44219
6310 0.236856 0.397476  0.365667
7518 0.243959 0.115146  0.640895
12678 0.490618 0.143319  0.366063
11121 0.315768 0.27836  0.405872
8947 0.179517 0.490946  0.329537
11853 0.34001 0.415024  0.244967
11914 0.429451 0.360621  0.209928
6632 0.0891489 0.510193  0.400659
1465 0.106848 0.774003  0.119149
12755 0.311158 0.371439  0.317404
4090 0.384921 0.132916  0.482164
14299 0.345249 0.134183  0.520569
14299 0.162918 0.40641  0.430672
4107 0.0774463 0.517278  0.405275
5022 0.442553 0.347952  0.209495
7160 0.299645 0.345397  0.354958
5534 0.605874 0.331378  0.0627487
1977 0.466657 0.161252  0.372091
14424 0.25116 0.431093  0.317746
11692 0.401343 0.295257  0.303401
10661 0.406086 0.243009  0.350906
446 0.245583 0.32301  0.431407
10515 0.417193 0.293652  0.289155
5771 0.0700042 0.381891  0.548104
238 0.309802 0.386638  0.30356
10135 0.15571 0.356713  0.487577
6177 0.0657954 0.189735  0.744469
2361 0.476934 0.117203  0.405863
4058 0.391208 0.345721  0.263071
4509 0.175995 0.418924  0.405081
1092 0.205764 0.50902  0.285216
5735 0.226529 0.0409091  0.732562
3091 0.344184 0.145534  0.510282
11423 0.297015 0.426488  0.276496
1170 0.16855 0.383632  0.447818
3889 0.418778 0.566641  0.0145817
6862 0.544123 0.0663546  0.389522
9125 0.740726 0.0964534  0.16282
14027 0.376269 0.208797  0.414934
9257 0.290681 0.363913  0.345406
3953 0.395053 0.103246  0.501702
11816 0.379756 0.22762  0.392624
1447 0.48191 0.0408936  0.477196
793 0.290343 0.274628  0.435028
11609 0.10868 0.183137  0.708184
7082 0.612706 0.254015  0.133279
9588 0.239043 0.670457  0.0904996
13210 0.336993 0.278626  0.384381
6459 0.494136 0.229197  0.276667
8615 0.33559 0.464946  0.199463
13724 0.437531 0.248356  0.314113
6153 0.371034 0.106464  0.522502
4675 0.386585 0.409603  0.203813
6301 0.396523 0.201674  0.401802
2002 0.250518 0.299109  0.450373
13459 0.771922 0.15418  0.0738987
1447 0.683236 0.265304  0.0514606
1814 0.22714 0.447756  0.325104
7657 0.184762 0.354483  0.460755
9058 0.389941 0.343219  0.26684
3808 0.0751856 0.378912  0.545902
7170 0.357183 0.138562  0.504256
9745 0.557813 0.197873  0.244315
4804 0.248898 0.485421  0.265681
6259 0.396719 0.378019  0.225262
4117 0.179747 0.570956  0.249297
8404 0.232838 0.464609  0.302554
14213 0.447948 0.460408  0.0916438
11585 0.347513 0.217111  0.435376
5207 0.283136 0.380897  0.335967
11860 0.351764 0.0922835  0.555953
3318 0.405998 0.222613  0.371389
5813 0.335708 0.363292  0.301
545 0.514536 0.0815507  0.403913
3643 0.528222 0.341455  0.130323
4385 0.2144 0.407215  0.378385
1836 0.36633 0.209421  0.424249
12727 0.32107 0.294143  0.384787
2166 0.148226 0.46758  0.384194
5671 0.664809 0.15998  0.175211
13390 0.526604 0.269642  0.203754
12526 0.284266 0.456648  0.259087
2063 0.213754 0.462265  0.323981
4379 0.748697 0.0209527  0.23035
9952 0.0552988 0.278667  0.666034
1002 0.515747 0.382649  0.101604
7450 0.36718 0.26624  0.36658
2139 0.520748 0.162126  0.317126
11298 0.378128 0.499733  0.122139
3752 0.390966 0.320998  0.288036
11978 0.459754 0.291916  0.24833
9500 0.347442 0.319847  0.332711
10494 0.412174 0.403304  0.184522
13620 0.566202 0.349089  0.0847089
12288 0.339861 0.0800657  0.580074
11844 0.459535 0.444978  0.0954865
