143 0.466793 0.379156  0.154051
4321 0.633514 0.266883  0.0996034
3275 0.125541 0.422156  0.452303
4598 0.6298 0.057261  0.312939
828 0.199231 0.462479  0.33829
3270 0.287626 0.154399  0.557975
4924 0.686163 0.257596  0.0562408
2847 0.261455 0.503576  0.23497
3336 0.380698 0.4107  0.208601
6802 0.124743 0.0981014  0.777156
6406 0.28135 0.364692  0.353958
1908 0.410082 0.497647  0.0922711
6075 0.212454 0.380278  0.407269
802 0.323589 0.567637  0.108775
2835 0.487128 0.393174  0.119698
4626 0.339694 0.292205  0.368101
6071 0.202139 0.715251  0.0826101
3272 0.47528 0.100925  0.423796
6131 0.539396 0.271304  0.1893
2861 0.743518 0.0891018  0.167381
3230 0.0361749 0.278803  0.685022
3385 0.270114 0.319892  0.409994
5045 0.504827 0.408914  0.0862584
6325 0.187249 0.303834  0.508917
3746 0.105619 0.348772  0.545609
1898 0.0880056 0.455157  0.456837
6974 0.380038 0.439754  0.180207
6793 0.333394 0.42004  0.246566
2720 0.682786 0.173508  0.143706
928 0.105878 0.703827  0.190294
5968 0.408365 0.283797  0.307838
5138 0.191554 0.363009  0.445437
5328 0.0498589 0.469731  0.48041
6075 0.395123 0.192644  0.412233
3838 0.323817 0.427623  0.24856
2999 0.257461 0.354569  0.38797
6575 0.210138 0.589107  0.200755
2033 0.287423 0.349572  0.363004
1306 0.367038 0.0776146  0.555348
2433 0.434325 0.537354  0.0283219
6250 0.0109655 0.417176  0.571859
2129 0.370229 0.370202  0.259569
5479 0.168185 0.337045  0.49477
5729 0.585561 0.295052  0.119387
4768 0.26977 0.318795  0.411435
484 0.129845 0.731428  0.138727
3500 0.36694 0.371596  0.261464
5852 0.62423 0.068773  0.306997
2576 0.228181 0.477985  0.293834
4525 0.700592 0.282079  0.0173296
7012 0.378233 0.507147  0.11462
3780 0.424983 0.409749  0.165267
1565 0.419808 0.559744  0.0204478
6269 0.275972 0.355834  0.368194
1531 0.370409 0.334132  0.29546
6128 0.252572 0.620931  0.126497
1196 0.0994579 0.642556  0.257986
3462 0.217549 0.0608611  0.72159
1650 0.402301 0.509491  0.088208
6903 0.336993 0.0558326  0.607175
3080 0.186357 0.62519  0.188453
3824 0.388776 0.319221  0.292002
4995 0.404774 0.129611  0.465615
1517 0.426351 0.464261  0.109388
442 0.28932 0.424434  0.286246
5324 0.304322 0.212368  0.48331
1150 0.314655 0.387866  0.297479
4 0.29819 0.452209  0.249602
5811 0.504486 0.229963  0.265551
4214 0.141883 0.338293  0.519825
3858 0.138004 0.597238  0.264758
3923 0.0941884 0.450284  0.455528
2041 0.249459 0.381685  0.368855
4875 0.314339 0.446949  0.238712
339 0.0601729 0.288455  0.651373
2119 0.30946 0.0271384  0.663402
4517 0.202212 0.490275  0.307513
2272 0.232854 0.444521  0.322625
5260 0.37359 0.237139  0.389271
104 0.155748 0.406325  0.437926
497 0.334488 0.464573  0.200939
6727 0.204325 0.370445  0.42523
1202 0.19204 0.336259  0.4717
2472 0.234026 0.482641  0.283333
7 0.787299 0.141916  0.0707858
6514 0.625853 0.149728  0.224419
1040 0.573673 0.289815  0.136511
1956 0.297036 0.236615  0.466349
4146 0.490867 0.0826488  0.426485
7331 0.467148 0.45623  0.0766228
2792 0.436592 0.0445678  0.51884
2632 0.172918 0.456653  0.37043
5540 0.353559 0.367442  0.278999
2488 0.256683 0.680176  0.0631416
3984 0.164491 0.423707  0.411802
1071 0.0580937 0.449601  0.492305
4959 0.308921 0.341163  0.349916
4911 0.807031 0.0257694  0.1672
7179 0.320261 0.433985  0.245754
1096 0.347805 0.306049  0.346146
2603 0.379564 0.264437  0.355999
3399 0.649893 0.17076  0.179347
1366 0.318633 0.250011  0.431356
5346 0.457165 0.34967  0.193165
1567 0.122501 0.336569  0.54093
6315 0.668248 0.222332  0.109419
6010 0.297587 0.307453  0.394959
3177 0.326212 0.289025  0.384763
2647 0.59128 0.0853997  0.32332
5536 0.368423 0.373852  0.257725
5829 0.0128756 0.245006  0.742119
2868 0.334885 0.116809  0.548306
6614 0.31174 0.455533  0.232728
3127 0.33386 0.493924  0.172216
4569 0.329836 0.353274  0.31689
3267 0.612897 0.257898  0.129204
1810 0.352412 0.365291  0.282297
2301 0.348378 0.538809  0.112813
1298 0.37238 0.242707  0.384912
5526 0.290072 0.23405  0.475878
6906 0.334184 0.41553  0.250286
2557 0.450348 0.171498  0.378153
4679 0.434798 0.43385  0.131352
6495 0.560562 0.396039  0.0433992
4713 0.167884 0.101922  0.730194
2911 0.422765 0.459705  0.11753
1321 0.254558 0.417366  0.328076
6986 0.291638 0.353708  0.354654
1535 0.172603 0.3593  0.468096
7209 0.502904 0.1242  0.372896
3326 0.373501 0.0521835  0.574315
1091 0.0989224 0.19743  0.703648
5838 0.350033 0.194824  0.455142
2889 0.266186 0.207706  0.526108
2249 0.335101 0.140596  0.524304
5782 0.39809 0.221051  0.38086
7221 0.0402664 0.827789  0.131945
4868 0.54563 0.42299  0.0313803
1319 0.564179 0.0212339  0.414587
6007 0.503413 0.164346  0.332241
4708 0.15123 0.27617  0.572599
2008 0.720808 0.247252  0.03194
5879 0.360508 0.280387  0.359105
236 0.367375 0.252175  0.38045
4179 0.28966 0.426237  0.284102
1912 0.225678 0.516601  0.257721
5283 0.427575 0.478974  0.0934508
5088 0.627324 0.0318166  0.340859
7222 0.190519 0.467605  0.341876
2493 0.255709 0.475366  0.268925
1217 0.363356 0.300335  0.336309
5417 0.30008 0.352072  0.347847
1437 0.264588 0.356315  0.379096
1126 0.39233 0.340917  0.266753
4304 0.271356 0.400101  0.328543
6291 0.412728 0.429942  0.15733
2584 0.127898 0.298676  0.573426
4381 0.208267 0.455928  0.335805
1380 0.339256 0.281417  0.379327
5272 0.234942 0.426943  0.338115
6114 0.431846 0.317673  0.250481
1416 0.196237 0.585213  0.21855
3818 0.425531 0.462754  0.111715
1507 0.530554 0.0410319  0.428414
6820 0.369649 0.204504  0.425847
3262 0.574272 0.114024  0.311703
4195 0.288136 0.0798115  0.632053
7309 0.213628 0.31744  0.468932
3781 0.072931 0.657765  0.269304
1096 0.409228 0.191056  0.399716
6158 0.122323 0.206478  0.671199
2212 0.59959 0.226502  0.173908
1628 0.172406 0.421979  0.405614
6194 0.469796 0.480029  0.0501756
405 0.576625 0.163377  0.259998
1986 0.23395 0.151351  0.614699
1910 0.341219 0.419428  0.239353
6743 0.508676 0.245641  0.245683
5300 0.486397 0.246282  0.267321
3584 0.174581 0.214183  0.611236
4656 0.318559 0.48678  0.194661
7034 0.282358 0.352877  0.364766
5903 0.59643 0.151062  0.252508
5019 0.238819 0.362184  0.398997
4909 0.281728 0.391678  0.326593
3373 0.0719071 0.916249  0.0118444
6582 0.584635 0.379971  0.0353941
3096 0.423286 0.0488864  0.527827
7088 0.205652 0.0807322  0.713616
1357 0.318995 0.245675  0.43533
5568 0.225802 0.554222  0.219976
2827 0.421142 0.293661  0.285196
1848 0.090544 0.520406  0.38905
2310 0.216685 0.3745  0.408814
3461 0.170466 0.526164  0.303371
5074 0.190214 0.352645  0.457141
5565 0.266397 0.427909  0.305694
4305 0.139179 0.611093  0.249728
7032 0.389093 0.157014  0.453894
2270 0.358365 0.266047  0.375589
735 0.458736 0.188768  0.352496
6491 0.40759 0.217707  0.374703
1245 0.541553 0.111775  0.346672
1079 0.364744 0.0643396  0.570916
3759 0.336153 0.253468  0.410379
73 0.952961 0.0288436  0.0181957
5841 0.222381 0.543388  0.234231
7062 0.240515 0.266814  0.492671
3736 0.0102904 0.525252  0.464457
3987 0.544847 0.358982  0.0961708
4520 0.67866 0.110872  0.210468
7177 0.450358 0.217171  0.332471
5796 0.101619 0.759393  0.138988
1686 0.260177 0.298232  0.441591
4083 0.622357 0.143943  0.2337
2965 0.690595 0.283028  0.0263767
355 0.22321 0.389092  0.387698
410 0.0907396 0.415429  0.493832
1432 0.279225 0.0652988  0.655476
5902 0.374626 0.231277  0.394096
1732 0.271123 0.342287  0.386589
7057 0.328979 0.388095  0.282926
3765 0.242508 0.548923  0.208569
92 0.0373016 0.42512  0.537579
2110 0.0954378 0.151204  0.753359
1142 0.34317 0.304768  0.352062
4974 0.382507 0.354188  0.263305
3313 0.657305 0.304307  0.0383882
2921 0.234233 0.184443  0.581325
7303 0.126522 0.482996  0.390481
3754 0.37502 0.283823  0.341157
4990 0.224042 0.268415  0.507543
1136 0.45451 0.426949  0.11854
3033 0.180513 0.349348  0.470139
5043 0.319632 0.228774  0.451594
2940 0.227135 0.370249  0.402616
3464 0.300862 0.429286  0.269852
7186 0.445585 0.0780666  0.476348
1157 0.342496 0.306038  0.351466
5558 0.413823 0.568342  0.0178354
6945 0.159771 0.555803  0.284426
1148 0.228103 0.313894  0.458003
6323 0.275419 0.263282  0.461299
3267 0.339796 0.413561  0.246644
26 0.322886 0.208742  0.468371
3568 0.429396 0.140897  0.429707
1863 0.234869 0.0815674  0.683564
2270 0.33004 0.322071  0.347889
7159 0.330988 0.342272  0.32674
4810 0.145593 0.404479  0.449928
5252 0.295114 0.620971  0.0839151
5317 0.0495683 0.415919  0.534513
1896 0.456559 0.0575175  0.485923
4997 0.368029 0.293102  0.338869
1180 0.631781 0.119138  0.249081
1195 0.337366 0.302965  0.359668
5761 0.274939 0.599196  0.125865
3928 0.267313 0.293163  0.439524
3171 0.542411 0.372761  0.0848281
7210 0.131151 0.63134  0.237509
5353 0.00952515 0.428152  0.562323
2059 0.330894 0.383783  0.285324
1010 0.452759 0.123783  0.423458
2705 0.644173 0.0653454  0.290482
458 0.0643321 0.609558  0.32611
2017 0.453325 0.503963  0.0427117
1029 0.335281 0.451028  0.213691
1496 0.4293 0.193373  0.377327
2411 0.399428 0.0355517  0.56502
450 0.566668 0.187602  0.24573
4902 0.0865006 0.304197  0.609302
3083 0.433276 0.403585  0.163139
803 0.375362 0.258864  0.365774
7015 0.622173 0.33651  0.0413174
1726 0.438474 0.110487  0.451038
3744 0.164017 0.417904  0.418079
3710 0.352701 0.59434  0.0529585
5047 0.763736 0.101655  0.134608
212 0.418459 0.288102  0.293439
5334 0.386621 0.295474  0.317906
7237 0.146466 0.0854529  0.768081
2261 0.534379 0.351534  0.114088
1930 0.186185 0.0166319  0.797184
3961 0.30201 0.27661  0.42138
2425 0.338858 0.331379  0.329763
1880 0.231259 0.376102  0.392639
2651 0.218113 0.33579  0.446097
514 0.214088 0.384201  0.401712
2990 0.386802 0.202576  0.410621
4811 0.124788 0.467043  0.408169
4572 0.552188 0.407829  0.0399827
6185 0.469739 0.109281  0.42098
2599 0.616667 0.0262921  0.357041
5859 0.611242 0.0968614  0.291896
2462 0.169175 0.681007  0.149819
820 0.0423992 0.423693  0.533908
6647 0.31224 0.469667  0.218093
3543 0.225806 0.368449  0.405745
7165 0.558366 0.0581252  0.383509
7157 0.323494 0.259853  0.416653
2624 0.0616711 0.690505  0.247824
5973 0.387851 0.135726  0.476422
2501 0.142625 0.312943  0.544432
75 0.457411 0.180856  0.361733
978 0.129251 0.464594  0.406156
4997 0.271358 0.360411  0.368231
3732 0.114097 0.463793  0.42211
3429 0.403232 0.423625  0.173143
691 0.195413 0.64667  0.157917
5085 0.0911682 0.594286  0.314546
130 0.370277 0.446748  0.182976
1585 0.268478 0.319566  0.411956
1426 0.0962863 0.0645433  0.83917
3866 0.0805821 0.535318  0.3841
5808 0.647419 0.20735  0.145231
4120 0.193185 0.310881  0.495934
4858 0.274758 0.486126  0.239117
206 0.102292 0.260303  0.637405
3908 0.346043 0.297262  0.356694
34 0.340306 0.383882  0.275812
2051 0.198538 0.329812  0.471651
2424 0.353022 0.318984  0.327994
4772 0.890034 0.0550721  0.054894
6515 0.478451 0.342631  0.178919
1258 0.11874 0.495761  0.385499
7161 0.44057 0.394546  0.164884
675 0.345558 0.36537  0.289072
3519 0.389746 0.443899  0.166355
2285 0.555463 0.41985  0.0246871
5173 0.0522206 0.193929  0.753851
3112 0.464513 0.25524  0.280247
5618 0.433913 0.191111  0.374976
5060 0.239902 0.0736931  0.686405
3558 0.396812 0.529811  0.073377
1352 0.254496 0.552584  0.19292
2145 0.0135847 0.417081  0.569334
4583 0.376645 0.375931  0.247424
5720 0.398559 0.184419  0.417022
2502 0.845041 0.0686304  0.0863289
3836 0.0752333 0.49226  0.432507
5741 0.729304 0.13486  0.135836
3773 0.518194 0.0658316  0.415974
1370 0.477027 0.355386  0.167587
5168 0.512662 0.11514  0.372199
727 0.381366 0.344111  0.274523
5115 0.0488361 0.778166  0.172998
2793 0.411137 0.335451  0.253412
2847 0.496954 0.272225  0.230821
1999 0.412598 0.321751  0.265651
740 0.31104 0.214538  0.474422
4234 0.0408473 0.36167  0.597482
3847 0.19517 0.402325  0.402505
6727 0.533375 0.183649  0.282976
1542 0.354769 0.306699  0.338532
945 0.195047 0.382299  0.422653
3819 0.18872 0.46709  0.34419
2294 0.61402 0.249606  0.136373
3533 0.435668 0.423578  0.140754
3896 0.0648638 0.438382  0.496755
1486 0.0625256 0.500326  0.437149
841 0.571965 0.133154  0.294881
4492 0.0257286 0.463905  0.510367
355 0.0368315 0.181868  0.781301
3934 0.302907 0.270577  0.426516
996 0.230263 0.337943  0.431794
859 0.728962 0.240857  0.0301802
1180 0.323243 0.430251  0.246506
6785 0.229942 0.408818  0.36124
3477 0.0966279 0.608606  0.294766
5518 0.407807 0.369395  0.222798
7061 0.166779 0.374637  0.458584
839 0.222941 0.650114  0.126945
5600 0.207023 0.347972  0.445006
4300 0.156049 0.335419  0.508532
486 0.551007 0.134537  0.314456
7061 0.396242 0.150076  0.453682
2637 0.0748101 0.432126  0.493064
2485 0.501078 0.324565  0.174356
5995 0.460505 0.0863841  0.45311
992 0.163904 0.350068  0.486028
4519 0.261747 0.337778  0.400475
4125 0.671792 0.159061  0.169147
4956 0.172929 0.172624  0.654446
5320 0.381698 0.206276  0.412026
7015 0.456847 0.160322  0.38283
1386 0.351392 0.623317  0.025291
4377 0.373189 0.532154  0.0946564
7196 0.460242 0.171505  0.368252
6314 0.042848 0.57423  0.382922
4417 0.679714 0.259247  0.0610392
5820 0.473123 0.210792  0.316085
2527 0.394413 0.221417  0.38417
1637 0.293194 0.313314  0.393492
715 0.37191 0.232335  0.395755
4626 0.646014 0.2782  0.0757853
2713 0.22171 0.564214  0.214076
5677 0.254825 0.24055  0.504625
6592 0.374845 0.254336  0.370818
6336 0.159525 0.606758  0.233717
5856 0.479104 0.409458  0.111438
3590 0.107701 0.186527  0.705771
3079 0.441389 0.222057  0.336554
420 0.340213 0.22612  0.433667
975 0.0794392 0.392071  0.52849
48 0.544332 0.170448  0.28522
935 0.408546 0.465998  0.125456
4138 0.505743 0.269428  0.224829
5236 0.205549 0.394175  0.400277
4481 0.0465438 0.292332  0.661124
2043 0.150682 0.555731  0.293587
4302 0.413894 0.441179  0.144927
5034 0.16143 0.636981  0.20159
3708 0.103785 0.782501  0.113714
6222 0.249712 0.523339  0.226949
798 0.0394711 0.694139  0.26639
4380 0.32459 0.379633  0.295777
6531 0.451963 0.123264  0.424773
4243 0.314541 0.437494  0.247965
3751 0.138722 0.4103  0.450979
4893 0.290477 0.349114  0.360409
4935 0.191964 0.527886  0.28015
3731 0.640656 0.0880976  0.271247
5745 0.376505 0.313166  0.310329
4697 0.191473 0.162819  0.645709
3198 0.264994 0.132865  0.602141
4006 0.302905 0.165895  0.5312
7145 0.104087 0.407323  0.488591
5989 0.332791 0.534651  0.132558
400 0.229101 0.260008  0.510891
4128 0.499671 0.297991  0.202338
3146 0.417954 0.394584  0.187461
2140 0.189686 0.0648267  0.745487
2307 0.120986 0.450047  0.428967
1265 0.514548 0.163961  0.32149
3122 0.48361 0.330642  0.185748
1915 0.0869335 0.48826  0.424806
907 0.539593 0.413653  0.0467544
2055 0.416427 0.268741  0.314832
5505 0.764362 0.076166  0.159472
400 0.346706 0.121931  0.531364
1654 0.721162 0.191677  0.0871606
731 0.353329 0.498896  0.147774
3461 0.0758802 0.653914  0.270206
1047 0.497907 0.102186  0.399906
5748 0.0356684 0.922768  0.0415633
7090 0.917729 0.0343515  0.0479197
6666 0.526759 0.433431  0.0398096
1563 0.108756 0.465946  0.425298
6804 0.688931 0.289428  0.0216401
3439 0.0763499 0.434412  0.489238
5858 0.413233 0.287878  0.29889
2980 0.445666 0.169221  0.385113
743 0.0747903 0.225427  0.699783
3635 0.327298 0.370038  0.302664
6803 0.267415 0.521589  0.210996
5949 0.551356 0.13181  0.316834
1026 0.428168 0.0447098  0.527122
1712 0.354122 0.344112  0.301766
4365 0.0846099 0.492175  0.423215
1618 0.381771 0.381196  0.237032
1751 0.282086 0.164872  0.553041
3389 0.493316 0.235438  0.271246
1001 0.395281 0.382385  0.222334
3725 0.405714 0.051717  0.542569
1062 0.198299 0.319773  0.481928
2244 0.131473 0.423821  0.444706
6307 0.349663 0.21474  0.435598
2017 0.243885 0.429478  0.326637
977 0.109582 0.683273  0.207146
4224 0.363856 0.395493  0.24065
4678 0.381973 0.39629  0.221737
4357 0.314943 0.38722  0.297837
369 0.263164 0.43468  0.302157
1897 0.292945 0.231148  0.475907
3239 0.553581 0.256773  0.189647
5909 0.391828 0.177665  0.430507
1623 0.398296 0.0343026  0.567401
5384 0.56451 0.337661  0.097829
6312 0.0471292 0.123967  0.828904
525 0.435477 0.162497  0.402026
5163 0.238926 0.238727  0.522347
6815 0.499529 0.35932  0.141152
5843 0.203808 0.174935  0.621257
4860 0.306679 0.218207  0.475114
5488 0.532391 0.361327  0.106282
2252 0.372528 0.270983  0.356489
7150 0.18686 0.340481  0.472659
5718 0.0809768 0.351724  0.567299
756 0.293995 0.584341  0.121664
3461 0.232541 0.538885  0.228574
4314 0.0628312 0.595327  0.341842
6163 0.369855 0.257522  0.372623
3166 0.726549 0.203535  0.0699155
7234 0.498089 0.470862  0.0310493
2169 0.277844 0.356213  0.365943
4724 0.407415 0.453292  0.139293
3663 0.251246 0.273293  0.47546
2118 0.436822 0.401609  0.161569
6725 0.382471 0.275434  0.342095
1751 0.302583 0.319524  0.377893
1932 0.526912 0.204943  0.268145
546 0.226558 0.406464  0.366978
6717 0.328945 0.328755  0.3423
6469 0.869266 0.0463825  0.0843514
1803 0.228748 0.3872  0.384051
3801 0.35379 0.157765  0.488445
2886 0.522154 0.149141  0.328705
5852 0.352505 0.352832  0.294663
1149 0.340939 0.38592  0.273141
1400 0.0355286 0.508901  0.45557
785 0.179985 0.725093  0.0949221
2631 0.383125 0.461375  0.1555
1019 0.588775 0.354751  0.0564737
2785 0.251471 0.499279  0.24925
6939 0.753799 0.0462207  0.19998
6958 0.183259 0.326249  0.490492
3220 0.610209 0.336339  0.0534519
2839 0.444575 0.352149  0.203277
5654 0.476521 0.0788133  0.444666
7312 0.228431 0.322694  0.448875
2268 0.244903 0.661935  0.0931623
7048 0.154812 0.150212  0.694977
2716 0.356892 0.264706  0.378402
2518 0.364536 0.367323  0.268141
1702 0.286686 0.362885  0.350429
5902 0.319669 0.339866  0.340466
623 0.370722 0.569855  0.0594233
1734 0.198624 0.629234  0.172142
757 0.147069 0.421641  0.431289
147 0.514488 0.0336881  0.451823
4642 0.431764 0.138814  0.429422
6136 0.367923 0.263683  0.368394
5441 0.287455 0.622155  0.0903898
4768 0.374584 0.285752  0.339663
5817 0.408187 0.0234881  0.568325
4428 0.235586 0.169291  0.595122
477 0.127052 0.44389  0.429059
909 0.485576 0.0281492  0.486275
6929 0.431815 0.38108  0.187104
797 0.869335 0.0133726  0.117292
2737 0.24322 0.352118  0.404662
5125 0.484438 0.344457  0.171106
6646 0.322819 0.273592  0.403589
1808 0.459403 0.500633  0.0399633
636 0.349186 0.510883  0.139931
5555 0.363632 0.603431  0.0329371
4350 0.532823 0.363577  0.103599
7241 0.360749 0.489021  0.15023
5308 0.60069 0.168186  0.231124
1372 0.379864 0.426773  0.193364
808 0.385088 0.387707  0.227206
4853 0.472933 0.475434  0.0516324
5152 0.111595 0.786652  0.101752
529 0.0702311 0.474895  0.454874
3278 0.375104 0.107517  0.517379
6250 0.393908 0.253588  0.352504
4144 0.184962 0.13945  0.675588
1394 0.293422 0.442848  0.263729
1381 0.677996 0.304701  0.0173036
2907 0.34295 0.0799341  0.577116
3612 0.4963 0.402835  0.100865
991 0.0501319 0.663937  0.285932
2757 0.415362 0.47404  0.110598
5063 0.234724 0.258275  0.507001
4063 0.117985 0.310785  0.571231
2944 0.276682 0.292601  0.430718
5568 0.485526 0.0212595  0.493214
6203 0.235467 0.571805  0.192728
4220 0.42334 0.187934  0.388726
569 0.370112 0.50893  0.120958
1708 0.502563 0.171456  0.325981
6410 0.409367 0.0757552  0.514877
6434 0.274258 0.394985  0.330757
3246 0.361337 0.29397  0.344693
4557 0.375665 0.305726  0.318609
1225 0.628001 0.176081  0.195917
2078 0.546719 0.262005  0.191275
6952 0.0605402 0.351124  0.588336
5756 0.365565 0.483744  0.150691
397 0.389581 0.0499312  0.560487
6676 0.944231 0.0287153  0.0270532
3074 0.319755 0.306011  0.374234
2502 0.489754 0.15268  0.357566
978 0.582812 0.310406  0.106782
7332 0.118589 0.827406  0.0540043
516 0.0437285 0.147439  0.808833
1735 0.533349 0.20918  0.257471
3500 0.386747 0.277515  0.335737
3340 0.369065 0.202261  0.428674
1342 0.320574 0.646287  0.0331383
5001 0.475888 0.296851  0.227261
1194 0.222852 0.639768  0.137381
7214 0.394975 0.305347  0.299678
1654 0.236367 0.131351  0.632283
4149 0.386424 0.503624  0.109953
4158 0.433527 0.364636  0.201837
1325 0.647691 0.152225  0.200084
5445 0.637493 0.318465  0.0440424
2658 0.370528 0.0714569  0.558015
3406 0.737416 0.0890635  0.17352
3920 0.316282 0.13354  0.550178
3739 0.38925 0.452981  0.157769
4609 0.640777 0.231127  0.128096
6389 0.126583 0.4084  0.465017
4953 0.378665 0.174143  0.447193
3592 0.725869 0.0148554  0.259275
2096 0.0247927 0.197755  0.777453
355 0.107253 0.334286  0.558461
273 0.100576 0.462586  0.436839
6680 0.403697 0.161266  0.435037
670 0.188943 0.374446  0.43661
1713 0.250087 0.425203  0.32471
4957 0.347066 0.109909  0.543025
2700 0.155733 0.388607  0.45566
2648 0.264102 0.363971  0.371927
44 0.238143 0.138772  0.623084
2850 0.336471 0.256979  0.40655
3430 0.385215 0.363198  0.251587
5954 0.679974 0.229226  0.0907996
2711 0.552001 0.062118  0.385881
5675 0.189931 0.37648  0.433589
9 0.222443 0.153614  0.623943
5929 0.0838156 0.18221  0.733974
5167 0.409923 0.216727  0.373351
2387 0.224882 0.56151  0.213608
1805 0.29754 0.125613  0.576847
3898 0.45329 0.133376  0.413334
4994 0.209302 0.352542  0.438156
3250 0.265659 0.405122  0.329219
6402 0.369683 0.274494  0.355822
6916 0.329827 0.170535  0.499638
1825 0.449533 0.236396  0.314071
652 0.0870407 0.643324  0.269635
6570 0.293289 0.529505  0.177206
4511 0.163192 0.550637  0.286171
4212 0.6627 0.0657974  0.271502
3698 0.125378 0.291812  0.582809
1763 0.0760473 0.597917  0.326035
3465 0.697476 0.165135  0.137389
4893 0.48676 0.241687  0.271553
7251 0.199825 0.629859  0.170316
686 0.499334 0.0154943  0.485172
1721 0.417379 0.234689  0.347933
5313 0.319098 0.313898  0.367004
6824 0.225078 0.430998  0.343924
1125 0.586166 0.0482016  0.365633
1851 0.250472 0.232864  0.516664
4581 0.137589 0.321608  0.540802
2941 0.583539 0.142127  0.274335
2067 0.536653 0.390289  0.0730581
5337 0.352984 0.611228  0.0357874
1116 0.167165 0.546503  0.286331
944 0.26428 0.308151  0.42757
2044 0.531646 0.17879  0.289564
5178 0.532524 0.359222  0.108254
5322 0.0831003 0.321351  0.595548
3703 0.235185 0.405254  0.359561
4883 0.68002 0.256562  0.0634177
1638 0.495622 0.225652  0.278726
337 0.623857 0.248311  0.127833
2093 0.322555 0.547458  0.129988
6741 0.0556352 0.133912  0.810453
3945 0.228771 0.745881  0.0253477
2315 0.0288173 0.824486  0.146697
4116 0.331919 0.549979  0.118102
2679 0.0391103 0.301249  0.659641
3588 0.534433 0.236923  0.228643
3820 0.529759 0.193836  0.276406
4733 0.0521999 0.416438  0.531362
4487 0.0150728 0.811733  0.173194
745 0.645337 0.252328  0.102335
6674 0.292048 0.573059  0.134893
6951 0.273239 0.241045  0.485716
4182 0.228836 0.63671  0.134454
632 0.217795 0.230633  0.551572
1086 0.408293 0.344841  0.246865
4231 0.340611 0.265589  0.393801
7207 0.108801 0.4608  0.430399
1016 0.50641 0.195276  0.298314
1575 0.0993402 0.509962  0.390698
4761 0.496157 0.418248  0.0855949
2138 0.0927399 0.555104  0.352156
5419 0.408112 0.382082  0.209806
954 0.356218 0.12049  0.523292
3150 0.431346 0.132018  0.436636
2345 0.313657 0.125409  0.560934
1693 0.17124 0.360165  0.468595
4490 0.699851 0.271875  0.0282736
4293 0.229835 0.417502  0.352663
6092 0.444846 0.41791  0.137243
191 0.294773 0.0962936  0.608933
4549 0.0632958 0.512138  0.424566
3826 0.0343697 0.460405  0.505226
2081 0.237521 0.437377  0.325102
3878 0.253557 0.566466  0.179977
2290 0.312405 0.454456  0.23314
2348 0.34494 0.209916  0.445144
6619 0.0360038 0.526795  0.437201
1306 0.395759 0.175235  0.429006
4440 0.42775 0.361481  0.210768
5417 0.406725 0.309953  0.283322
2793 0.400979 0.023173  0.575848
1082 0.290186 0.329989  0.379825
170 0.232266 0.423712  0.344022
4746 0.245457 0.440144  0.314399
3670 0.231434 0.416346  0.35222
1867 0.663625 0.193802  0.142573
4930 0.187215 0.377204  0.435581
2092 0.115803 0.603884  0.280313
3844 0.158329 0.56017  0.2815
6269 0.501537 0.294039  0.204425
1279 0.417258 0.496953  0.085789
4717 0.585985 0.172578  0.241437
2530 0.219151 0.46695  0.313899
4651 0.411958 0.287179  0.300863
4275 0.371589 0.136811  0.4916
6806 0.481516 0.129908  0.388576
2873 0.0169699 0.763228  0.219802
5064 0.161997 0.310525  0.527477
5595 0.27196 0.347774  0.380265
3165 0.163053 0.386618  0.45033
1614 0.275031 0.365119  0.359849
3899 0.338058 0.198833  0.463109
5415 0.693348 0.123868  0.182783
4584 0.245096 0.331946  0.422958
6481 0.30039 0.115268  0.584342
3667 0.345176 0.275868  0.378956
5330 0.367073 0.386543  0.246383
3194 0.522426 0.204873  0.272701
5658 0.241902 0.4115  0.346599
7309 0.454487 0.304281  0.241231
2702 0.367894 0.123665  0.508441
3931 0.443693 0.305443  0.250863
2907 0.508618 0.33756  0.153822
3547 0.275971 0.530144  0.193885
6463 0.255787 0.469401  0.274813
3909 0.390371 0.155774  0.453855
1892 0.213755 0.413596  0.372649
75 0.36182 0.606404  0.0317767
4071 0.232336 0.308997  0.458666
2085 0.283263 0.0190993  0.697637
639 0.476919 0.447411  0.075671
6878 0.126186 0.572028  0.301785
2891 0.429445 0.39959  0.170965
3840 0.399597 0.385673  0.21473
4472 0.217458 0.31086  0.471682
7234 0.35892 0.214358  0.426722
965 0.35923 0.247245  0.393524
6129 0.262145 0.620238  0.117616
265 0.58571 0.334861  0.0794294
5315 0.332735 0.385166  0.282099
6724 0.365507 0.286323  0.34817
3572 0.43549 0.193046  0.371464
4937 0.546891 0.174432  0.278677
2483 0.211363 0.460867  0.32777
2267 0.732428 0.120165  0.147407
3959 0.339158 0.0759789  0.584863
3809 0.455048 0.263491  0.281461
15 0.378976 0.502176  0.118848
1602 0.0143748 0.408  0.577626
4054 0.597999 0.267957  0.134044
5009 0.569899 0.102247  0.327853
3550 0.368005 0.285808  0.346188
1565 0.342998 0.129515  0.527488
4642 0.321492 0.183769  0.494738
6745 0.101521 0.522403  0.376076
4851 0.368135 0.219135  0.412731
2786 0.296149 0.365083  0.338768
3789 0.252821 0.356579  0.3906
5662 0.404587 0.29473  0.300683
7066 0.0186282 0.472126  0.509246
1360 0.413746 0.536924  0.0493296
1136 0.239854 0.347787  0.412358
6737 0.399407 0.0604945  0.540099
1363 0.614465 0.0526353  0.3329
4015 0.0187739 0.381095  0.600132
6182 0.444423 0.40722  0.148357
6747 0.174917 0.337002  0.488081
6884 0.458639 0.16999  0.37137
5916 0.48622 0.39544  0.11834
1218 0.245441 0.597375  0.157184
2302 0.00980649 0.143774  0.84642
7266 0.0401812 0.270894  0.688925
2733 0.58577 0.196137  0.218093
4411 0.182424 0.141965  0.675611
5792 0.263615 0.343773  0.392612
5677 0.283925 0.030113  0.685962
430 0.416753 0.319942  0.263306
2963 0.168381 0.582889  0.248729
229 0.494485 0.160958  0.344557
2432 0.00966867 0.539377  0.450954
5540 0.190496 0.340489  0.469015
4652 0.444652 0.374181  0.181168
943 0.270864 0.339812  0.389325
997 0.44838 0.323254  0.228367
5516 0.377203 0.317446  0.30535
2673 0.0339065 0.608299  0.357794
6634 0.335309 0.371181  0.29351
4841 0.168713 0.387475  0.443812
4036 0.0811276 0.907145  0.0117273
5810 0.290499 0.123607  0.585894
6164 0.328772 0.482855  0.188373
6638 0.538883 0.247619  0.213498
3488 0.578347 0.272257  0.149396
4038 0.38669 0.365828  0.247483
4313 0.42295 0.472297  0.104753
3899 0.439727 0.148431  0.411842
2502 0.519804 0.404535  0.0756617
3236 0.294953 0.145381  0.559667
7266 0.321211 0.09273  0.586059
219 0.231715 0.709368  0.0589173
4562 0.377292 0.225932  0.396776
3103 0.432639 0.406644  0.160717
812 0.151104 0.549854  0.299043
6988 0.379159 0.495632  0.125209
1982 0.204564 0.28568  0.509756
5667 0.199589 0.420808  0.379603
1047 0.313641 0.3094  0.376959
5809 0.0164236 0.176079  0.807498
6526 0.364373 0.584921  0.0507056
2798 0.395326 0.352168  0.252506
4862 0.466685 0.177661  0.355654
2108 0.333703 0.405112  0.261185
756 0.283364 0.356889  0.359748
5536 0.182909 0.175915  0.641176
4177 0.411569 0.419914  0.168516
1134 0.280943 0.43394  0.285117
864 0.127723 0.409584  0.462693
3364 0.325589 0.595182  0.0792288
1781 0.125798 0.110009  0.764193
4907 0.286078 0.104784  0.609138
7234 0.12243 0.384187  0.493384
4684 0.0337651 0.5413  0.424935
2622 0.25368 0.308976  0.437343
4261 0.343424 0.398617  0.257959
1212 0.119459 0.264246  0.616295
747 0.014047 0.419666  0.566287
1008 0.192471 0.422829  0.3847
6321 0.36815 0.396586  0.235264
5654 0.394238 0.423862  0.181901
540 0.521061 0.0397318  0.439207
5108 0.525609 0.046232  0.428159
6432 0.381917 0.234655  0.383428
4337 0.327458 0.14292  0.529622
3939 0.00775627 0.403366  0.588878
2752 0.389049 0.399842  0.211109
5302 0.237931 0.684319  0.07775
6822 0.339621 0.404711  0.255667
7083 0.252197 0.432711  0.315092
3414 0.213774 0.482743  0.303483
4607 0.200212 0.254186  0.545602
1386 0.340059 0.0976961  0.562245
3133 0.414886 0.532058  0.0530558
2697 0.576165 0.0175734  0.406262
97 0.316089 0.465582  0.218329
6231 0.122366 0.286287  0.591346
6424 0.183513 0.308643  0.507844
6632 0.423847 0.32192  0.254233
2366 0.308499 0.482583  0.208918
556 0.193629 0.395274  0.411097
6675 0.409818 0.449022  0.14116
355 0.27558 0.548399  0.176021
6489 0.216125 0.587765  0.19611
376 0.480926 0.124171  0.394903
1010 0.523944 0.0972909  0.378765
4189 0.222414 0.393092  0.384494
3213 0.363961 0.154266  0.481773
37 0.360909 0.23485  0.404241
221 0.25 0.195334  0.554666
2783 0.012322 0.492972  0.494706
5610 0.557492 0.0553895  0.387119
3819 0.204385 0.500382  0.295232
2286 0.404131 0.419848  0.176021
3247 0.496355 0.272181  0.231464
827 0.357528 0.453205  0.189268
1219 0.430957 0.186033  0.38301
3927 0.422849 0.0833118  0.493839
3544 0.139494 0.458614  0.401892
5886 0.108628 0.399894  0.491479
848 0.0176629 0.596389  0.385948
5970 0.863803 0.0430554  0.0931411
1172 0.102989 0.676062  0.220949
4662 0.316447 0.117505  0.566049
6965 0.267213 0.238648  0.494139
516 0.393663 0.286085  0.320252
7111 0.488785 0.339193  0.172022
5209 0.372228 0.273476  0.354296
7258 0.531347 0.410042  0.0586112
4570 0.230873 0.438266  0.330861
4329 0.0246064 0.491012  0.484381
5212 0.399447 0.385365  0.215188
3796 0.484642 0.290182  0.225176
5437 0.470207 0.270429  0.259364
7034 0.342143 0.508569  0.149288
2267 0.454867 0.356373  0.18876
1225 0.43316 0.327746  0.239093
6818 0.678461 0.208134  0.113404
3494 0.391269 0.186037  0.422694
3195 0.518595 0.27095  0.210456
1215 0.0274807 0.217765  0.754754
745 0.201724 0.328607  0.469669
2183 0.273112 0.383014  0.343874
2167 0.332272 0.29909  0.368638
573 0.573356 0.362213  0.0644308
2165 0.0802884 0.534929  0.384783
2274 0.581844 0.319851  0.0983045
6858 0.768811 0.0368298  0.194359
3140 0.550775 0.185959  0.263266
2600 0.489294 0.040838  0.469868
3251 0.0551264 0.445427  0.499447
6291 0.0514367 0.274687  0.673876
1544 0.47134 0.0337982  0.494862
3871 0.564447 0.0566667  0.378886
2546 0.336291 0.452351  0.211359
726 0.280729 0.370196  0.349075
1853 0.424016 0.549517  0.0264669
1307 0.178869 0.497803  0.323328
4292 0.134863 0.500549  0.364589
3590 0.242551 0.427143  0.330305
6709 0.0733591 0.0366097  0.890031
594 0.434592 0.12403  0.441377
7004 0.379156 0.434323  0.186521
3826 0.404497 0.332785  0.262718
4586 0.438883 0.119536  0.441581
5543 0.27333 0.403653  0.323017
3261 0.547864 0.269888  0.182248
3385 0.580647 0.237489  0.181864
785 0.318326 0.238294  0.44338
1349 0.24991 0.364137  0.385953
7219 0.0533194 0.765734  0.180947
6008 0.701085 0.064854  0.234061
2801 0.582933 0.334  0.0830669
1829 0.163055 0.336054  0.500891
1450 0.314395 0.150434  0.535172
5343 0.470763 0.320032  0.209205
959 0.0279162 0.944111  0.0279732
3615 0.629253 0.205876  0.164871
3325 0.470123 0.153389  0.376488
1307 0.371936 0.0233792  0.604685
3406 0.326096 0.501491  0.172413
4378 0.201119 0.585604  0.213277
1452 0.409362 0.28963  0.301007
3830 0.0601241 0.420307  0.519569
4944 0.254689 0.468387  0.276924
3918 0.133048 0.407405  0.459547
2201 0.219341 0.45275  0.32791
6627 0.502554 0.317515  0.179931
2905 0.195145 0.766937  0.0379177
5493 0.195383 0.112313  0.692304
5901 0.687122 0.161943  0.150936
503 0.281024 0.475258  0.243718
6602 0.14949 0.139251  0.711259
3848 0.228254 0.373703  0.398043
3838 0.255263 0.644877  0.0998599
5549 0.179946 0.747813  0.0722402
1362 0.0202934 0.0830389  0.896668
2570 0.265518 0.694509  0.039973
54 0.403588 0.158777  0.437636
1860 0.0404589 0.604296  0.355245
1914 0.15207 0.250147  0.597782
968 0.338802 0.285045  0.376153
1935 0.309297 0.316644  0.374059
6930 0.353473 0.0591507  0.587376
2633 0.2126 0.516623  0.270777
3672 0.513202 0.379781  0.107017
254 0.312425 0.0120976  0.675477
3433 0.342493 0.0929059  0.564601
5740 0.243182 0.437117  0.319701
3664 0.439522 0.200033  0.360445
2452 0.435669 0.344488  0.219843
5894 0.617114 0.207359  0.175528
4167 0.362053 0.328079  0.309867
2827 0.582796 0.30529  0.111914
6628 0.0214182 0.44053  0.538051
1095 0.339556 0.231915  0.428529
1652 0.125022 0.508016  0.366963
2757 0.155021 0.558284  0.286695
4778 0.346279 0.227253  0.426468
3772 0.53015 0.0281069  0.441743
1813 0.1735 0.161455  0.665045
5448 0.520534 0.103688  0.375778
386 0.482843 0.22632  0.290837
4399 0.757749 0.023178  0.219073
2143 0.260373 0.474111  0.265515
2275 0.327569 0.302764  0.369667
1842 0.451309 0.262906  0.285786
1221 0.126811 0.332422  0.540768
5841 0.234015 0.274798  0.491187
1711 0.33481 0.223176  0.442014
3979 0.404661 0.320328  0.27501
5146 0.181542 0.335266  0.483193
7103 0.0312357 0.29951  0.669255
7198 0.330223 0.355768  0.314009
7316 0.524181 0.196248  0.27957
7062 0.445147 0.0663235  0.488529
7018 0.294579 0.360658  0.344763
4698 0.885779 0.0964395  0.0177819
5118 0.244708 0.56887  0.186421
4762 0.49839 0.449994  0.051616
7140 0.438099 0.128725  0.433176
5851 0.311427 0.375753  0.31282
7209 0.537533 0.391514  0.0709528
6864 0.104136 0.30722  0.588644
4082 0.0316209 0.531806  0.436573
317 0.250821 0.274527  0.474652
1964 0.833323 0.0730745  0.093602
4342 0.879132 0.100341  0.0205267
682 0.487264 0.235469  0.277267
3087 0.554067 0.129029  0.316904
5255 0.511874 0.0217814  0.466344
3947 0.144327 0.506378  0.349295
3794 0.283097 0.25944  0.457464
5615 0.440621 0.508148  0.0512311
5429 0.525985 0.075892  0.398123
3656 0.168484 0.284537  0.546979
5646 0.428278 0.146893  0.424829
3923 0.392401 0.274325  0.333274
6095 0.165492 0.451393  0.383115
5993 0.166183 0.591482  0.242335
2381 0.054703 0.725835  0.219462
2357 0.070772 0.719459  0.209769
4220 0.0967749 0.487456  0.415769
5536 0.388579 0.0965052  0.514916
5281 0.612544 0.0358361  0.35162
5363 0.470497 0.425827  0.103676
4881 0.221178 0.175819  0.603003
4950 0.0234328 0.484817  0.49175
4035 0.0574709 0.303945  0.638584
613 0.242788 0.0507631  0.706449
2451 0.816458 0.106651  0.076891
743 0.529889 0.459759  0.0103522
3920 0.129548 0.536485  0.333968
4388 0.456807 0.396208  0.146985
2536 0.211824 0.598514  0.189663
3326 0.125997 0.15273  0.721273
306 0.478855 0.100366  0.420778
6879 0.448417 0.485167  0.0664157
5182 0.404045 0.55492  0.0410352
637 0.140368 0.449865  0.409768
2547 0.0215087 0.446487  0.532005
4884 0.388916 0.342066  0.269018
5368 0.692952 0.246695  0.0603533
4696 0.30668 0.290406  0.402914
229 0.27403 0.441655  0.284315
6745 0.185073 0.708709  0.106218
5390 0.0699336 0.289647  0.640419
1020 0.246794 0.213458  0.539748
5377 0.353297 0.289517  0.357185
6540 0.29374 0.287782  0.418478
64 0.399679 0.531665  0.0686559
1073 0.282261 0.492892  0.224847
6944 0.0763131 0.501729  0.421958
3002 0.144205 0.365102  0.490693
4130 0.482315 0.27048  0.247205
339 0.373332 0.457119  0.169549
3785 0.200754 0.496977  0.302269
6407 0.357641 0.416084  0.226274
6250 0.59053 0.0464734  0.362997
2377 0.512435 0.233455  0.254109
1737 0.104189 0.468423  0.427388
3965 0.135755 0.483978  0.380267
3621 0.471694 0.203263  0.325043
6810 0.429889 0.328305  0.241805
4680 0.0958259 0.570749  0.333425
3854 0.500149 0.226698  0.273153
3443 0.197894 0.328174  0.473932
6134 0.6318 0.280388  0.0878121
5057 0.331572 0.292745  0.375683
2125 0.543276 0.237123  0.219602
5611 0.153291 0.14337  0.703339
6122 0.0589296 0.489722  0.451348
1454 0.187618 0.3625  0.449882
4084 0.0951091 0.481414  0.423477
1363 0.388751 0.305382  0.305867
2285 0.402064 0.167268  0.430668
0 0.321838 0.349306  0.328856
4125 0.562703 0.417252  0.0200449
3571 0.25031 0.290974  0.458716
4622 0.579306 0.261655  0.15904
3526 0.290875 0.305242  0.403883
3327 0.589012 0.169364  0.241624
5455 0.3231 0.656457  0.0204428
3154 0.135816 0.551698  0.312487
4821 0.287276 0.285013  0.427711
136 0.396024 0.240802  0.363174
1234 0.370217 0.175883  0.4539
4605 0.0177691 0.463124  0.519106
510 0.425825 0.182894  0.391281
1476 0.41341 0.0677743  0.518816
3694 0.552696 0.132121  0.315183
2109 0.00791978 0.671011  0.321069
1290 0.239043 0.401984  0.358972
6940 0.256073 0.234907  0.50902
4270 0.490288 0.368557  0.141155
3887 0.398392 0.358054  0.243554
415 0.211394 0.134879  0.653727
3460 0.411187 0.306991  0.281822
6390 0.326808 0.595783  0.0774089
230 0.349868 0.0154841  0.634648
4307 0.024615 0.380935  0.59445
6199 0.20502 0.253881  0.541099
2332 0.0985685 0.318995  0.582436
214 0.454884 0.134377  0.410739
1699 0.21677 0.255674  0.527555
4917 0.484476 0.42231  0.0932139
87 0.182071 0.581694  0.236235
4199 0.517893 0.457942  0.024165
2500 0.383327 0.200379  0.416294
706 0.222217 0.215628  0.562155
2569 0.445845 0.292121  0.262035
5390 0.435749 0.255319  0.308932
3668 0.479076 0.270223  0.250701
2748 0.451392 0.127077  0.421531
4831 0.505247 0.285429  0.209324
6102 0.371753 0.388568  0.23968
3093 0.26232 0.190415  0.547265
1167 0.21211 0.378451  0.409439
3717 0.0775373 0.323646  0.598817
6477 0.397561 0.360356  0.242083
1087 0.328955 0.260976  0.41007
4067 0.617757 0.360437  0.0218056
1372 0.0822413 0.475723  0.442036
7141 0.210839 0.466987  0.322174
5928 0.571632 0.282404  0.145964
1128 0.62471 0.242065  0.133226
271 0.181497 0.444322  0.374181
1211 0.837989 0.10747  0.0545403
2639 0.400826 0.449714  0.14946
2689 0.496164 0.118961  0.384875
5813 0.298902 0.0876301  0.613468
489 0.0363304 0.52236  0.441309
2959 0.0905724 0.270184  0.639243
5840 0.457468 0.384894  0.157638
5935 0.21092 0.42481  0.36427
2842 0.099434 0.559954  0.340612
5185 0.401336 0.396753  0.201911
4492 0.478858 0.167206  0.353936
7338 0.0887448 0.629065  0.28219
6271 0.281685 0.538892  0.179423
6485 0.120079 0.477352  0.402569
5154 0.417734 0.227455  0.35481
6427 0.321255 0.339438  0.339307
3702 0.447102 0.379913  0.172985
5906 0.326954 0.30122  0.371826
5531 0.343027 0.35353  0.303443
1389 0.285416 0.696848  0.0177357
627 0.292049 0.368924  0.339026
3322 0.251729 0.698567  0.049704
537 0.128162 0.419137  0.452701
3809 0.315091 0.294907  0.390003
1495 0.284721 0.279642  0.435637
5934 0.21256 0.48861  0.298831
5030 0.284674 0.328293  0.387033
2983 0.0940448 0.3897  0.516255
3893 0.509811 0.332008  0.158181
1915 0.182404 0.303182  0.514414
4811 0.435325 0.144484  0.420191
4464 0.400153 0.456804  0.143042
5995 0.22742 0.320475  0.452105
2191 0.257766 0.396483  0.345751
6785 0.390879 0.305252  0.303869
3399 0.233035 0.495548  0.271417
7027 0.359522 0.0257164  0.614762
5356 0.308422 0.139279  0.552299
3386 0.423039 0.312033  0.264928
5050 0.285956 0.416324  0.29772
957 0.345656 0.305455  0.348888
6337 0.546648 0.148796  0.304556
5160 0.0811347 0.40301  0.515856
7152 0.326512 0.575225  0.0982629
5407 0.460679 0.0896114  0.44971
5646 0.188417 0.0605836  0.751
1956 0.0618702 0.481262  0.456868
1235 0.0972838 0.606666  0.296051
708 0.0729082 0.702021  0.22507
1588 0.464647 0.161271  0.374082
3229 0.27593 0.276533  0.447537
6422 0.241474 0.402862  0.355664
1273 0.282356 0.410852  0.306791
4128 0.783626 0.0571961  0.159178
685 0.480275 0.241587  0.278138
1210 0.147094 0.131864  0.721042
5451 0.386942 0.153735  0.459323
5756 0.617968 0.320688  0.0613443
7332 0.572044 0.159959  0.267997
6487 0.495486 0.208994  0.29552
4606 0.409078 0.17996  0.410962
3319 0.0145725 0.533231  0.452196
4078 0.0379081 0.713397  0.248694
5175 0.613448 0.153226  0.233326
589 0.315718 0.378144  0.306138
239 0.115888 0.279585  0.604526
3669 0.694799 0.158004  0.147198
2666 0.447075 0.452395  0.10053
3560 0.186519 0.502041  0.31144
3144 0.429919 0.497566  0.0725151
574 0.0707395 0.393918  0.535343
3926 0.311727 0.565735  0.122539
4493 0.406345 0.512116  0.0815391
1270 0.444146 0.306714  0.249139
6067 0.436706 0.235383  0.327911
1003 0.356078 0.303796  0.340126
5209 0.143961 0.472364  0.383675
4542 0.367624 0.263244  0.369132
6974 0.161107 0.625678  0.213215
7103 0.388256 0.182476  0.429268
4093 0.221987 0.733833  0.0441805
3957 0.141945 0.464942  0.393113
4882 0.225066 0.5399  0.235034
5580 0.256344 0.565277  0.17838
2002 0.0180216 0.369789  0.612189
2996 0.0161358 0.519078  0.464786
2564 0.44132 0.519579  0.0391012
5108 0.486088 0.0272441  0.486668
2613 0.261906 0.347238  0.390856
4559 0.32172 0.331901  0.346378
2043 0.332856 0.20651  0.460634
6240 0.193709 0.0909121  0.715379
