7619 0.193015 0.702008  0.104977
3475 0.394167 0.384548  0.221285
1579 0.0319743 0.267742  0.700284
535 0.204493 0.241302  0.554206
236 0.32554 0.219815  0.454645
5538 0.240444 0.546756  0.2128
1251 0.300169 0.149431  0.5504
2736 0.358538 0.149099  0.492363
4444 0.342572 0.216371  0.441057
209 0.396085 0.381837  0.222078
1192 0.430006 0.329166  0.240829
2015 0.204031 0.410433  0.385537
3213 0.412852 0.338795  0.248353
2228 0.28649 0.567612  0.145898
3249 0.398448 0.0923939  0.509158
5170 0.187666 0.57563  0.236704
2530 0.476763 0.360844  0.162393
4154 0.267729 0.378033  0.354238
3991 0.303024 0.374638  0.322338
2480 0.530736 0.425578  0.0436868
1694 0.347776 0.347015  0.305209
6504 0.0902578 0.636845  0.272898
1593 0.275214 0.0117069  0.71308
1986 0.170793 0.18003  0.649177
775 0.45123 0.509489  0.0392805
3750 0.529504 0.141797  0.328699
6167 0.446282 0.0792155  0.474502
2626 0.312597 0.617775  0.0696286
940 0.378004 0.1211  0.500896
23 0.174518 0.383656  0.441826
2146 0.185257 0.372019  0.442723
4475 0.184993 0.270141  0.544866
561 0.179707 0.38505  0.435243
243 0.468733 0.020058  0.511209
4376 0.49393 0.356495  0.149576
2925 0.358548 0.345079  0.296373
40 0.740955 0.23391  0.0251347
2650 0.374219 0.504788  0.120993
7636 0.590101 0.0227876  0.387111
577 0.454667 0.0576873  0.487645
6663 0.409394 0.162281  0.428325
2571 0.502217 0.0160972  0.481685
5056 0.134478 0.589069  0.276453
2690 0.26817 0.373373  0.358458
3245 0.429209 0.396091  0.1747
5965 0.673842 0.0453698  0.280788
2986 0.191628 0.397082  0.41129
3236 0.0767298 0.644096  0.279174
4701 0.162768 0.517391  0.31984
6843 0.29487 0.474428  0.230701
2846 0.398545 0.198054  0.403401
7489 0.160702 0.547883  0.291415
2564 0.33223 0.177651  0.490119
6420 0.591318 0.0457966  0.362885
4868 0.20416 0.337936  0.457903
2355 0.398782 0.35223  0.248988
2357 0.161153 0.195757  0.64309
1211 0.446887 0.118869  0.434243
1381 0.483426 0.0235747  0.492999
2214 0.353385 0.104861  0.541754
2340 0.624123 0.361246  0.0146303
6676 0.275508 0.348969  0.375523
984 0.295213 0.372311  0.332476
6534 0.463982 0.147135  0.388884
970 0.333862 0.0994019  0.566736
1807 0.308146 0.1054  0.586454
3307 0.303576 0.441788  0.254636
2076 0.0153879 0.306715  0.677897
7394 0.444706 0.277032  0.278262
2471 0.435961 0.259914  0.304124
6894 0.44826 0.497738  0.0540021
3484 0.370842 0.498855  0.130302
640 0.370474 0.32839  0.301137
7443 0.450187 0.102981  0.446832
4371 0.220059 0.517554  0.262387
7307 0.355311 0.223195  0.421493
172 0.538985 0.0781598  0.382855
5610 0.522261 0.231474  0.246265
5973 0.0104843 0.67397  0.315546
3041 0.314038 0.581384  0.104578
4384 0.0578833 0.865059  0.0770574
7284 0.418798 0.212504  0.368699
2650 0.359613 0.481451  0.158936
4953 0.286611 0.276206  0.437183
3500 0.366576 0.454688  0.178737
7187 0.546384 0.249616  0.203999
6087 0.0909521 0.308009  0.601039
6081 0.46812 0.269209  0.262671
2284 0.0562345 0.492126  0.45164
175 0.13188 0.139503  0.728617
4044 0.205756 0.307928  0.486316
5890 0.342213 0.152236  0.505551
2496 0.400434 0.463019  0.136547
7136 0.503888 0.153124  0.342988
2486 0.757604 0.152107  0.0902885
2645 0.370749 0.354097  0.275154
434 0.508587 0.303693  0.187721
5074 0.0756796 0.430789  0.493531
4868 0.871885 0.0136835  0.114431
4864 0.152943 0.0929778  0.754079
4973 0.237525 0.287527  0.474948
7380 0.381409 0.0685647  0.550026
3946 0.0311092 0.268178  0.700712
3202 0.13724 0.234753  0.628007
7071 0.124033 0.466942  0.409025
6748 0.138546 0.42204  0.439414
1302 0.174501 0.382668  0.442831
7134 0.34936 0.51136  0.139281
134 0.204068 0.324368  0.471564
2075 0.363342 0.190139  0.446519
3460 0.371243 0.135382  0.493374
7111 0.311191 0.338925  0.349884
2464 0.448469 0.379679  0.171852
7450 0.19984 0.165787  0.634373
6349 0.388488 0.333321  0.278191
1187 0.455449 0.129178  0.415373
1628 0.102732 0.465898  0.43137
609 0.254677 0.301282  0.444041
4376 0.280658 0.56366  0.155683
4118 0.656025 0.32587  0.0181047
3494 0.148567 0.738699  0.112734
5807 0.329622 0.261923  0.408454
2027 0.0129198 0.490796  0.496284
5419 0.635719 0.0328372  0.331444
4616 0.113731 0.840233  0.0460354
1526 0.579037 0.306739  0.114224
6473 0.160876 0.418046  0.421078
5429 0.383846 0.0555811  0.560573
4742 0.298298 0.412427  0.289276
6284 0.415518 0.0851223  0.499359
6121 0.0350175 0.51914  0.445842
7633 0.474119 0.439023  0.0868587
4028 0.127385 0.380432  0.492183
6877 0.532582 0.164107  0.30331
1513 0.232638 0.268934  0.498428
128 0.414159 0.301558  0.284283
6848 0.316486 0.420137  0.263376
467 0.0109766 0.392308  0.596715
5269 0.271182 0.238144  0.490674
659 0.0899103 0.394126  0.515964
2899 0.453155 0.363203  0.183642
3168 0.37342 0.353693  0.272887
5325 0.28492 0.540389  0.174692
2207 0.63802 0.274623  0.0873574
5523 0.474517 0.123014  0.402469
2143 0.358969 0.342584  0.298446
2702 0.463817 0.0742061  0.461977
4022 0.384766 0.530599  0.0846349
6302 0.819168 0.0487912  0.132041
5270 0.270926 0.0841101  0.644964
7611 0.328305 0.34417  0.327525
1055 0.210376 0.417012  0.372612
6644 0.553756 0.432448  0.0137963
1617 0.0442013 0.590515  0.365284
1090 0.0120643 0.413469  0.574466
4537 0.141162 0.544765  0.314074
4642 0.330759 0.31937  0.349871
5864 0.314184 0.207454  0.478362
3686 0.47191 0.466198  0.0618913
1406 0.270462 0.235179  0.49436
1837 0.109262 0.683282  0.207456
3254 0.442719 0.372437  0.184844
554 0.337643 0.271277  0.39108
5509 0.32534 0.622462  0.0521984
4067 0.25128 0.513959  0.23476
3104 0.0776351 0.631484  0.290881
6184 0.309548 0.372176  0.318276
5344 0.564666 0.354393  0.0809411
800 0.451986 0.0956044  0.452409
5713 0.390082 0.301597  0.308321
754 0.347242 0.6163  0.0364576
3224 0.18296 0.469211  0.347829
290 0.42987 0.137201  0.432929
2886 0.152216 0.82176  0.0260242
37 0.303481 0.402371  0.294148
118 0.337545 0.380843  0.281612
1375 0.519327 0.306019  0.174653
4328 0.101059 0.557215  0.341725
2916 0.33567 0.494995  0.169335
2515 0.40378 0.203241  0.392979
6937 0.398036 0.338992  0.262972
7274 0.574581 0.0904052  0.335014
7287 0.345864 0.631031  0.0231053
1891 0.155124 0.57049  0.274386
718 0.75568 0.00944672  0.234874
4722 0.250081 0.301962  0.447957
320 0.112025 0.378058  0.509917
5828 0.356739 0.332395  0.310866
4844 0.367485 0.200774  0.431741
357 0.400493 0.0561198  0.543387
4737 0.310825 0.644916  0.044259
6824 0.134916 0.29853  0.566553
5728 0.42394 0.22042  0.355641
5252 0.300257 0.514071  0.185672
7054 0.219178 0.461502  0.319321
2942 0.187019 0.420742  0.392239
6787 0.316931 0.293956  0.389113
4958 0.265266 0.593197  0.141537
3868 0.383443 0.103307  0.513251
4933 0.160261 0.493062  0.346677
248 0.288405 0.450173  0.261422
5832 0.15818 0.707936  0.133883
6783 0.38113 0.321168  0.297702
3211 0.796206 0.12601  0.0777842
4597 0.0778329 0.427029  0.495138
6477 0.324231 0.215251  0.460518
6409 0.440938 0.335574  0.223488
987 0.418932 0.318219  0.262849
3152 0.304747 0.260823  0.43443
1047 0.0245312 0.235971  0.739498
665 0.318409 0.103795  0.577797
7142 0.133523 0.199524  0.666954
1762 0.661229 0.154652  0.184119
552 0.469678 0.183524  0.346798
439 0.151061 0.698379  0.15056
6607 0.242211 0.317295  0.440494
7456 0.460711 0.393836  0.145453
7157 0.261885 0.189798  0.548317
5660 0.0196522 0.42705  0.553297
5084 0.424451 0.43611  0.139439
4515 0.405408 0.107967  0.486625
453 0.293587 0.328824  0.37759
229 0.30291 0.540358  0.156732
861 0.315488 0.309278  0.375235
1503 0.308147 0.422986  0.268866
4454 0.283945 0.390248  0.325807
7023 0.325891 0.291078  0.383032
7597 0.396135 0.135479  0.468385
6639 0.429036 0.107872  0.463092
7510 0.462697 0.168253  0.36905
4009 0.27653 0.164589  0.558881
80 0.265459 0.323201  0.411339
2210 0.5412 0.301149  0.157651
5800 0.186917 0.595795  0.217288
6331 0.463559 0.237258  0.299183
2530 0.169481 0.69632  0.134199
1657 0.329836 0.207454  0.46271
1951 0.329215 0.286397  0.384388
3538 0.0606229 0.36045  0.578927
3727 0.116712 0.424527  0.458761
1855 0.432155 0.520206  0.0476392
1607 0.468994 0.227669  0.303337
1015 0.65068 0.111717  0.237603
5994 0.505037 0.0929185  0.402044
3999 0.399373 0.360167  0.24046
4620 0.474106 0.276872  0.249022
2803 0.364351 0.262927  0.372722
4624 0.154903 0.413939  0.431158
2719 0.063411 0.562446  0.374143
624 0.208429 0.246891  0.54468
5490 0.15302 0.263546  0.583435
1294 0.443424 0.205282  0.351295
5981 0.342318 0.566619  0.0910631
5513 0.34245 0.234433  0.423117
4740 0.049514 0.892946  0.05754
4356 0.727651 0.161691  0.110657
4713 0.169196 0.193497  0.637307
1162 0.692958 0.285662  0.0213799
3906 0.255613 0.0941027  0.650285
1887 0.140185 0.585822  0.273994
4487 0.264169 0.598196  0.137635
1444 0.47853 0.320815  0.200654
7296 0.458202 0.343815  0.197983
1358 0.455518 0.447455  0.0970268
3448 0.349139 0.45818  0.192681
3911 0.0795008 0.666026  0.254473
5994 0.161723 0.40558  0.432697
3441 0.073693 0.496959  0.429348
2206 0.467372 0.321613  0.211015
554 0.380014 0.215695  0.404291
5130 0.360983 0.211579  0.427438
134 0.310234 0.267494  0.422272
2793 0.356857 0.173879  0.469264
1546 0.224477 0.42439  0.351134
3461 0.32071 0.290984  0.388306
5432 0.0841549 0.795807  0.120038
1787 0.596025 0.262467  0.141507
5323 0.15466 0.706703  0.138637
1497 0.178189 0.541138  0.280673
7644 0.559755 0.122842  0.317403
7389 0.133383 0.445384  0.421233
2009 0.391205 0.294057  0.314738
6991 0.111224 0.710385  0.178392
6293 0.13087 0.217341  0.651789
5151 0.350149 0.274213  0.375638
1003 0.116424 0.0425309  0.841045
2082 0.372554 0.232837  0.394609
5444 0.652044 0.308044  0.0399119
6266 0.745585 0.0868724  0.167543
5770 0.525245 0.216077  0.258678
6304 0.533517 0.125061  0.341422
6938 0.304435 0.419463  0.276103
5975 0.415468 0.0601347  0.524397
6480 0.309343 0.516762  0.173895
3823 0.0807345 0.531191  0.388075
910 0.467766 0.513573  0.0186615
6072 0.193365 0.484775  0.32186
1590 0.223894 0.75395  0.0221558
3565 0.193036 0.395793  0.41117
3085 0.276784 0.304197  0.41902
2274 0.0671761 0.769964  0.16286
617 0.336213 0.31951  0.344277
4487 0.531362 0.242123  0.226515
7618 0.100236 0.442075  0.45769
1121 0.327794 0.362419  0.309787
72 0.32571 0.434706  0.239584
342 0.0661073 0.405507  0.528386
1382 0.334008 0.393389  0.272603
2440 0.338403 0.264619  0.396978
2851 0.014359 0.620276  0.365365
6649 0.43834 0.417871  0.143789
5538 0.530461 0.308  0.161539
621 0.570994 0.372217  0.056789
1647 0.137897 0.458249  0.403854
3865 0.339104 0.383822  0.277073
1131 0.291191 0.242402  0.466407
5325 0.426073 0.124729  0.449198
6350 0.188389 0.546419  0.265192
4317 0.210142 0.334522  0.455336
7600 0.609332 0.102181  0.288487
1231 0.509876 0.404235  0.0858892
2882 0.461566 0.330518  0.207916
3146 0.429422 0.266071  0.304507
7603 0.333143 0.33919  0.327667
4382 0.263974 0.327361  0.408665
4044 0.502664 0.26232  0.235016
2436 0.217188 0.273348  0.509464
4616 0.556232 0.31088  0.132888
674 0.393916 0.209607  0.396476
5432 0.494297 0.260858  0.244844
1799 0.333653 0.29274  0.373608
3264 0.118335 0.00978838  0.871877
4311 0.448721 0.513635  0.0376439
5043 0.660267 0.300824  0.0389088
3481 0.547733 0.426787  0.0254802
2644 0.334894 0.36809  0.297016
2906 0.476346 0.309834  0.213819
1982 0.457952 0.41353  0.128518
5502 0.121908 0.484213  0.393879
4526 0.0684987 0.483137  0.448365
258 0.215661 0.300611  0.483728
6417 0.464997 0.278917  0.256086
4043 0.630989 0.076208  0.292803
7514 0.468469 0.0713435  0.460187
3133 0.912426 0.035483  0.0520907
3843 0.456473 0.305359  0.238168
5524 0.236097 0.581296  0.182606
6986 0.588877 0.179442  0.231681
124 0.575708 0.0119532  0.412339
784 0.0960871 0.224411  0.679502
4509 0.484425 0.0397066  0.475869
966 0.293425 0.235862  0.470714
2544 0.475904 0.195933  0.328163
6908 0.326846 0.413518  0.259636
485 0.0697757 0.620715  0.309509
636 0.194165 0.40088  0.404955
2170 0.125719 0.228492  0.645789
920 0.280811 0.0322268  0.686963
5663 0.454525 0.119909  0.425566
3927 0.00616684 0.569284  0.42455
2990 0.0344439 0.396682  0.568874
6547 0.384543 0.224895  0.390562
6610 0.351495 0.291797  0.356708
4911 0.309148 0.287738  0.403114
316 0.263336 0.329543  0.407121
562 0.616027 0.142596  0.241377
3114 0.0237348 0.558328  0.417937
7291 0.581655 0.110173  0.308172
771 0.198131 0.364515  0.437354
4963 0.467532 0.404606  0.127863
7153 0.492278 0.025802  0.48192
4277 0.553623 0.0909688  0.355408
5226 0.0633403 0.367782  0.568878
5610 0.401446 0.192025  0.406528
6940 0.222098 0.48663  0.291272
4992 0.40501 0.390209  0.204781
6206 0.0174747 0.589541  0.392985
6149 0.454316 0.509915  0.0357693
4499 0.47147 0.200332  0.328198
3165 0.280475 0.364  0.355525
2258 0.604085 0.209166  0.186749
1920 0.149599 0.126521  0.72388
5521 0.423471 0.300553  0.275976
3311 0.0455812 0.405483  0.548936
1105 0.433125 0.129057  0.437818
2883 0.271326 0.390706  0.337968
4295 0.37547 0.175982  0.448548
4910 0.555339 0.256207  0.188454
1382 0.287849 0.601987  0.110164
713 0.286406 0.5159  0.197694
641 0.19005 0.521146  0.288804
903 0.501154 0.168011  0.330835
6231 0.388651 0.143475  0.467874
5564 0.434167 0.138952  0.426881
2536 0.396805 0.217283  0.385912
2671 0.417706 0.328469  0.253824
558 0.135586 0.663564  0.200851
5545 0.483794 0.220313  0.295893
1944 0.0769228 0.528488  0.394589
6543 0.280788 0.378715  0.340497
2566 0.215303 0.552954  0.231742
1394 0.366273 0.194975  0.438751
3914 0.604764 0.365655  0.0295809
1405 0.0882389 0.160259  0.751502
3473 0.240245 0.23455  0.525205
3297 0.614531 0.0729332  0.312536
732 0.0265183 0.332911  0.640571
5415 0.105613 0.343774  0.550613
696 0.262433 0.357713  0.379854
1358 0.150548 0.571037  0.278415
5587 0.255907 0.0637858  0.680308
5922 0.191699 0.455408  0.352893
4043 0.54502 0.0646969  0.390284
6659 0.129199 0.39968  0.47112
3039 0.36876 0.358703  0.272538
474 0.0807782 0.670612  0.248609
2228 0.340315 0.313092  0.346593
2507 0.374861 0.118902  0.506237
3806 0.326029 0.345949  0.328021
1890 0.368964 0.38338  0.247656
2155 0.44239 0.405017  0.152592
6086 0.215197 0.345109  0.439694
3245 0.308132 0.662829  0.0290386
2666 0.255409 0.358021  0.38657
2380 0.583587 0.117868  0.298546
7204 0.0575723 0.929648  0.0127798
4585 0.492831 0.229189  0.277981
2284 0.270856 0.158496  0.570648
1601 0.390207 0.369568  0.240225
3651 0.325716 0.429079  0.245205
1969 0.852624 0.0900034  0.0573722
4756 0.321528 0.368771  0.309701
6931 0.108206 0.232029  0.659764
3452 0.742619 0.223937  0.0334441
3694 0.22107 0.175806  0.603124
2582 0.349792 0.397789  0.252419
1158 0.16058 0.392056  0.447364
2421 0.45298 0.265257  0.281763
2714 0.658356 0.130788  0.210856
2922 0.333973 0.32069  0.345336
6092 0.252546 0.350006  0.397448
2715 0.348639 0.589133  0.0622282
1096 0.511532 0.32348  0.164988
1482 0.538288 0.201986  0.259726
5858 0.516284 0.235639  0.248077
1109 0.348475 0.493773  0.157752
6933 0.0287455 0.550273  0.420982
2130 0.269064 0.17446  0.556476
1218 0.313966 0.225413  0.460621
89 0.420425 0.253256  0.326319
174 0.222106 0.316782  0.461112
6780 0.62881 0.0346494  0.33654
1000 0.455219 0.214565  0.330216
5470 0.576615 0.0692826  0.354102
2935 0.519841 0.251477  0.228682
730 0.133906 0.486608  0.379486
3498 0.29231 0.133694  0.573996
6967 0.0369736 0.691386  0.27164
3040 0.512218 0.410266  0.0775153
7500 0.36773 0.360814  0.271457
7435 0.0850278 0.841665  0.0733069
6920 0.392566 0.406928  0.200506
7061 0.554174 0.384682  0.0611435
4369 0.471165 0.511946  0.0168883
1445 0.074429 0.510935  0.414636
7259 0.0198017 0.515326  0.464872
6275 0.249747 0.535979  0.214275
7376 0.579499 0.300491  0.120011
7645 0.485966 0.300105  0.213929
493 0.0784627 0.555723  0.365814
6616 0.0952883 0.431511  0.4732
3991 0.429443 0.534282  0.0362758
7545 0.445371 0.176032  0.378597
217 0.159871 0.157379  0.68275
7517 0.460402 0.162996  0.376602
1980 0.515456 0.416192  0.0683527
7082 0.184899 0.376875  0.438226
845 0.297436 0.452698  0.249866
1192 0.243356 0.267708  0.488936
5987 0.397903 0.211265  0.390832
4416 0.610965 0.279238  0.109796
5256 0.0309965 0.502164  0.46684
4737 0.464989 0.514672  0.0203394
1912 0.125467 0.147104  0.727429
4360 0.705485 0.1419  0.152615
5981 0.137422 0.342885  0.519693
6942 0.54199 0.268604  0.189407
3620 0.593239 0.270018  0.136743
1797 0.130566 0.188429  0.681004
1183 0.230443 0.429217  0.34034
27 0.103283 0.474986  0.421731
6679 0.5868 0.0779406  0.33526
4595 0.371293 0.174462  0.454246
4402 0.645636 0.187399  0.166966
5844 0.360522 0.0369655  0.602513
613 0.312566 0.325159  0.362276
7098 0.343936 0.153468  0.502596
2304 0.112838 0.282967  0.604195
1850 0.321931 0.328818  0.349251
2345 0.244197 0.499377  0.256426
3017 0.240961 0.338786  0.420253
7024 0.332426 0.260976  0.406598
3988 0.233905 0.404443  0.361652
6393 0.0173662 0.282696  0.699938
7617 0.625163 0.0201028  0.354734
722 0.4898 0.398149  0.112051
2439 0.491563 0.498332  0.010105
1568 0.336701 0.213727  0.449572
4242 0.6052 0.368788  0.0260114
7353 0.197299 0.526388  0.276313
3621 0.499787 0.240871  0.259342
7289 0.0857141 0.421468  0.492818
4807 0.0816055 0.468912  0.449482
7358 0.330372 0.356702  0.312926
7220 0.365034 0.35446  0.280506
80 0.506345 0.0165031  0.477152
4131 0.507041 0.417292  0.0756673
4807 0.0807058 0.654723  0.264571
295 0.400109 0.44792  0.151971
825 0.41186 0.516343  0.0717964
6159 0.401878 0.39829  0.199832
4291 0.475081 0.298862  0.226058
17 0.161496 0.407489  0.431015
6097 0.501573 0.118922  0.379505
7051 0.213476 0.248183  0.538341
2770 0.63432 0.240698  0.124982
845 0.21391 0.282803  0.503287
6485 0.288406 0.255489  0.456105
7507 0.40905 0.096218  0.494732
4669 0.347 0.187568  0.465431
7630 0.329401 0.554009  0.11659
2070 0.333593 0.0414922  0.624915
5800 0.526499 0.251563  0.221939
7524 0.0413602 0.476213  0.482427
5501 0.501099 0.157432  0.341468
1451 0.208464 0.501941  0.289595
1899 0.119642 0.122178  0.75818
76 0.33942 0.173908  0.486672
7565 0.516238 0.399893  0.0838695
1613 0.497726 0.168805  0.333468
4946 0.305314 0.558698  0.135989
2170 0.287724 0.452615  0.259661
2845 0.413736 0.153055  0.433208
986 0.0579653 0.505884  0.43615
3104 0.708553 0.146877  0.14457
7512 0.357902 0.342275  0.299824
3980 0.333919 0.252785  0.413296
561 0.159027 0.341488  0.499484
6424 0.0337762 0.462032  0.504192
6851 0.493573 0.0774023  0.429025
5407 0.207838 0.258169  0.533993
3218 0.16783 0.458696  0.373475
2277 0.437849 0.47216  0.089992
5168 0.113569 0.346223  0.540208
779 0.865935 0.0824793  0.0515862
915 0.0306808 0.587355  0.381965
223 0.472653 0.270059  0.257289
5238 0.422914 0.45183  0.125255
6587 0.412213 0.07267  0.515117
1508 0.520969 0.437022  0.0420088
862 0.0242977 0.512111  0.463592
5248 0.670657 0.221924  0.107419
4645 0.171305 0.36111  0.467585
4821 0.333572 0.396746  0.269682
1799 0.399094 0.146699  0.454207
3657 0.444873 0.322718  0.23241
983 0.422968 0.111885  0.465146
6724 0.412424 0.497566  0.0900094
338 0.0993062 0.521495  0.379199
7469 0.324712 0.27551  0.399779
2037 0.0741557 0.52297  0.402874
5118 0.13969 0.259192  0.601118
2933 0.603044 0.350493  0.0464627
3129 0.40889 0.569349  0.0217605
2593 0.01218 0.384648  0.603172
7143 0.445379 0.528753  0.0258674
6188 0.525255 0.199795  0.27495
5924 0.526544 0.0796467  0.393809
4615 0.350151 0.332244  0.317605
7025 0.332456 0.0448047  0.622739
7075 0.262236 0.322643  0.41512
3682 0.0514501 0.100899  0.847651
3977 0.366789 0.268586  0.364624
6966 0.474452 0.0485606  0.476987
4513 0.281252 0.425642  0.293106
7491 0.286843 0.150938  0.562219
7042 0.31776 0.440206  0.242033
590 0.0589091 0.446603  0.494488
953 0.316279 0.415386  0.268336
6211 0.522877 0.0229918  0.454131
2131 0.0805527 0.707183  0.212264
2595 0.332061 0.280313  0.387626
6178 0.485845 0.470244  0.0439112
2615 0.567381 0.0535644  0.379054
5567 0.850892 0.119728  0.0293796
2689 0.225417 0.364606  0.409977
3972 0.302949 0.19976  0.497291
586 0.520872 0.407692  0.0714365
3616 0.319123 0.481814  0.199063
7043 0.366195 0.325427  0.308379
2172 0.0148211 0.533461  0.451718
2258 0.478541 0.299884  0.221575
5806 0.599555 0.341366  0.0590796
3654 0.129964 0.0267835  0.843252
7180 0.477406 0.334346  0.188248
4834 0.255838 0.600739  0.143423
4679 0.228493 0.272808  0.4987
3777 0.203199 0.446946  0.349856
2421 0.1944 0.347301  0.458299
4050 0.270216 0.486772  0.243012
6935 0.312177 0.593645  0.0941784
6261 0.143075 0.548782  0.308143
5096 0.518766 0.0723884  0.408846
6560 0.212857 0.274983  0.51216
4017 0.201288 0.234836  0.563877
3195 0.378546 0.200399  0.421056
694 0.596875 0.0348953  0.368229
1124 0.214638 0.333154  0.452208
5420 0.0692562 0.30818  0.622564
346 0.251495 0.197755  0.55075
2284 0.108701 0.49655  0.394749
1105 0.73504 0.227113  0.0378472
5924 0.439235 0.111102  0.449663
5118 0.25902 0.622436  0.118544
44 0.430073 0.226647  0.34328
5271 0.420814 0.455449  0.123737
6474 0.491024 0.428  0.0809762
6555 0.443875 0.472028  0.0840972
4798 0.0560193 0.354183  0.589797
872 0.398354 0.132401  0.469244
2455 0.536818 0.0508335  0.412349
2401 0.434761 0.116036  0.449203
2416 0.436827 0.291847  0.271327
4894 0.348514 0.378568  0.272918
840 0.352931 0.591636  0.0554329
2385 0.369052 0.301563  0.329384
1800 0.384438 0.147126  0.468435
3967 0.566946 0.202974  0.23008
7423 0.388144 0.216798  0.395058
5961 0.464541 0.244225  0.291234
5940 0.551281 0.0911333  0.357586
6483 0.357844 0.258468  0.383688
3016 0.179564 0.806147  0.0142882
1260 0.37823 0.448431  0.173339
1317 0.263998 0.573262  0.16274
2475 0.318349 0.0933958  0.588256
58 0.0547077 0.367123  0.578169
3363 0.790017 0.0654051  0.144578
3910 0.38209 0.260723  0.357187
2970 0.0643637 0.292988  0.642648
1511 0.570008 0.303534  0.126458
6235 0.332412 0.513505  0.154084
2201 0.365965 0.207108  0.426927
3696 0.276912 0.506043  0.217045
5173 0.355541 0.419103  0.225357
258 0.395318 0.423385  0.181297
6762 0.178764 0.371555  0.449681
3024 0.0342519 0.560188  0.40556
808 0.477256 0.359276  0.163468
2374 0.398252 0.040212  0.561536
5199 0.122951 0.451357  0.425693
7073 0.249689 0.057988  0.692323
6564 0.17025 0.362714  0.467036
2703 0.154471 0.701766  0.143762
5154 0.258801 0.441134  0.300065
2310 0.523658 0.131445  0.344898
6176 0.488718 0.0123855  0.498896
6990 0.463091 0.180774  0.356135
5914 0.373917 0.185718  0.440365
1408 0.391962 0.446597  0.16144
3658 0.132594 0.491034  0.376372
6419 0.277855 0.260706  0.461439
1365 0.280457 0.411264  0.30828
327 0.327238 0.263012  0.409749
655 0.382519 0.329679  0.287802
5512 0.64398 0.0217639  0.334256
3999 0.375011 0.0689349  0.556055
2306 0.393528 0.305089  0.301383
1793 0.299296 0.403227  0.297477
2875 0.399323 0.28447  0.316208
5031 0.229775 0.090474  0.679751
5154 0.439862 0.0589749  0.501163
2576 0.481604 0.108487  0.409909
6861 0.430215 0.411809  0.157976
2047 0.358087 0.329672  0.312242
2518 0.106227 0.137245  0.756528
245 0.387419 0.294561  0.31802
87 0.116097 0.125749  0.758154
5296 0.160861 0.516777  0.322362
7622 0.306234 0.576535  0.117231
618 0.0782851 0.737949  0.183766
6919 0.566909 0.113005  0.320085
5170 0.0611714 0.618646  0.320183
642 0.37827 0.489843  0.131888
5130 0.516965 0.345935  0.137099
6762 0.420695 0.276811  0.302494
6711 0.28512 0.372842  0.342038
3793 0.256019 0.270129  0.473851
7442 0.0195885 0.244212  0.736199
2720 0.301077 0.229394  0.469529
2737 0.0766561 0.647456  0.275888
4369 0.123753 0.577884  0.298362
2634 0.251313 0.384101  0.364585
848 0.148531 0.361414  0.490055
3371 0.403677 0.215222  0.381101
3120 0.256452 0.531732  0.211816
6180 0.281707 0.372813  0.345479
7068 0.426428 0.320797  0.252775
4459 0.741169 0.197486  0.0613451
4690 0.557849 0.117904  0.324247
2350 0.0621691 0.436132  0.501699
6395 0.229854 0.242895  0.527251
1630 0.683713 0.283199  0.0330875
287 0.401096 0.307977  0.290927
765 0.0789046 0.345632  0.575463
5896 0.193967 0.0241486  0.781884
4839 0.359344 0.327158  0.313498
1130 0.262551 0.243779  0.493671
2678 0.157662 0.307355  0.534982
1539 0.378595 0.296698  0.324707
3637 0.597534 0.276703  0.125763
912 0.569387 0.320621  0.109992
4203 0.273 0.164587  0.562413
975 0.168914 0.43135  0.399736
2177 0.12977 0.842092  0.0281387
5581 0.386308 0.435557  0.178136
4058 0.251476 0.642186  0.106338
4469 0.125595 0.673528  0.200877
1601 0.444631 0.374083  0.181286
4900 0.424589 0.197693  0.377718
803 0.296638 0.296497  0.406865
2725 0.0245061 0.898699  0.0767952
7070 0.473031 0.354247  0.172721
5681 0.166819 0.304718  0.528463
4781 0.246229 0.105151  0.648621
5261 0.0863592 0.259759  0.653882
1464 0.359991 0.484715  0.155294
4069 0.0361638 0.536621  0.427215
7639 0.292207 0.398971  0.308823
1067 0.524475 0.0514932  0.424032
5915 0.536752 0.206578  0.256671
5853 0.716218 0.0532525  0.230529
6692 0.412826 0.166342  0.420833
6912 0.356196 0.110942  0.532862
3828 0.534202 0.0546169  0.411181
6441 0.761566 0.213959  0.0244744
1925 0.380908 0.0870273  0.532064
1435 0.416484 0.014616  0.5689
6011 0.414623 0.373209  0.212168
4979 0.799626 0.0754352  0.124939
3395 0.575651 0.0885377  0.335812
3993 0.559699 0.0768281  0.363473
6746 0.527675 0.0985635  0.373762
6542 0.562301 0.348297  0.089402
2234 0.440862 0.549082  0.0100559
500 0.580967 0.396796  0.0222369
4729 0.47835 0.387146  0.134503
6197 0.109775 0.248881  0.641343
1310 0.410009 0.148079  0.441912
2049 0.121139 0.724376  0.154485
3771 0.488898 0.0822049  0.428897
4883 0.133308 0.488989  0.377703
7164 0.190754 0.359412  0.449835
4031 0.279247 0.373926  0.346827
2087 0.315169 0.582976  0.101855
1116 0.148228 0.394592  0.45718
355 0.384489 0.254228  0.361283
4637 0.204708 0.295908  0.499384
4150 0.772816 0.0301495  0.197034
4100 0.423868 0.433254  0.142878
3414 0.125584 0.213023  0.661393
7549 0.176111 0.457548  0.366341
6443 0.413157 0.285116  0.301727
1689 0.197194 0.476547  0.326258
7268 0.304825 0.165854  0.529321
3203 0.538324 0.127305  0.334371
2228 0.251159 0.682029  0.0668124
731 0.150953 0.46399  0.385057
1002 0.334038 0.372452  0.29351
3414 0.407836 0.231229  0.360935
6915 0.476973 0.267169  0.255858
760 0.3901 0.24615  0.36375
1161 0.327637 0.556914  0.115449
3498 0.391739 0.0977717  0.510489
7201 0.292027 0.380166  0.327807
7373 0.240876 0.712267  0.0468565
6518 0.199486 0.611858  0.188656
5027 0.457269 0.347807  0.194924
200 0.325248 0.426355  0.248398
2871 0.548212 0.0130883  0.438699
556 0.440925 0.330988  0.228087
1049 0.0608362 0.774218  0.164946
6763 0.340311 0.0358714  0.623818
1185 0.335147 0.0455603  0.619293
928 0.535403 0.332643  0.131954
5114 0.108808 0.857813  0.0333791
6944 0.554423 0.257303  0.188274
6902 0.43116 0.250598  0.318242
5798 0.411875 0.132333  0.455792
975 0.158933 0.749343  0.0917247
6775 0.204397 0.552086  0.243516
2923 0.539379 0.196083  0.264538
1179 0.5914 0.166779  0.24182
4216 0.364554 0.362906  0.27254
5100 0.419938 0.300435  0.279627
5293 0.187841 0.567471  0.244687
5068 0.738775 0.172253  0.0889723
2139 0.418935 0.547437  0.0336274
4329 0.165237 0.293909  0.540854
5362 0.395957 0.226724  0.377318
3367 0.243905 0.401411  0.354685
5154 0.222358 0.461318  0.316323
5556 0.353466 0.250121  0.396413
4230 0.179621 0.45415  0.366229
1127 0.100247 0.0622518  0.837502
2730 0.139733 0.536087  0.324181
6362 0.888846 0.0239454  0.0872089
1218 0.493524 0.0957546  0.410722
2515 0.0234502 0.236386  0.740164
125 0.15795 0.416129  0.425922
6435 0.470659 0.172794  0.356547
6657 0.249743 0.287514  0.462743
1807 0.695588 0.080532  0.22388
647 0.0994339 0.254145  0.646421
4858 0.390721 0.314881  0.294398
6854 0.583917 0.207987  0.208096
715 0.422571 0.0918732  0.485556
421 0.52538 0.334869  0.139751
5822 0.513157 0.141897  0.344946
677 0.410036 0.105219  0.484745
1202 0.783557 0.18055  0.0358925
125 0.0511322 0.707196  0.241672
4971 0.29272 0.482953  0.224327
1162 0.654143 0.0952394  0.250618
258 0.418598 0.13814  0.443261
5822 0.418168 0.365507  0.216324
196 0.312084 0.0375373  0.650379
3176 0.421173 0.5386  0.0402272
696 0.446825 0.358459  0.194716
5341 0.397798 0.0693951  0.532806
2342 0.205981 0.340782  0.453237
5654 0.0374091 0.262696  0.699895
211 0.0984091 0.529219  0.372372
793 0.461557 0.303401  0.235042
2659 0.281578 0.303409  0.415012
1364 0.0807001 0.396913  0.522387
5494 0.300547 0.472792  0.226661
5487 0.107909 0.593375  0.298716
5350 0.184175 0.45327  0.362555
3434 0.136947 0.559856  0.303197
1220 0.221633 0.716343  0.0620248
4904 0.0346639 0.659944  0.305392
1681 0.165902 0.224854  0.609244
3005 0.658504 0.169516  0.17198
7561 0.29398 0.131159  0.574861
7467 0.197148 0.444878  0.357974
6877 0.612419 0.101155  0.286426
6877 0.385217 0.467897  0.146886
6177 0.450988 0.0592828  0.489729
5334 0.307921 0.361461  0.330617
185 0.593641 0.232367  0.173992
243 0.66514 0.111637  0.223223
4763 0.300475 0.0597801  0.639745
6171 0.643383 0.0231544  0.333463
893 0.0937139 0.471944  0.434342
2388 0.527104 0.339684  0.133212
5503 0.381138 0.00825364  0.610609
4380 0.623407 0.221583  0.155011
2709 0.307322 0.479431  0.213247
3324 0.491067 0.205094  0.30384
7639 0.298867 0.364735  0.336398
3757 0.475266 0.313925  0.210809
2040 0.712944 0.0172554  0.269801
5887 0.339552 0.437295  0.223153
4869 0.134338 0.374095  0.491568
2770 0.147115 0.293383  0.559501
7579 0.327226 0.622719  0.0500549
3883 0.312684 0.342196  0.34512
4199 0.332677 0.253196  0.414128
3501 0.0553803 0.351137  0.593483
2992 0.0485923 0.725452  0.225956
2736 0.606439 0.196962  0.196599
6846 0.310437 0.601347  0.0882159
6055 0.51444 0.429509  0.0560514
6635 0.391984 0.178241  0.429775
49 0.162309 0.393556  0.444135
5397 0.406617 0.477448  0.115934
6835 0.213056 0.398151  0.388793
3686 0.33245 0.347736  0.319814
6171 0.216722 0.0619155  0.721363
3995 0.295781 0.371451  0.332768
5003 0.0346989 0.204607  0.760694
6689 0.279007 0.36656  0.354433
4163 0.361507 0.291502  0.346991
2550 0.418436 0.385849  0.195715
992 0.781698 0.0247223  0.19358
1248 0.339637 0.280173  0.38019
190 0.348171 0.430911  0.220918
2888 0.370852 0.288074  0.341074
2415 0.603467 0.333688  0.0628457
4470 0.27466 0.108158  0.617182
6745 0.577521 0.372759  0.0497194
4561 0.175687 0.235743  0.58857
2812 0.208257 0.470484  0.321259
5842 0.686075 0.249341  0.0645844
687 0.445028 0.133324  0.421648
5738 0.164232 0.791659  0.0441088
5735 0.242167 0.414873  0.34296
5723 0.308774 0.0203001  0.670926
5686 0.625484 0.137193  0.237323
3802 0.456177 0.190901  0.352922
1601 0.204241 0.707128  0.0886308
2079 0.394025 0.20753  0.398445
1771 0.457816 0.482615  0.0595687
7573 0.52406 0.093383  0.382557
5253 0.211769 0.29635  0.491881
6502 0.372811 0.284693  0.342496
7465 0.547004 0.189808  0.263187
5230 0.382535 0.338453  0.279012
3705 0.293114 0.373347  0.333539
4994 0.169269 0.0444048  0.786326
1171 0.637346 0.287157  0.0754968
4583 0.512034 0.0422864  0.44568
2246 0.260341 0.227973  0.511686
2448 0.214647 0.545375  0.239979
2114 0.225729 0.750837  0.0234337
212 0.294661 0.298458  0.406881
7230 0.170313 0.574818  0.254869
568 0.325797 0.341629  0.332574
2924 0.26925 0.0144637  0.716286
3417 0.290818 0.356473  0.352709
7218 0.100353 0.327979  0.571668
6671 0.201295 0.158825  0.639881
1951 0.173056 0.406876  0.420068
3179 0.0280072 0.746815  0.225177
1568 0.341372 0.130961  0.527667
3493 0.400973 0.339584  0.259442
319 0.289797 0.58361  0.126593
2352 0.308834 0.232989  0.458176
3933 0.535683 0.193391  0.270926
3496 0.289292 0.540426  0.170282
192 0.397616 0.410233  0.192151
2844 0.218035 0.433954  0.348011
4463 0.194162 0.320038  0.4858
7600 0.327295 0.591736  0.0809691
3917 0.407809 0.270273  0.321918
4206 0.204088 0.536942  0.25897
6350 0.323061 0.51816  0.15878
2774 0.402973 0.116999  0.480028
689 0.351223 0.568186  0.0805909
6421 0.194537 0.38656  0.418903
1422 0.425741 0.379817  0.194443
7002 0.506705 0.39569  0.0976053
4868 0.0730506 0.520998  0.405952
2082 0.380869 0.239986  0.379145
4342 0.295583 0.34035  0.364067
7136 0.172614 0.405472  0.421913
7170 0.246029 0.474695  0.279276
5926 0.460022 0.49204  0.0479376
6368 0.504297 0.0341518  0.461551
2314 0.37825 0.304255  0.317496
5766 0.0950467 0.646067  0.258886
3318 0.415043 0.288073  0.296884
2411 0.0524374 0.3446  0.602963
3029 0.454416 0.0495374  0.496046
5395 0.316926 0.0651318  0.617942
7613 0.713235 0.0349456  0.25182
2454 0.551927 0.179103  0.268969
980 0.191554 0.456932  0.351514
1935 0.287274 0.407418  0.305308
3988 0.529023 0.0517536  0.419224
1115 0.542687 0.297388  0.159925
2985 0.379934 0.337967  0.282099
5317 0.233816 0.373887  0.392297
5567 0.452726 0.254715  0.292558
3621 0.469591 0.137174  0.393235
1885 0.486076 0.0151095  0.498815
274 0.279576 0.406379  0.314045
1458 0.021933 0.582435  0.395632
2127 0.438103 0.187992  0.373905
4002 0.499277 0.220021  0.280702
7296 0.225128 0.0570347  0.717838
4047 0.61389 0.33449  0.0516201
4004 0.218561 0.41922  0.362219
5834 0.409456 0.263341  0.327203
3173 0.396473 0.338417  0.265111
3244 0.0955323 0.702251  0.202217
2401 0.226339 0.349927  0.423735
4841 0.574888 0.2364  0.188712
4478 0.335294 0.57063  0.0940752
6116 0.270759 0.343236  0.386005
2351 0.342212 0.232618  0.42517
2061 0.200826 0.377539  0.421635
91 0.432901 0.353072  0.214027
5374 0.166441 0.50066  0.332899
3882 0.458824 0.489188  0.0519883
1144 0.0550849 0.711957  0.232959
2412 0.105092 0.324123  0.570784
5169 0.208248 0.482749  0.309004
5922 0.348514 0.262542  0.388944
3489 0.393106 0.259404  0.34749
7456 0.751189 0.053319  0.195492
4965 0.643629 0.314427  0.0419436
4877 0.2758 0.419782  0.304418
600 0.197161 0.607812  0.195027
4787 0.327661 0.218055  0.454284
4810 0.454073 0.234992  0.310935
2385 0.259759 0.425328  0.314912
4707 0.426115 0.315345  0.258539
2087 0.0276778 0.445736  0.526586
5561 0.62254 0.0416384  0.335821
7107 0.700692 0.196581  0.102727
1076 0.218566 0.34638  0.435053
1492 0.214796 0.339773  0.445431
2473 0.259908 0.41637  0.323722
3049 0.102422 0.314709  0.582869
3893 0.366495 0.151943  0.481562
2832 0.464314 0.225666  0.310019
2920 0.465265 0.514538  0.0201976
3963 0.663301 0.094224  0.242475
3888 0.331389 0.410234  0.258377
7349 0.395206 0.0448799  0.559914
1687 0.58618 0.115036  0.298784
459 0.38501 0.100272  0.514718
977 0.151311 0.113152  0.735537
6206 0.473554 0.310046  0.216401
1847 0.187105 0.421941  0.390954
479 0.338264 0.286291  0.375445
5381 0.39978 0.510611  0.0896084
2907 0.278187 0.0272308  0.694582
3467 0.35636 0.21605  0.427591
4789 0.322991 0.366169  0.310839
6231 0.193428 0.411759  0.394813
2227 0.498962 0.2794  0.221638
5972 0.315491 0.55219  0.132319
6102 0.317413 0.240729  0.441858
629 0.142464 0.034886  0.82265
3512 0.0756173 0.186415  0.737968
3424 0.179037 0.329609  0.491354
2812 0.325228 0.256483  0.41829
2216 0.0391003 0.523518  0.437382
5136 0.233203 0.605369  0.161427
158 0.493338 0.319514  0.187148
5972 0.439733 0.157904  0.402362
3798 0.441652 0.25657  0.301778
6396 0.148217 0.326813  0.52497
6026 0.103857 0.386495  0.509648
2782 0.264857 0.638579  0.0965641
284 0.0420054 0.591865  0.366129
3101 0.419371 0.239061  0.341568
5265 0.180613 0.511553  0.307834
4666 0.209315 0.272289  0.518396
4215 0.252066 0.507277  0.240657
5160 0.20137 0.523665  0.274965
6492 0.116106 0.37653  0.507364
1897 0.350039 0.133586  0.516375
4209 0.631673 0.105251  0.263077
7155 0.126868 0.673877  0.199254
3508 0.301166 0.135892  0.562942
2060 0.18626 0.305891  0.507849
81 0.662297 0.195693  0.14201
5302 0.363754 0.510505  0.125741
5182 0.454685 0.466682  0.0786329
1860 0.256779 0.404041  0.33918
285 0.178551 0.411532  0.409917
3719 0.545882 0.320556  0.133562
4608 0.049333 0.304571  0.646096
3788 0.100401 0.765719  0.13388
5975 0.396874 0.403016  0.20011
6902 0.388521 0.259844  0.351635
4824 0.585631 0.360285  0.0540841
251 0.300028 0.360414  0.339558
6657 0.627662 0.040709  0.331629
6769 0.153411 0.339522  0.507066
5419 0.261014 0.401924  0.337062
1935 0.174388 0.456283  0.369329
1108 0.32082 0.336888  0.342292
3948 0.470902 0.469229  0.0598692
2023 0.431913 0.148775  0.419312
6949 0.371967 0.0491235  0.57891
4316 0.310814 0.130583  0.558603
5454 0.243603 0.456715  0.299682
6750 0.43511 0.45473  0.110161
5635 0.166304 0.414627  0.41907
3556 0.248844 0.282094  0.469062
4523 0.527046 0.351093  0.121861
7447 0.371542 0.444442  0.184016
6111 0.495043 0.0754865  0.42947
3977 0.565161 0.140074  0.294765
3749 0.43428 0.355958  0.209762
7368 0.344713 0.423575  0.231712
3627 0.144728 0.578915  0.276357
1120 0.107382 0.443245  0.449373
6235 0.227933 0.307702  0.464365
6655 0.463127 0.479097  0.0577765
4214 0.300542 0.278627  0.42083
1494 0.0562812 0.84855  0.0951692
1914 0.190805 0.139967  0.669229
1564 0.330873 0.223228  0.445899
7480 0.300485 0.345012  0.354502
1121 0.27972 0.227642  0.492638
57 0.251097 0.373622  0.375281
3774 0.451559 0.399178  0.149264
514 0.273759 0.0508915  0.675349
1174 0.270598 0.310211  0.41919
570 0.507916 0.245134  0.246951
387 0.159361 0.535889  0.30475
3279 0.317918 0.528354  0.153728
5074 0.0315923 0.5161  0.452308
6073 0.657994 0.0739535  0.268053
4973 0.30625 0.229607  0.464143
5535 0.427416 0.160433  0.41215
3676 0.210151 0.315853  0.473996
498 0.552407 0.313547  0.134047
2177 0.814599 0.10855  0.0768504
341 0.609493 0.25371  0.136797
3322 0.260444 0.296963  0.442593
342 0.406673 0.29333  0.299996
847 0.160477 0.417433  0.42209
5082 0.0896982 0.729961  0.180341
710 0.304405 0.201568  0.494027
1995 0.379971 0.203697  0.416333
2360 0.353329 0.184328  0.462343
2556 0.358557 0.312708  0.328735
1163 0.399849 0.215083  0.385068
2806 0.23171 0.0390875  0.729203
3831 0.194365 0.113991  0.691644
2633 0.48852 0.365638  0.145841
3122 0.3436 0.556505  0.0998951
19 0.562659 0.311405  0.125936
6392 0.356734 0.4235  0.219766
744 0.166067 0.180813  0.65312
3999 0.450328 0.406029  0.143643
3372 0.227341 0.0232012  0.749458
7630 0.278987 0.479585  0.241428
7179 0.105386 0.366554  0.52806
6964 0.688333 0.0830498  0.228618
1432 0.740951 0.117774  0.141275
4882 0.136734 0.446251  0.417015
2758 0.349106 0.248534  0.40236
3568 0.113836 0.863489  0.0226746
3224 0.353095 0.143001  0.503904
1461 0.126512 0.524915  0.348572
167 0.039051 0.514374  0.446575
557 0.292027 0.439659  0.268315
641 0.224171 0.341988  0.433842
5970 0.0893641 0.410144  0.500492
7334 0.236268 0.361115  0.402616
7021 0.427659 0.436368  0.135972
900 0.544702 0.0873607  0.367938
6520 0.132242 0.450838  0.41692
912 0.549856 0.0692972  0.380847
1508 0.341072 0.250935  0.407993
7212 0.485076 0.0192302  0.495693
6491 0.439369 0.507273  0.0533584
849 0.342714 0.475708  0.181578
5791 0.283401 0.622706  0.0938926
2401 0.408082 0.278274  0.313644
5932 0.068233 0.472404  0.459363
4184 0.143971 0.108521  0.747509
4535 0.0844828 0.19366  0.721857
1035 0.747442 0.130037  0.12252
5411 0.648061 0.176484  0.175456
5176 0.051027 0.700846  0.248127
3212 0.380504 0.419483  0.200013
6201 0.120234 0.544334  0.335432
3809 0.530603 0.352958  0.116439
366 0.240855 0.454122  0.305023
5036 0.461418 0.445931  0.0926513
1889 0.674278 0.058861  0.266861
1824 0.409005 0.436656  0.154339
2595 0.274259 0.328203  0.397538
4297 0.410898 0.380145  0.208957
4865 0.63667 0.049864  0.313466
1831 0.381412 0.415194  0.203395
5789 0.331689 0.118723  0.549587
2501 0.356489 0.300856  0.342655
4144 0.248957 0.646779  0.104264
4518 0.365428 0.179606  0.454965
3515 0.419612 0.0933758  0.487012
3097 0.0614118 0.537245  0.401343
7470 0.338739 0.300373  0.360888
4393 0.275629 0.157728  0.566643
256 0.257975 0.0555247  0.6865
3047 0.422522 0.302699  0.274779
3319 0.39058 0.269052  0.340368
3409 0.276579 0.383462  0.339959
7271 0.338131 0.236782  0.425087
1484 0.600779 0.304713  0.0945081
1757 0.46808 0.336263  0.195657
3058 0.0539405 0.442514  0.503545
3842 0.491388 0.0376833  0.470929
2009 0.243524 0.442758  0.313717
2753 0.523744 0.0667309  0.409525
5782 0.0150367 0.274946  0.710017
5423 0.402166 0.188715  0.409119
2139 0.0387289 0.354955  0.606316
6779 0.0829287 0.774911  0.142161
4651 0.439896 0.517593  0.0425113
371 0.19693 0.249515  0.553555
3604 0.651068 0.311938  0.0369945
4718 0.334229 0.28663  0.379141
4027 0.353957 0.554086  0.0919572
1394 0.382058 0.254751  0.363191
2624 0.757674 0.0146202  0.227706
3301 0.329748 0.23326  0.436993
459 0.0758075 0.829267  0.0949259
7559 0.510674 0.0116561  0.47767
5526 0.272537 0.208084  0.519379
4779 0.360364 0.430216  0.209419
577 0.327632 0.645581  0.0267872
3044 0.336138 0.170468  0.493394
1839 0.132983 0.501275  0.365742
585 0.366741 0.262103  0.371156
2043 0.308805 0.200185  0.491009
1103 0.501281 0.0985304  0.400188
5349 0.257213 0.34645  0.396337
