11849 0.798908 0.160142  0.0409497
12532 0.187982 0.211935  0.600082
6952 0.205882 0.345828  0.44829
12328 0.461131 0.230101  0.308768
7345 0.435537 0.221165  0.343299
7068 0.348968 0.0145493  0.636483
9246 0.366737 0.56472  0.0685436
4511 0.446142 0.347476  0.206382
14870 0.191688 0.280688  0.527624
12466 0.588564 0.246945  0.164491
10428 0.404536 0.104046  0.491417
9677 0.488684 0.369295  0.142021
9630 0.494853 0.239647  0.265499
10918 0.104742 0.405109  0.490149
10036 0.401874 0.285728  0.312398
9704 0.252698 0.384536  0.362765
5990 0.389964 0.437349  0.172686
12061 0.530945 0.314414  0.154642
14706 0.269203 0.236916  0.493881
11914 0.22631 0.34003  0.43366
4082 0.543661 0.432936  0.0234029
5972 0.145836 0.138387  0.715778
1751 0.315942 0.349779  0.334279
6048 0.331184 0.0866109  0.582205
11778 0.145937 0.734686  0.119376
11766 0.404236 0.212644  0.38312
16442 0.467025 0.243745  0.28923
6827 0.279272 0.462919  0.257809
3483 0.268947 0.215649  0.515404
15135 0.318737 0.362657  0.318606
8728 0.499142 0.264418  0.23644
7688 0.421844 0.303101  0.275055
6019 0.442865 0.451838  0.105296
14796 0.246636 0.441695  0.311669
5786 0.407118 0.403357  0.189526
6372 0.660469 0.169315  0.170216
13859 0.285743 0.53389  0.180368
3873 0.543755 0.0436141  0.41263
3308 0.145559 0.40513  0.449311
6013 0.388169 0.38096  0.230872
11580 0.0173523 0.316066  0.666582
17403 0.141452 0.779779  0.0787693
2381 0.422586 0.399413  0.178001
12211 0.561379 0.132981  0.30564
11358 0.513103 0.355601  0.131296
704 0.340484 0.113154  0.546361
15179 0.598069 0.0440527  0.357878
186 0.0713479 0.90483  0.0238219
19156 0.328928 0.551509  0.119563
9862 0.392311 0.3894  0.218289
11809 0.570221 0.272846  0.156932
14863 0.396619 0.329878  0.273503
815 0.264834 0.173506  0.56166
2917 0.276943 0.399219  0.323838
13389 0.106744 0.210924  0.682333
2291 0.417487 0.266883  0.31563
1779 0.0184681 0.502822  0.478709
11575 0.186756 0.59394  0.219304
11852 0.258067 0.409479  0.332454
18936 0.281146 0.352832  0.366023
11962 0.130254 0.463239  0.406507
13310 0.0422187 0.887955  0.0698262
17946 0.153329 0.366081  0.480589
5243 0.361277 0.169119  0.469604
7310 0.317986 0.138972  0.543041
6845 0.515926 0.0459794  0.438095
6942 0.280563 0.516224  0.203213
13210 0.361173 0.332828  0.305999
10141 0.368635 0.159876  0.471489
10122 0.467019 0.391159  0.141822
9886 0.0971233 0.34758  0.555296
12048 0.0671498 0.340468  0.592382
11835 0.339929 0.156904  0.503167
1716 0.506923 0.102522  0.390555
10167 0.314846 0.406469  0.278684
7275 0.561957 0.142088  0.295956
9262 0.374419 0.335721  0.289861
16675 0.628497 0.280121  0.091382
19532 0.413371 0.458872  0.127758
2372 0.492546 0.46529  0.0421643
7964 0.0204059 0.433258  0.546336
9651 0.0990832 0.46334  0.437576
16592 0.0489106 0.494871  0.456218
16432 0.539371 0.370697  0.0899316
16465 0.338919 0.354012  0.307069
18738 0.25059 0.400998  0.348413
7331 0.156709 0.384468  0.458824
11786 0.0393137 0.738281  0.222405
5865 0.394529 0.409784  0.195686
644 0.419625 0.0707593  0.509615
9520 0.407401 0.41452  0.178079
14703 0.460517 0.522776  0.016707
14081 0.421463 0.307162  0.271375
9184 0.148323 0.349221  0.502456
14798 0.15196 0.59229  0.25575
6850 0.0744667 0.106177  0.819356
2467 0.136558 0.57705  0.286392
2318 0.395027 0.286048  0.318925
12945 0.272955 0.486497  0.240547
2836 0.563263 0.224337  0.212399
12832 0.472654 0.026509  0.500837
808 0.323592 0.480739  0.195669
8539 0.226779 0.647392  0.125829
9667 0.494222 0.12397  0.381809
15231 0.395599 0.243725  0.360676
7029 0.455543 0.147585  0.396872
8706 0.197993 0.380051  0.421957
13816 0.345326 0.360244  0.29443
5577 0.0600428 0.303598  0.63636
12016 0.195599 0.777992  0.0264091
1208 0.551202 0.120902  0.327896
9664 0.258516 0.114706  0.626778
1765 0.317255 0.507988  0.174757
2370 0.339561 0.287075  0.373364
5868 0.0527444 0.446208  0.501047
16457 0.511959 0.330354  0.157687
11988 0.574224 0.146826  0.27895
15849 0.411441 0.37848  0.210078
2560 0.703182 0.161266  0.135552
17027 0.321058 0.0345926  0.64435
13986 0.23499 0.420815  0.344195
13314 0.495704 0.129188  0.375107
2642 0.0772455 0.493626  0.429129
783 0.391799 0.539216  0.0689854
6014 0.287528 0.334152  0.37832
6189 0.396135 0.56325  0.0406145
6038 0.3891 0.299212  0.311688
11840 0.112512 0.610486  0.277002
9240 0.502786 0.19504  0.302174
16535 0.338012 0.168451  0.493537
5983 0.472211 0.0626639  0.465125
5993 0.42943 0.406912  0.163658
19157 0.707239 0.198344  0.0944172
9320 0.358736 0.115327  0.525937
10051 0.627533 0.201632  0.170834
2639 0.18306 0.430641  0.3863
399 0.275268 0.061153  0.663579
495 0.220098 0.31239  0.467512
6262 0.377774 0.524771  0.0974554
16596 0.408376 0.16055  0.431074
1786 0.287239 0.330011  0.38275
9526 0.417833 0.481039  0.101128
11619 0.399052 0.563757  0.0371916
12516 0.396241 0.510572  0.0931862
482 0.223407 0.375332  0.401262
16706 0.421156 0.332746  0.246097
9243 0.157303 0.670416  0.172281
2411 0.15101 0.621302  0.227688
14612 0.258544 0.621744  0.119711
10154 0.319659 0.324151  0.35619
5262 0.225103 0.351938  0.422959
15416 0.304087 0.283816  0.412097
491 0.462028 0.366929  0.171043
17558 0.38949 0.282268  0.328242
10027 0.5202 0.464672  0.0151275
7099 0.269611 0.45065  0.279739
15097 0.516266 0.295266  0.188467
9915 0.102071 0.359738  0.53819
7649 0.386824 0.344501  0.268675
11821 0.286331 0.346024  0.367645
2721 0.038843 0.866626  0.0945314
12170 0.0468002 0.466364  0.486835
7124 0.50643 0.0669731  0.426597
13512 0.41271 0.0752294  0.512061
9269 0.0766289 0.521185  0.402186
8604 0.488147 0.349151  0.162702
17381 0.11391 0.666447  0.219643
5749 0.441044 0.290538  0.268418
7779 0.546411 0.319608  0.13398
9466 0.455204 0.438621  0.106174
6007 0.260502 0.649312  0.0901859
666 0.347229 0.408625  0.244146
3542 0.772222 0.189267  0.0385112
16695 0.342081 0.180265  0.477654
7410 0.447122 0.474426  0.0784517
8117 0.496472 0.413774  0.0897536
15111 0.0540545 0.456774  0.489171
15673 0.547773 0.175923  0.276304
6026 0.0734889 0.330707  0.595804
7315 0.0972152 0.519163  0.383622
3864 0.388737 0.530586  0.0806768
8967 0.36167 0.419433  0.218896
15580 0.115216 0.717985  0.166799
6275 0.423329 0.309939  0.266732
12609 0.163162 0.643308  0.19353
954 0.405451 0.070856  0.523693
15771 0.732545 0.0737743  0.193681
7648 0.336669 0.418461  0.24487
512 0.0313815 0.464364  0.504254
15661 0.0838881 0.525394  0.390718
15508 0.142694 0.214624  0.642682
12459 0.0518986 0.497066  0.451035
3812 0.120984 0.221416  0.6576
16436 0.198693 0.247034  0.554273
13229 0.449012 0.479842  0.0711452
7713 0.343006 0.358908  0.298086
13384 0.592266 0.205991  0.201743
6998 0.346774 0.222028  0.431198
537 0.0885853 0.388898  0.522516
5897 0.221214 0.642593  0.136193
16564 0.570898 0.333992  0.0951102
16667 0.443088 0.113535  0.443377
2820 0.396761 0.549058  0.0541814
14904 0.0188475 0.0900113  0.891141
7350 0.214371 0.243144  0.542485
15296 0.240214 0.201475  0.55831
2882 0.103198 0.419412  0.47739
1461 0.445973 0.316904  0.237123
10199 0.352139 0.308793  0.339068
9338 0.488726 0.240898  0.270377
1733 0.383109 0.189575  0.427316
6843 0.142745 0.392607  0.464648
15611 0.242215 0.448244  0.309541
1560 0.309793 0.408438  0.281769
15577 0.33651 0.522021  0.141469
9792 0.146266 0.422944  0.430789
420 0.369416 0.278405  0.35218
5986 0.23493 0.261307  0.503763
2520 0.476615 0.14787  0.375515
16451 0.272344 0.49334  0.234316
17617 0.0760389 0.66156  0.262401
10026 0.291036 0.153719  0.555246
11245 0.40892 0.185899  0.405182
6945 0.325046 0.348717  0.326237
16656 0.705855 0.213483  0.0806616
13390 0.359302 0.428566  0.212132
4753 0.128705 0.338634  0.532661
9692 0.348456 0.639097  0.0124465
6390 0.16242 0.559937  0.277643
13570 0.128126 0.316456  0.555418
5733 0.227411 0.358069  0.41452
11054 0.215995 0.311368  0.472637
5857 0.66018 0.211308  0.128512
3274 0.213511 0.339898  0.446591
17497 0.526959 0.380632  0.092409
15386 0.481851 0.0629634  0.455186
2539 0.307834 0.522639  0.169527
19032 0.389341 0.307494  0.303165
6962 0.399722 0.226169  0.374109
11586 0.24703 0.354041  0.398929
5958 0.512695 0.416654  0.0706519
6023 0.600425 0.291954  0.107621
14135 0.56423 0.279799  0.155971
11805 0.152356 0.405823  0.441821
13394 0.659924 0.146317  0.193759
2533 0.161722 0.495047  0.343231
9966 0.231169 0.399442  0.369389
7306 0.424961 0.269819  0.30522
237 0.30896 0.440645  0.250394
14884 0.0540858 0.629574  0.31634
1027 0.0925217 0.331353  0.576126
15843 0.0449266 0.93557  0.0195037
3864 0.17451 0.355055  0.470436
13502 0.459965 0.515635  0.0244005
14829 0.55233 0.315067  0.132603
10198 0.152864 0.171206  0.67593
11581 0.41499 0.434519  0.150491
11369 0.102526 0.185672  0.711802
9241 0.135848 0.46117  0.402981
492 0.437433 0.456024  0.106543
9599 0.451184 0.440406  0.10841
13468 0.318167 0.221192  0.460641
517 0.0985099 0.434467  0.467023
15725 0.355769 0.340822  0.303409
6848 0.379075 0.186027  0.434897
5864 0.551768 0.432705  0.0155267
13043 0.416918 0.357351  0.225731
11806 0.331387 0.413956  0.254658
827 0.353442 0.326167  0.320391
375 0.501939 0.447606  0.0504546
1052 0.355993 0.636613  0.0073941
6024 0.308245 0.269055  0.4227
16459 0.248045 0.360876  0.391078
16571 0.0445068 0.509498  0.445995
11467 0.191264 0.306078  0.502658
7055 0.338567 0.32782  0.333613
11598 0.359949 0.321101  0.31895
1581 0.64008 0.223912  0.136009
8721 0.39409 0.0950759  0.510834
12218 0.311654 0.614116  0.0742296
11577 0.451381 0.207422  0.341197
2366 0.657504 0.253767  0.0887291
14870 0.15114 0.509583  0.339277
3565 0.347741 0.589839  0.06242
9278 0.113434 0.364924  0.521642
15678 0.225072 0.12871  0.646218
11765 0.411794 0.311652  0.276554
1438 0.263314 0.525967  0.210719
6847 0.254378 0.572467  0.173154
530 0.0198024 0.145045  0.835153
16663 0.367549 0.291723  0.340727
15758 0.480568 0.433592  0.0858403
6480 0.575566 0.132306  0.292128
2810 0.200879 0.648674  0.150447
5467 0.371786 0.398996  0.229218
6309 0.221446 0.186498  0.592056
11835 0.367057 0.196026  0.436918
11992 0.0883564 0.156996  0.754647
9963 0.140594 0.445517  0.413889
1050 0.467862 0.122975  0.409163
15011 0.41941 0.407516  0.173074
19109 0.408512 0.311034  0.280454
11680 0.564879 0.208588  0.226533
11599 0.0694462 0.499558  0.430996
776 0.436923 0.241978  0.3211
9360 0.33257 0.218058  0.449371
13259 0.20341 0.479187  0.317403
5810 0.273897 0.506529  0.219574
11613 0.528797 0.4089  0.0623035
2924 0.542485 0.341379  0.116137
5111 0.738884 0.0638589  0.197257
6521 0.210858 0.379744  0.409398
7854 0.370214 0.219565  0.41022
2829 0.841808 0.0460896  0.112102
15956 0.136089 0.430808  0.433104
11163 0.378451 0.274037  0.347512
9593 0.321777 0.313241  0.364983
11674 0.416177 0.459056  0.124768
16370 0.447323 0.0142423  0.538435
9614 0.335476 0.252522  0.412002
12404 0.266096 0.45711  0.276794
4441 0.349737 0.047904  0.602359
6517 0.488813 0.446332  0.0648545
7304 0.264522 0.640709  0.0947688
2619 0.202104 0.427347  0.370549
13042 0.320379 0.122199  0.557422
6924 0.27946 0.346955  0.373585
17181 0.715181 0.139436  0.145383
3923 0.335667 0.226693  0.43764
7885 0.363093 0.520069  0.116838
17268 0.246022 0.253906  0.500072
10852 0.258583 0.373947  0.367471
2287 0.483081 0.271818  0.2451
9667 0.266714 0.0741903  0.659096
10120 0.343446 0.357395  0.299159
13785 0.197234 0.12903  0.673736
13017 0.213835 0.301072  0.485093
17990 0.45124 0.0325161  0.516244
6412 0.291885 0.117474  0.590641
18444 0.536871 0.212412  0.250717
5893 0.420056 0.364969  0.214976
15288 0.292809 0.37846  0.328731
3859 0.48384 0.0787252  0.437434
13271 0.0158408 0.506127  0.478032
7515 0.304563 0.272835  0.422601
13097 0.686521 0.291701  0.0217785
12420 0.24206 0.381819  0.37612
2290 0.829735 0.0758474  0.0944181
11979 0.377713 0.489968  0.132319
10707 0.290066 0.495174  0.214761
16571 0.680503 0.171211  0.148287
16558 0.413948 0.343615  0.242437
11638 0.34095 0.347633  0.311417
6977 0.0364123 0.450321  0.513267
12935 0.597578 0.0585554  0.343867
7639 0.403695 0.589641  0.00666389
9698 0.435714 0.188835  0.375451
12394 0.351749 0.525543  0.122708
16603 0.445068 0.509563  0.0453694
15891 0.379075 0.611229  0.00969616
6845 0.15218 0.58062  0.2672
12854 0.243869 0.516364  0.239767
18008 0.371979 0.166859  0.461162
11579 0.234043 0.0673908  0.698567
1039 0.497716 0.0410333  0.461251
2704 0.148537 0.484601  0.366863
5766 0.298798 0.192218  0.508983
16532 0.161813 0.602795  0.235391
6371 0.486957 0.262848  0.250194
3853 0.605872 0.254752  0.139376
297 0.277653 0.491385  0.230962
6418 0.0402086 0.66085  0.298941
2659 0.0266162 0.383655  0.589729
818 0.150849 0.278064  0.571088
6996 0.447075 0.0759361  0.476988
2554 0.104599 0.56881  0.32659
11877 0.0698426 0.196776  0.733381
14902 0.331721 0.18706  0.481218
9951 0.552435 0.32675  0.120815
6102 0.134131 0.512957  0.352912
15569 0.215873 0.142246  0.641881
6134 0.447136 0.316369  0.236495
6800 0.222151 0.120571  0.657278
14468 0.0613817 0.449901  0.488717
3525 0.35612 0.264221  0.379659
12934 0.0327511 0.647021  0.320228
3894 0.44433 0.0344362  0.521234
11995 0.271987 0.382708  0.345305
362 0.357499 0.558941  0.0835596
12516 0.128807 0.404217  0.466976
9478 0.510986 0.435319  0.0536946
12007 0.222262 0.468555  0.309182
7273 0.258563 0.207867  0.53357
14965 0.563657 0.22382  0.212523
14795 0.525927 0.211831  0.262242
12292 0.171564 0.382372  0.446065
5853 0.460347 0.0894728  0.45018
9714 0.411274 0.358697  0.230028
13273 0.498256 0.341987  0.159756
5983 0.549532 0.346752  0.103716
685 0.0260276 0.947471  0.0265016
9237 0.318605 0.52745  0.153945
15230 0.173323 0.692831  0.133847
12458 0.233516 0.661903  0.104581
12005 0.142097 0.739198  0.118705
6858 0.453693 0.116021  0.430286
1572 0.280078 0.297865  0.422057
11993 0.376034 0.382821  0.241145
3422 0.493876 0.056366  0.449758
12462 0.286173 0.0747562  0.63907
6257 0.923953 0.0615921  0.0144548
9569 0.405473 0.36002  0.234507
6926 0.60568 0.19414  0.20018
11487 0.0805612 0.441696  0.477742
15028 0.55131 0.1471  0.301591
11236 0.533528 0.213081  0.253391
6804 0.738955 0.108546  0.152499
2414 0.537136 0.0307836  0.43208
9978 0.648634 0.313374  0.0379913
16612 0.239885 0.375866  0.384249
14862 0.159629 0.647314  0.193057
7233 0.332867 0.412312  0.254822
7830 0.335693 0.306248  0.358059
8346 0.424281 0.387578  0.188141
10386 0.479846 0.272149  0.248005
11612 0.239097 0.624069  0.136834
12907 0.386571 0.221742  0.391687
13859 0.474065 0.192033  0.333902
9999 0.158472 0.795872  0.0456562
13077 0.380667 0.365327  0.254006
10420 0.0752864 0.456466  0.468247
12785 0.256104 0.373971  0.369925
16685 0.441043 0.154741  0.404216
12286 0.491619 0.259241  0.249139
3312 0.426375 0.306796  0.266829
4689 0.2209 0.417955  0.361145
15771 0.0706163 0.190432  0.738952
7276 0.463959 0.0839923  0.452048
14887 0.139544 0.69873  0.161726
14841 0.376727 0.229701  0.393572
14884 0.0135353 0.262225  0.72424
6907 0.129801 0.456165  0.414034
4372 0.475434 0.307244  0.217321
3927 0.463839 0.316572  0.219589
7680 0.110735 0.332999  0.556266
18113 0.269366 0.339141  0.391493
19078 0.275533 0.274884  0.449583
14800 0.52491 0.309941  0.165149
12391 0.170951 0.629346  0.199703
704 0.378297 0.162216  0.459487
3332 0.839606 0.0408607  0.119534
7866 0.524414 0.311129  0.164457
13923 0.0849607 0.397536  0.517503
9058 0.412028 0.142666  0.445306
11500 0.22234 0.208643  0.569016
7541 0.551845 0.295603  0.152552
12805 0.155675 0.486254  0.358071
13361 0.326579 0.304147  0.369274
12449 0.0517839 0.222452  0.725764
12172 0.299616 0.27142  0.428963
12049 0.514963 0.127553  0.357484
11957 0.347166 0.352653  0.300182
9175 0.452235 0.385423  0.162342
14734 0.336237 0.171819  0.491944
12055 0.422328 0.205633  0.372039
9492 0.234946 0.568925  0.196129
3457 0.342621 0.0913145  0.566065
1570 0.3599 0.178537  0.461563
5782 0.170601 0.175939  0.65346
2415 0.171986 0.367195  0.460819
1282 0.444412 0.451599  0.103988
12553 0.627877 0.0432846  0.328839
15863 0.112045 0.495843  0.392112
12510 0.257416 0.301514  0.44107
12354 0.740774 0.106176  0.15305
4834 0.150288 0.0127805  0.836931
5917 0.475549 0.129387  0.395064
11573 0.373607 0.282337  0.344056
16372 0.35422 0.418113  0.227668
7275 0.0820491 0.412526  0.505424
6907 0.146408 0.812075  0.0415165
18391 0.166437 0.766181  0.0673812
14951 0.491801 0.15913  0.349069
3624 0.308994 0.122938  0.568069
654 0.0503804 0.50913  0.44049
2846 0.543522 0.201244  0.255235
3603 0.299371 0.480136  0.220493
16534 0.29797 0.563255  0.138775
1284 0.530271 0.033968  0.435761
775 0.31828 0.657253  0.0244676
4550 0.0922973 0.540015  0.367687
1709 0.206449 0.311869  0.481682
2441 0.0527235 0.547295  0.399982
1240 0.233174 0.205641  0.561185
5236 0.14989 0.137032  0.713078
2732 0.275066 0.200644  0.52429
5171 0.419346 0.515628  0.0650265
15342 0.198978 0.497598  0.303424
15352 0.262989 0.365588  0.371423
13312 0.0139416 0.44125  0.544808
9193 0.334983 0.547419  0.117598
750 0.155562 0.241448  0.60299
16650 0.11031 0.420375  0.469315
6105 0.299237 0.187352  0.513411
17477 0.387443 0.396797  0.21576
17496 0.4268 0.0569675  0.516232
1228 0.214642 0.472251  0.313108
953 0.422297 0.478842  0.0988605
12271 0.0649875 0.75971  0.175302
805 0.536922 0.238056  0.225021
2918 0.280915 0.253513  0.465572
19039 0.512502 0.0533898  0.434108
11707 0.576966 0.12193  0.301104
13336 0.476599 0.0537992  0.469601
7342 0.519025 0.0775577  0.403417
1391 0.307699 0.335295  0.357006
12012 0.371847 0.328537  0.299616
6302 0.0824664 0.242192  0.675341
9061 0.0336447 0.524239  0.442116
13794 0.391139 0.575544  0.0333176
342 0.325752 0.233069  0.441178
10019 0.184863 0.446181  0.368956
2806 0.285895 0.187269  0.526836
1499 0.309659 0.323556  0.366785
125 0.591265 0.0411365  0.367599
1597 0.21916 0.326869  0.453971
7317 0.617201 0.0832873  0.299512
12564 0.173424 0.452194  0.374382
12805 0.398744 0.310111  0.291145
1292 0.242495 0.521668  0.235837
12074 0.0476394 0.475805  0.476555
7640 0.756867 0.180808  0.0623256
3850 0.498336 0.393929  0.107735
7968 0.105093 0.355449  0.539458
1020 0.061144 0.486197  0.452659
12363 0.358934 0.502177  0.138888
12302 0.366452 0.602251  0.0312977
12853 0.293967 0.427693  0.27834
7091 0.0427933 0.525554  0.431653
2230 0.21288 0.238045  0.549075
16375 0.240715 0.323443  0.435843
1450 0.27412 0.143678  0.582202
10045 0.0998193 0.419721  0.48046
2570 0.346923 0.274445  0.378632
16205 0.239188 0.448534  0.312278
15374 0.171562 0.612857  0.215581
12343 0.425791 0.551022  0.0231867
5219 0.366317 0.100079  0.533603
13790 0.149507 0.487567  0.362926
14807 0.300693 0.386411  0.312896
12064 0.392284 0.406033  0.201683
13004 0.278912 0.161965  0.559123
16540 0.395032 0.349409  0.255559
2502 0.436097 0.502228  0.0616749
8020 0.434738 0.355081  0.210181
5528 0.581751 0.185234  0.233015
10588 0.438599 0.187867  0.373535
7112 0.137748 0.426535  0.435717
2578 0.290197 0.383991  0.325811
1284 0.366754 0.4091  0.224145
3450 0.30849 0.417857  0.273653
3628 0.308886 0.618605  0.072509
7676 0.400888 0.0648795  0.534232
2212 0.5544 0.0968046  0.348795
13966 0.432009 0.349773  0.218218
16433 0.346059 0.274814  0.379127
7054 0.346927 0.272107  0.380966
7691 0.249116 0.215072  0.535812
11886 0.557591 0.0524047  0.390005
9990 0.193032 0.19574  0.611228
3911 0.421375 0.259683  0.318942
879 0.351354 0.262425  0.386221
6434 0.40201 0.0958519  0.502138
5868 0.482011 0.0221917  0.495797
14821 0.318574 0.050698  0.630728
13304 0.110644 0.475575  0.413781
5744 0.643941 0.130586  0.225473
9520 0.345139 0.195841  0.45902
3237 0.486243 0.080427  0.43333
7448 0.447934 0.170434  0.381632
2122 0.145548 0.425901  0.428551
14933 0.23916 0.448644  0.312195
11372 0.470308 0.479854  0.0498388
9654 0.300141 0.168848  0.531011
16697 0.124033 0.561157  0.31481
9192 0.409658 0.200375  0.389967
88 0.379099 0.321909  0.298992
2272 0.398374 0.31156  0.290066
7294 0.36885 0.446546  0.184604
9261 0.126451 0.813844  0.059705
18653 0.44492 0.424645  0.130435
11997 0.717337 0.119124  0.163539
6366 0.583963 0.267894  0.148143
6362 0.38717 0.445654  0.167175
686 0.32109 0.195569  0.483341
462 0.162264 0.488559  0.349177
5136 0.357169 0.289279  0.353552
5113 0.231873 0.623419  0.144708
15514 0.917628 0.0547234  0.0276489
14195 0.28549 0.32917  0.38534
299 0.156909 0.475752  0.367339
18182 0.259381 0.331786  0.408832
7110 0.29919 0.0850573  0.615753
411 0.452608 0.144313  0.403079
7370 0.263734 0.0321865  0.70408
3872 0.421475 0.465411  0.113114
7496 0.562706 0.272662  0.164633
4807 0.369268 0.237694  0.393038
8776 0.277836 0.192272  0.529892
2779 0.188562 0.681735  0.129703
14819 0.284965 0.362532  0.352503
2668 0.436463 0.437993  0.125545
12782 0.471412 0.416512  0.112076
1659 0.455315 0.422308  0.122376
10515 0.0805636 0.515018  0.404419
3904 0.730572 0.0819454  0.187483
12548 0.00836442 0.515574  0.476062
10096 0.246128 0.36651  0.387362
5255 0.352171 0.313933  0.333896
5983 0.235754 0.350143  0.414103
13039 0.421446 0.453506  0.125048
1440 0.452677 0.424755  0.122568
9740 0.0934027 0.364079  0.542519
2675 0.509931 0.123295  0.366773
6350 0.0366694 0.51278  0.450551
13693 0.0817733 0.672293  0.245934
3339 0.201076 0.27217  0.526754
13975 0.52722 0.136128  0.336653
13319 0.361673 0.293482  0.344844
1621 0.174844 0.483302  0.341853
6513 0.114689 0.292803  0.592509
865 0.500746 0.132596  0.366658
6223 0.523489 0.144708  0.331802
15141 0.242159 0.366289  0.391553
13875 0.250402 0.504014  0.245584
16562 0.468962 0.493069  0.0379691
6843 0.404483 0.225997  0.369519
12066 0.3799 0.171915  0.448184
7249 0.109333 0.589911  0.300756
12942 0.439015 0.323815  0.23717
11909 0.162451 0.285707  0.551842
11832 0.151324 0.0781972  0.770478
15235 0.346383 0.39445  0.259168
1103 0.373339 0.285109  0.341552
641 0.627028 0.00818493  0.364787
2233 0.34384 0.345569  0.310592
2548 0.767718 0.0402804  0.192002
9974 0.148115 0.582221  0.269664
4694 0.273615 0.453002  0.273383
14734 0.0733903 0.430759  0.49585
3872 0.453503 0.529605  0.0168922
14788 0.138624 0.489473  0.371903
11676 0.28467 0.0527629  0.662567
2670 0.299543 0.198027  0.50243
7472 0.387139 0.0972108  0.51565
11613 0.257646 0.164027  0.578327
11639 0.430611 0.546981  0.0224082
9700 0.309351 0.319082  0.371567
6135 0.374521 0.16126  0.464219
16509 0.258055 0.270766  0.471179
13358 0.476505 0.507922  0.0155733
523 0.255951 0.166558  0.577491
4128 0.0754051 0.546858  0.377737
12407 0.395322 0.0685013  0.536177
7056 0.427008 0.132751  0.440241
13438 0.390797 0.367315  0.241887
3631 0.22472 0.49021  0.28507
13240 0.750339 0.0806176  0.169043
15006 0.225978 0.720242  0.0537806
929 0.079669 0.802023  0.118308
1583 0.0752887 0.44871  0.476001
11525 0.461844 0.464221  0.073935
472 0.372193 0.368569  0.259238
9922 0.344225 0.604032  0.051743
9807 0.280971 0.232133  0.486897
2940 0.181408 0.682585  0.136007
6098 0.201523 0.440607  0.357871
10697 0.296011 0.235577  0.468412
14455 0.371645 0.312838  0.315517
3876 0.493195 0.258448  0.248358
9664 0.0371896 0.494895  0.467916
7722 0.124693 0.219878  0.655428
1625 0.0374547 0.0814595  0.881086
7839 0.408653 0.375197  0.216151
8044 0.655486 0.0656617  0.278852
9187 0.336992 0.381602  0.281406
16650 0.427221 0.0998469  0.472932
16615 0.318958 0.361021  0.320021
12803 0.781036 0.198114  0.0208501
6293 0.271972 0.556587  0.171441
3908 0.587194 0.382912  0.0298941
13223 0.206103 0.36417  0.429727
9201 0.296873 0.582036  0.121091
15596 0.372306 0.168721  0.458973
6942 0.458737 0.271302  0.26996
15306 0.167088 0.396928  0.435984
19215 0.374093 0.256279  0.369628
3913 0.440957 0.261021  0.298022
17193 0.221019 0.553823  0.225158
15777 0.510352 0.199814  0.289834
112 0.323989 0.258963  0.417048
9696 0.547736 0.286371  0.165893
16478 0.230939 0.0861595  0.682901
9738 0.371055 0.222334  0.40661
12629 0.29203 0.339462  0.368507
7304 0.173552 0.443089  0.383359
17605 0.259083 0.5282  0.212717
2691 0.153967 0.78705  0.0589836
12382 0.0133121 0.504658  0.48203
10897 0.380172 0.381224  0.238603
16587 0.363304 0.353948  0.282749
673 0.235256 0.0552593  0.709485
9734 0.413399 0.264071  0.322529
12974 0.323584 0.389249  0.287167
1715 0.380514 0.298812  0.320674
16680 0.480895 0.248202  0.270903
16455 0.419186 0.295659  0.285155
14121 0.310303 0.434608  0.255089
14820 0.313407 0.36315  0.323443
16445 0.532168 0.351227  0.116605
16693 0.205831 0.749789  0.0443805
832 0.305133 0.505186  0.189681
17043 0.26026 0.278096  0.461644
2170 0.416318 0.305136  0.278546
15214 0.401254 0.264863  0.333883
644 0.207606 0.700854  0.0915408
13402 0.285506 0.377165  0.337329
7931 0.209218 0.352237  0.438545
11719 0.388616 0.143564  0.467819
14793 0.303838 0.244227  0.451935
13989 0.443265 0.0214986  0.535236
4726 0.561783 0.0822646  0.355952
16759 0.0609273 0.504196  0.434876
7375 0.387661 0.322001  0.290338
3316 0.30603 0.31617  0.3778
14889 0.663166 0.274007  0.0628275
12006 0.157158 0.213712  0.62913
926 0.354118 0.0498808  0.596001
13328 0.240199 0.398096  0.361704
11824 0.243706 0.589149  0.167145
15602 0.430526 0.110445  0.459029
15738 0.454784 0.156786  0.38843
7041 0.255494 0.716393  0.0281139
6809 0.544353 0.085524  0.370123
14895 0.372336 0.3691  0.258564
6866 0.168794 0.402786  0.42842
5460 0.343438 0.297928  0.358635
5476 0.286274 0.518397  0.195329
10151 0.216626 0.490153  0.293221
1043 0.314785 0.257774  0.427441
2667 0.257879 0.289758  0.452363
12412 0.32685 0.349906  0.323244
2339 0.198105 0.603251  0.198644
802 0.509333 0.395354  0.0953134
9483 0.355977 0.24495  0.399073
5914 0.270747 0.507033  0.22222
3955 0.126487 0.260437  0.613075
12018 0.378914 0.605901  0.0151848
7847 0.461517 0.25275  0.285732
9983 0.428595 0.227089  0.344316
7582 0.322489 0.265882  0.411628
12950 0.185547 0.365884  0.448569
12836 0.391017 0.575755  0.0332281
12039 0.492242 0.449069  0.0586889
13352 0.457671 0.500598  0.0417318
7339 0.268804 0.418774  0.312423
15866 0.0897568 0.198487  0.711756
14123 0.09318 0.295962  0.610858
3875 0.193347 0.177468  0.629185
15456 0.542805 0.0692042  0.387991
1102 0.283687 0.251099  0.465214
9236 0.126037 0.154105  0.719858
14831 0.082318 0.450875  0.466807
2683 0.50931 0.380082  0.110608
7685 0.213991 0.698033  0.0879766
5466 0.494436 0.352835  0.152729
7707 0.242855 0.548459  0.208686
9048 0.376041 0.284269  0.33969
2594 0.068231 0.118597  0.813172
18390 0.431708 0.339869  0.228423
16757 0.405219 0.390351  0.204429
13132 0.655073 0.261119  0.0838082
483 0.0314929 0.689612  0.278895
1470 0.0185734 0.403547  0.57788
10185 0.149091 0.483689  0.36722
6256 0.289421 0.267915  0.442664
12652 0.510708 0.379963  0.109329
8635 0.344529 0.194987  0.460485
3079 0.461836 0.416936  0.121227
2310 0.199201 0.503396  0.297404
2298 0.170271 0.0322004  0.797529
11350 0.420392 0.313271  0.266337
13266 0.304564 0.128948  0.566488
16556 0.334878 0.515962  0.149161
12001 0.304028 0.129517  0.566456
5600 0.302256 0.314497  0.383248
4272 0.141696 0.403266  0.455038
16119 0.238901 0.387569  0.373531
7554 0.319837 0.41471  0.265453
18144 0.46215 0.169732  0.368118
19416 0.0540602 0.313126  0.632814
908 0.293534 0.290246  0.416219
907 0.370862 0.330976  0.298162
1434 0.630168 0.21517  0.154662
12182 0.234704 0.384234  0.381062
7110 0.277316 0.0939441  0.62874
9438 0.194649 0.262716  0.542635
16459 0.289295 0.541427  0.169279
10976 0.322166 0.34751  0.330324
6375 0.221711 0.366294  0.411995
12801 0.023645 0.204214  0.772141
7698 0.232409 0.445982  0.321609
18779 0.388439 0.311674  0.299888
3953 0.278185 0.291622  0.430193
6405 0.281724 0.595284  0.122992
11470 0.116082 0.319957  0.563961
13013 0.300824 0.294856  0.40432
14914 0.0498922 0.655347  0.294761
16633 0.300087 0.45194  0.247974
766 0.34404 0.30637  0.34959
6377 0.494942 0.0135611  0.491497
1209 0.454396 0.285345  0.260259
702 0.445059 0.424283  0.130658
13164 0.143606 0.394186  0.462208
2531 0.188304 0.568347  0.24335
5892 0.241521 0.691675  0.066804
5771 0.19007 0.446447  0.363483
9492 0.315796 0.203666  0.480538
8744 0.720072 0.196085  0.083843
3277 0.446467 0.0796595  0.473874
7747 0.390583 0.277232  0.332185
6206 0.243188 0.246554  0.510258
12062 0.189844 0.312352  0.497804
17186 0.404358 0.303278  0.292364
16509 0.242003 0.252958  0.505039
9485 0.276937 0.3182  0.404863
8605 0.102595 0.544533  0.352872
1053 0.828231 0.0539206  0.117849
16189 0.410017 0.032037  0.557946
12932 0.190863 0.724876  0.0842617
9628 0.39784 0.209358  0.392802
3448 0.449799 0.24059  0.309612
2008 0.248561 0.336915  0.414524
3213 0.378212 0.114076  0.507712
484 0.425734 0.185771  0.388495
15024 0.0512295 0.569518  0.379253
11692 0.196674 0.300634  0.502692
1492 0.388281 0.347479  0.264239
490 0.415115 0.14619  0.438695
15458 0.0627149 0.178991  0.758294
14053 0.478602 0.339367  0.182031
12881 0.220999 0.364634  0.414368
987 0.546718 0.340351  0.112931
15138 0.147114 0.548206  0.304679
12930 0.30897 0.04925  0.64178
2239 0.273053 0.402411  0.324536
18171 0.350883 0.127888  0.521229
2370 0.151946 0.37705  0.471004
12877 0.439391 0.166607  0.394002
12438 0.307014 0.615672  0.0773142
166 0.425689 0.315358  0.258953
14947 0.0739164 0.440906  0.485178
10169 0.699677 0.00777404  0.292549
11830 0.430474 0.404889  0.164636
14635 0.498153 0.353058  0.148789
5744 0.372581 0.339044  0.288375
9668 0.20987 0.511464  0.278665
856 0.652716 0.0441904  0.303094
16445 0.399162 0.243221  0.357616
8512 0.128732 0.258869  0.612399
10761 0.326977 0.305496  0.367527
15460 0.0103361 0.206004  0.78366
4232 0.228607 0.518941  0.252452
16434 0.0807747 0.442454  0.476771
5783 0.540212 0.409405  0.0503831
749 0.257887 0.459409  0.282704
9677 0.128157 0.464159  0.407684
7647 0.438668 0.511988  0.0493449
15620 0.038284 0.110818  0.850898
11518 0.440837 0.282638  0.276525
8325 0.376622 0.0665461  0.556832
2867 0.330408 0.166951  0.502641
2784 0.610925 0.319212  0.0698622
1459 0.159607 0.620536  0.219857
6610 0.367304 0.349687  0.283009
13598 0.300006 0.151082  0.548911
16608 0.593314 0.368625  0.0380609
683 0.331278 0.171596  0.497125
5935 0.408551 0.416493  0.174956
6890 0.342923 0.298847  0.35823
11237 0.36728 0.12376  0.508961
2395 0.692438 0.0935537  0.214008
3265 0.525224 0.426552  0.0482235
18286 0.458775 0.280617  0.260608
5427 0.563679 0.184423  0.251898
15023 0.294212 0.45482  0.250968
9666 0.378769 0.489576  0.131655
7335 0.191849 0.490977  0.317175
6269 0.242541 0.435803  0.321655
5429 0.472653 0.3292  0.198147
2254 0.329888 0.281685  0.388427
323 0.155877 0.314536  0.529587
2224 0.712298 0.043892  0.24381
3873 0.641969 0.314948  0.0430834
5782 0.600058 0.236533  0.163409
126 0.151882 0.326382  0.521736
16755 0.0202942 0.442524  0.537181
10104 0.342798 0.397214  0.259988
16284 0.0967652 0.621014  0.282221
7565 0.443779 0.204551  0.35167
2486 0.091512 0.716325  0.192163
2379 0.59972 0.0517743  0.348505
12767 0.380318 0.520049  0.0996329
6820 0.146601 0.108543  0.744857
12292 0.135905 0.259757  0.604338
9489 0.215812 0.385182  0.399006
8665 0.512227 0.064175  0.423598
7262 0.333733 0.339995  0.326272
1609 0.428615 0.222605  0.348781
7028 0.344757 0.411839  0.243404
11595 0.070566 0.755932  0.173501
12802 0.343136 0.417015  0.23985
7991 0.114479 0.396341  0.489181
7343 0.328224 0.342433  0.329343
6008 0.411054 0.246812  0.342134
7480 0.366759 0.355303  0.277938
7556 0.0648839 0.455037  0.480079
2240 0.184068 0.21857  0.597362
6861 0.0211905 0.51371  0.4651
12984 0.333396 0.38405  0.282554
17795 0.201972 0.0763554  0.721673
6294 0.479277 0.345833  0.17489
9839 0.0834537 0.422091  0.494455
7171 0.372435 0.358515  0.26905
3576 0.0484389 0.101666  0.849895
16475 0.102297 0.201028  0.696676
10049 0.359537 0.486942  0.15352
897 0.0297295 0.470715  0.499556
6293 0.620835 0.0933421  0.285822
5966 0.342091 0.441883  0.216026
2786 0.388747 0.256623  0.35463
4234 0.461422 0.176767  0.361811
9239 0.111712 0.678292  0.209996
8426 0.232784 0.416344  0.350872
12390 0.792642 0.132471  0.0748869
1618 0.124129 0.302344  0.573526
13399 0.398923 0.385526  0.215551
14683 0.239486 0.526497  0.234016
16618 0.475098 0.128971  0.395931
12768 0.137691 0.263819  0.59849
7249 0.153471 0.132004  0.714525
15116 0.303953 0.234038  0.462009
12828 0.366702 0.433773  0.199525
4648 0.36433 0.502716  0.132954
13864 0.397884 0.249005  0.353111
13036 0.0908462 0.737338  0.171816
2826 0.201627 0.405566  0.392807
3418 0.142208 0.0582614  0.79953
8357 0.376767 0.0460798  0.577153
6007 0.321127 0.468006  0.210866
11 0.408246 0.217226  0.374528
15758 0.561669 0.397069  0.0412624
3902 0.524678 0.13666  0.338662
7010 0.651702 0.0515898  0.296709
11270 0.367373 0.337568  0.295059
928 0.506312 0.0912169  0.402471
11679 0.507865 0.375706  0.116429
9623 0.27231 0.600457  0.127233
2625 0.55329 0.135963  0.310747
19085 0.337861 0.0504521  0.611687
15235 0.196688 0.377139  0.426173
16547 0.741952 0.203223  0.0548247
15519 0.442048 0.551811  0.00614061
7340 0.469112 0.429084  0.101804
13039 0.177741 0.753751  0.0685073
13421 0.115612 0.699988  0.1844
6462 0.529269 0.174758  0.295973
8464 0.39219 0.422258  0.185552
5550 0.429059 0.403588  0.167353
5899 0.298899 0.375244  0.325856
824 0.557848 0.0342712  0.40788
11417 0.49 0.0716426  0.438357
8681 0.380691 0.23982  0.379489
4743 0.391926 0.283984  0.32409
7009 0.228664 0.534918  0.236417
5136 0.321688 0.322462  0.35585
13049 0.161398 0.269101  0.569502
5255 0.181628 0.519274  0.299098
18452 0.303611 0.602413  0.0939756
10146 0.423723 0.0673339  0.508943
14834 0.51739 0.42337  0.0592394
2464 0.356615 0.256705  0.386679
1773 0.0920843 0.597141  0.310774
16612 0.106503 0.666823  0.226675
12392 0.00911067 0.604381  0.386508
12783 0.331312 0.118428  0.550259
9937 0.0413101 0.510557  0.448133
6290 0.0659925 0.448093  0.485915
836 0.154375 0.46121  0.384415
6987 0.308451 0.260078  0.431471
17539 0.523512 0.189149  0.287339
5467 0.327985 0.350867  0.321148
1513 0.0219552 0.34257  0.635475
12458 0.421401 0.172649  0.40595
13659 0.0525713 0.322556  0.624873
2228 0.268986 0.311021  0.419993
4481 0.182489 0.684425  0.133086
12920 0.243058 0.0183766  0.738566
7692 0.251377 0.537776  0.210847
5245 0.325217 0.0949489  0.579834
3860 0.0743254 0.64156  0.284115
984 0.284979 0.274453  0.440568
16437 0.0982618 0.180207  0.721531
17567 0.501159 0.268429  0.230413
2520 0.333613 0.166053  0.500333
12007 0.181876 0.488957  0.329167
1648 0.308788 0.449633  0.241579
16431 0.335596 0.150828  0.513575
16481 0.452719 0.112775  0.434506
2231 0.495408 0.458228  0.0463631
703 0.320596 0.297865  0.381539
9996 0.373941 0.424112  0.201947
15518 0.391885 0.247143  0.360972
10179 0.497569 0.158481  0.34395
1963 0.0516859 0.173985  0.774329
14133 0.357909 0.343316  0.298775
11913 0.352197 0.334342  0.313461
3438 0.244323 0.503997  0.25168
3574 0.364091 0.414544  0.221364
12578 0.317139 0.488875  0.193985
11851 0.287352 0.395057  0.317591
13172 0.529241 0.126692  0.344067
10176 0.563677 0.193263  0.24306
4740 0.0432234 0.415871  0.540906
6102 0.288528 0.372964  0.338508
12493 0.429571 0.440591  0.129838
12911 0.38058 0.392058  0.227362
3936 0.296825 0.514787  0.188388
9682 0.180653 0.40043  0.418918
15840 0.298475 0.394386  0.307138
8684 0.0317551 0.422999  0.545246
1545 0.469782 0.322657  0.207561
12711 0.0486224 0.408368  0.543009
7296 0.478123 0.37063  0.151247
496 0.332304 0.473101  0.194596
298 0.161482 0.446487  0.392031
3766 0.0693937 0.519962  0.410644
18214 0.683553 0.00801082  0.308437
421 0.406217 0.518036  0.075747
6882 0.357124 0.286868  0.356008
713 0.170017 0.393763  0.43622
842 0.587203 0.284067  0.12873
10980 0.66722 0.0775447  0.255235
651 0.483523 0.202952  0.313525
11924 0.346728 0.316159  0.337113
922 0.440191 0.207108  0.3527
16578 0.327103 0.602006  0.0708916
9766 0.506157 0.309086  0.184758
12855 0.214272 0.428525  0.357203
5990 0.758883 0.175756  0.0653604
12864 0.838939 0.0265504  0.134511
6275 0.516379 0.309469  0.174153
937 0.277037 0.336585  0.386378
6188 0.416603 0.280365  0.303032
2462 0.161301 0.451984  0.386715
7516 0.287563 0.358237  0.3542
8815 0.269754 0.152863  0.577383
978 0.310765 0.344414  0.344821
6909 0.363159 0.341599  0.295243
12104 0.319985 0.667809  0.0122061
6963 0.364196 0.49619  0.139614
14870 0.339791 0.217205  0.443004
5978 0.0343256 0.613804  0.351871
15864 0.182527 0.516602  0.300871
12716 0.0584248 0.370799  0.570776
19337 0.575408 0.390677  0.0339146
3609 0.209339 0.501629  0.289033
11806 0.549501 0.196552  0.253946
5515 0.0623198 0.566241  0.371439
15079 0.323198 0.134088  0.542715
11560 0.406322 0.444063  0.149615
892 0.573805 0.0419988  0.384196
16685 0.256022 0.42793  0.316048
7651 0.323931 0.31029  0.36578
11583 0.210596 0.380349  0.409056
975 0.382497 0.355451  0.262052
12722 0.20386 0.191572  0.604568
12491 0.516282 0.318371  0.165347
13359 0.408337 0.383863  0.2078
9135 0.313396 0.298743  0.387861
13813 0.447352 0.148783  0.403864
11588 0.503106 0.362988  0.133907
9656 0.326672 0.417841  0.255487
16494 0.239716 0.336811  0.423473
712 0.305524 0.215428  0.479048
3461 0.558056 0.219906  0.222038
16752 0.367473 0.219652  0.412874
13633 0.612507 0.0114128  0.376081
17958 0.775672 0.198917  0.0254109
4575 0.543024 0.406011  0.050965
15037 0.420089 0.0829688  0.496942
14124 0.207649 0.250392  0.541959
6013 0.0965085 0.614822  0.288669
11353 0.211764 0.390002  0.398234
16600 0.545331 0.389067  0.0656018
1570 0.375798 0.306469  0.317734
12375 0.277567 0.0235876  0.698845
2344 0.609086 0.168329  0.222585
5903 0.0372085 0.482042  0.480749
12450 0.150479 0.700859  0.148663
7724 0.382442 0.357825  0.259732
5909 0.315046 0.381135  0.303819
9948 0.36728 0.29028  0.34244
498 0.16605 0.531251  0.302699
3309 0.21859 0.355207  0.426203
12123 0.481307 0.205752  0.312941
9908 0.378455 0.252405  0.36914
5461 0.219675 0.487236  0.293089
15573 0.230366 0.16756  0.602074
13308 0.465097 0.188803  0.346101
18989 0.421343 0.480542  0.0981149
12209 0.328896 0.435025  0.236079
11952 0.484851 0.218211  0.296938
1782 0.339623 0.149054  0.511323
14833 0.294799 0.293043  0.412158
6990 0.360917 0.439559  0.199524
6048 0.488608 0.178433  0.332958
7771 0.657983 0.300818  0.0411987
6883 0.235021 0.301133  0.463846
19078 0.396087 0.374182  0.229732
4050 0.0915707 0.500944  0.407486
6884 0.552164 0.0467505  0.401086
14738 0.399357 0.138667  0.461977
9658 0.239229 0.237847  0.522924
9662 0.392004 0.372268  0.235728
16641 0.43091 0.273919  0.295171
7238 0.301736 0.26048  0.437784
15220 0.236769 0.403441  0.35979
9175 0.488859 0.300583  0.210558
2441 0.523645 0.00957816  0.466777
16604 0.237344 0.370666  0.39199
3334 0.304054 0.174897  0.521049
5806 0.258967 0.432335  0.308698
12458 0.411003 0.294447  0.29455
6548 0.100573 0.252155  0.647272
2308 0.119583 0.429605  0.450812
16484 0.696363 0.209021  0.0946157
7865 0.40266 0.176622  0.420718
1274 0.258375 0.713978  0.0276466
17581 0.303014 0.639214  0.0577718
16443 0.311716 0.422209  0.266076
12898 0.475686 0.458167  0.0661463
12418 0.305823 0.455931  0.238245
1533 0.203953 0.448483  0.347563
16508 0.213976 0.185528  0.600495
4701 0.29169 0.375259  0.333052
11594 0.167087 0.422275  0.410637
16544 0.323283 0.452976  0.223741
6310 0.264538 0.250866  0.484597
5763 0.381402 0.140629  0.477968
9838 0.84685 0.0251639  0.127987
11929 0.178318 0.205198  0.616484
12743 0.121198 0.65224  0.226562
8593 0.350213 0.29058  0.359207
523 0.143216 0.430283  0.426502
12045 0.468516 0.443983  0.0875004
12202 0.0839738 0.262278  0.653748
7685 0.846296 0.102295  0.0514093
9153 0.329551 0.166387  0.504062
8836 0.291291 0.209468  0.499241
2253 0.311208 0.413832  0.27496
9963 0.149495 0.329979  0.520526
7076 0.105749 0.564078  0.330172
10012 0.45727 0.344559  0.198171
6483 0.107315 0.41641  0.476275
6869 0.375213 0.390073  0.234714
4113 0.526304 0.304664  0.169032
7105 0.57124 0.0571096  0.37165
10154 0.440895 0.224102  0.335003
359 0.627243 0.228631  0.144126
16730 0.397919 0.382612  0.219469
9955 0.305618 0.452106  0.242276
7736 0.454181 0.285253  0.260566
13009 0.0939002 0.140346  0.765753
13361 0.108217 0.54463  0.347154
14780 0.431352 0.193338  0.37531
11963 0.309731 0.328206  0.362063
7292 0.068958 0.433806  0.497236
7319 0.0804464 0.286026  0.633528
6999 0.0412939 0.0167574  0.941949
791 0.354026 0.184718  0.461256
4350 0.0258396 0.595638  0.378522
5811 0.0862902 0.639057  0.274653
13315 0.434521 0.380995  0.184484
12101 0.309889 0.366506  0.323605
15099 0.144656 0.262421  0.592923
2531 0.195736 0.324232  0.480032
5910 0.418289 0.223916  0.357795
11418 0.243658 0.36156  0.394782
