3414 0.360436 0.191101  0.448463
2470 0.250204 0.573814  0.175982
3592 0.574927 0.187139  0.237934
717 0.176868 0.409486  0.413646
1648 0.279497 0.679982  0.0405218
2039 0.258596 0.435003  0.306401
3043 0.353354 0.163813  0.482834
1273 0.598602 0.146604  0.254795
241 0.591935 0.0485239  0.359541
45 0.272405 0.602463  0.125132
340 0.0346858 0.579886  0.385429
1512 0.0181005 0.25836  0.723539
460 0.209703 0.665716  0.124581
405 0.312748 0.450724  0.236528
3571 0.55345 0.0385092  0.408041
269 0.38236 0.421353  0.196287
1221 0.100885 0.776982  0.122133
203 0.37948 0.37878  0.241739
1685 0.195722 0.236766  0.567511
1095 0.483838 0.261244  0.254918
1894 0.58601 0.0856486  0.328341
3185 0.646819 0.262633  0.0905481
2343 0.401558 0.347425  0.251018
2325 0.165985 0.345851  0.488164
3557 0.041071 0.646091  0.312838
2893 0.459323 0.336363  0.204314
2439 0.228603 0.448551  0.322846
203 0.470445 0.183188  0.346367
390 0.406478 0.333229  0.260293
928 0.391828 0.530582  0.0775902
254 0.344227 0.435262  0.220511
24 0.300028 0.11078  0.589192
1267 0.296829 0.574671  0.1285
2379 0.216626 0.245643  0.537731
254 0.520707 0.108644  0.370649
2665 0.511627 0.337086  0.151287
1271 0.410633 0.291406  0.297961
1768 0.511766 0.401329  0.0869045
3194 0.25111 0.347447  0.401443
3330 0.555911 0.370936  0.0731526
3624 0.426953 0.295599  0.277448
2978 0.389571 0.176596  0.433833
594 0.558679 0.131115  0.310205
3433 0.286561 0.430372  0.283066
155 0.0745129 0.705026  0.220462
3359 0.505265 0.436958  0.0577765
130 0.33071 0.285406  0.383885
492 0.0720581 0.329538  0.598403
2457 0.45609 0.0801495  0.46376
1768 0.231938 0.141756  0.626305
2088 0.638872 0.229717  0.131411
2956 0.41276 0.437202  0.150038
642 0.340436 0.186464  0.4731
482 0.547991 0.0598872  0.392122
1546 0.236891 0.522495  0.240615
818 0.0244469 0.878712  0.0968412
3038 0.184352 0.633608  0.182039
2532 0.447203 0.265046  0.287751
3210 0.49205 0.330571  0.177379
2221 0.149586 0.494059  0.356356
400 0.560998 0.102863  0.336139
1541 0.447639 0.0677704  0.484591
3552 0.0839599 0.672285  0.243755
2832 0.21662 0.185349  0.59803
2853 0.369339 0.22769  0.402972
2754 0.399761 0.213719  0.38652
1089 0.582404 0.23764  0.179956
913 0.102182 0.63813  0.259688
215 0.366052 0.555869  0.0780797
3073 0.395248 0.268391  0.336361
3213 0.703008 0.213258  0.0837338
2100 0.3543 0.221357  0.424343
1648 0.0884577 0.466618  0.444924
1815 0.15643 0.479788  0.363782
2910 0.592773 0.202248  0.20498
1511 0.47027 0.07216  0.45757
3560 0.239264 0.238114  0.522622
1126 0.530252 0.169783  0.299965
3659 0.271461 0.340744  0.387795
3512 0.290824 0.256915  0.45226
3514 0.165333 0.42532  0.409347
1268 0.214806 0.33771  0.447483
2055 0.463777 0.132921  0.403302
3447 0.302302 0.543465  0.154233
3213 0.842611 0.0753458  0.0820429
2767 0.369673 0.0638508  0.566477
143 0.279159 0.0984167  0.622425
3073 0.238408 0.524409  0.237184
1222 0.494142 0.0266664  0.479192
2055 0.45081 0.0672042  0.481986
1541 0.281724 0.106971  0.611305
1346 0.202295 0.159084  0.638621
2251 0.317934 0.302395  0.379672
294 0.369368 0.479382  0.15125
3178 0.305151 0.477525  0.217324
1759 0.350521 0.437952  0.211528
1998 0.190118 0.403197  0.406685
3452 0.357179 0.166426  0.476395
2798 0.435861 0.102477  0.461661
3625 0.177776 0.449232  0.372993
2751 0.361212 0.112795  0.525993
903 0.422821 0.381481  0.195698
3178 0.41122 0.168924  0.419856
2302 0.346873 0.450343  0.202784
2320 0.515814 0.0226488  0.461537
1593 0.410034 0.571116  0.0188493
2484 0.0137788 0.856434  0.129787
520 0.57106 0.0569243  0.372016
471 0.488158 0.131904  0.379937
2754 0.28171 0.225863  0.492427
254 0.206176 0.178085  0.615739
798 0.305537 0.14808  0.546383
2373 0.328563 0.583928  0.0875085
698 0.48605 0.488753  0.0251971
842 0.530455 0.255399  0.214145
3074 0.741531 0.0690073  0.189462
2347 0.557036 0.115325  0.327639
68 0.0950165 0.548737  0.356247
2522 0.0848385 0.359816  0.555346
2616 0.384557 0.314447  0.300996
835 0.146849 0.20112  0.652032
1569 0.417691 0.0419491  0.54036
347 0.239691 0.225004  0.535305
2268 0.416692 0.105106  0.478202
1408 0.0489982 0.494071  0.456931
2538 0.38894 0.52878  0.0822802
410 0.500292 0.139497  0.360211
678 0.173952 0.105303  0.720745
2832 0.451847 0.139578  0.408576
254 0.320829 0.283928  0.395244
2088 0.121465 0.651035  0.2275
3103 0.399377 0.352299  0.248324
933 0.14953 0.293289  0.557181
2650 0.355385 0.319634  0.324981
1988 0.0892154 0.562578  0.348207
1731 0.368497 0.498128  0.133375
1272 0.0659077 0.506177  0.427915
33 0.267797 0.319833  0.41237
1507 0.302198 0.541183  0.156619
1125 0.194573 0.450238  0.35519
3330 0.0964864 0.355168  0.548346
2544 0.131618 0.369639  0.498743
18 0.584475 0.228311  0.187214
2073 0.810105 0.173557  0.0163376
61 0.482046 0.351884  0.166071
2738 0.191662 0.485219  0.323119
1547 0.149312 0.525412  0.325276
3428 0.337011 0.333442  0.329547
241 0.276149 0.671037  0.052814
2540 0.382764 0.123862  0.493374
3037 0.399086 0.240524  0.360391
3009 0.56659 0.255094  0.178316
3519 0.378209 0.219305  0.402486
2074 0.407156 0.189894  0.40295
254 0.220733 0.713337  0.0659303
936 0.343876 0.334357  0.321767
1089 0.189599 0.255536  0.554865
2375 0.350399 0.221428  0.428173
3452 0.33257 0.321668  0.345762
1546 0.0695897 0.267715  0.662695
969 0.484208 0.275975  0.239817
1147 0.40606 0.270745  0.323195
780 0.308351 0.305895  0.385753
2167 0.216473 0.650569  0.132958
3126 0.264578 0.43557  0.299852
3467 0.11541 0.24211  0.64248
678 0.0936015 0.594464  0.311935
87 0.512794 0.112835  0.374371
253 0.496136 0.205914  0.29795
2752 0.338437 0.417903  0.243659
1355 0.44168 0.482983  0.0753365
827 0.517437 0.277889  0.204674
1894 0.115188 0.533725  0.351087
2635 0.303692 0.398703  0.297605
2054 0.0671396 0.374419  0.558441
3487 0.681041 0.302398  0.0165603
2944 0.323396 0.166783  0.50982
254 0.146536 0.412104  0.44136
254 0.467034 0.0642667  0.468699
506 0.192108 0.467698  0.340194
456 0.105315 0.122056  0.772628
1418 0.0196162 0.457056  0.523328
2559 0.44807 0.194804  0.357126
666 0.405672 0.0904902  0.503838
1700 0.15805 0.251677  0.590274
1922 0.262521 0.315692  0.421787
2006 0.433095 0.482691  0.0842136
3447 0.268663 0.281476  0.449861
3521 0.235937 0.406978  0.357085
2744 0.34594 0.292922  0.361139
174 0.370196 0.257649  0.372155
2790 0.0109304 0.666685  0.322384
670 0.260724 0.351361  0.387915
492 0.449319 0.0840288  0.466652
1747 0.462678 0.393086  0.144237
621 0.380871 0.23687  0.382259
665 0.277838 0.305022  0.41714
1513 0.58886 0.0526039  0.358536
1124 0.38673 0.492443  0.120827
2658 0.160834 0.179475  0.659692
2484 0.330934 0.0757436  0.593322
3366 0.291934 0.41706  0.291006
1381 0.408551 0.36377  0.227679
2798 0.397247 0.0643669  0.538386
165 0.211648 0.569523  0.218828
3206 0.132287 0.344718  0.522996
2393 0.385976 0.351253  0.262771
2717 0.336409 0.248313  0.415278
435 0.513166 0.123243  0.363591
3213 0.330489 0.386726  0.282785
2453 0.207048 0.223258  0.569694
941 0.411616 0.484217  0.104168
86 0.214184 0.431711  0.354106
2404 0.284057 0.551181  0.164762
1161 0.415357 0.454662  0.129981
596 0.275241 0.243171  0.481589
90 0.59351 0.185213  0.221278
2484 0.144722 0.0202798  0.834998
2587 0.277456 0.44705  0.275494
1894 0.0852252 0.618575  0.2962
2634 0.39366 0.0278832  0.578456
1449 0.199209 0.326573  0.474218
2116 0.350357 0.183438  0.466205
3020 0.188783 0.130902  0.680316
20 0.369784 0.230824  0.399392
33 0.335979 0.436361  0.22766
1488 0.457895 0.207797  0.334308
3452 0.429089 0.521336  0.049575
3209 0.413527 0.0372145  0.549258
3313 0.509106 0.48252  0.00837408
1666 0.18374 0.457593  0.358667
523 0.258183 0.305212  0.436605
586 0.486712 0.207704  0.305584
1813 0.544938 0.171333  0.283729
2160 0.181399 0.659936  0.158665
2174 0.0713785 0.492521  0.4361
3381 0.11146 0.609709  0.278831
3557 0.602953 0.158612  0.238435
3271 0.445385 0.28869  0.265925
713 0.128736 0.267765  0.603499
737 0.55342 0.262324  0.184255
2665 0.535065 0.0524385  0.412497
1005 0.0305567 0.599129  0.370315
167 0.240284 0.190627  0.569089
2838 0.339893 0.243921  0.416186
1546 0.176099 0.512268  0.311634
239 0.38205 0.510004  0.107946
2806 0.241503 0.47815  0.280347
2860 0.547586 0.310253  0.14216
1159 0.138182 0.354898  0.506921
1428 0.851644 0.0931862  0.0551695
1089 0.0215215 0.522772  0.455706
903 0.223475 0.641078  0.135447
3276 0.202742 0.629438  0.167821
3158 0.585731 0.191796  0.222473
2548 0.33231 0.236842  0.430848
261 0.353136 0.324813  0.322051
1023 0.232288 0.107263  0.660449
2795 0.341406 0.356697  0.301896
44 0.321211 0.557265  0.121524
1507 0.383019 0.280453  0.336528
1986 0.37118 0.236651  0.392169
855 0.314853 0.452489  0.232657
254 0.268495 0.571203  0.160301
1599 0.227513 0.255635  0.516852
2546 0.509202 0.335809  0.154989
1063 0.39646 0.154768  0.448772
1350 0.450319 0.542504  0.00717671
3559 0.528759 0.0219525  0.449289
3107 0.741915 0.167014  0.0910707
1548 0.0755518 0.199049  0.725399
2057 0.440587 0.367968  0.191445
194 0.386524 0.0294581  0.584018
1507 0.092513 0.484204  0.423283
493 0.405529 0.439882  0.154588
2655 0.447203 0.156565  0.396232
1080 0.908578 0.0213888  0.0700333
947 0.195896 0.224962  0.579142
2443 0.23713 0.331708  0.431162
3279 0.186897 0.147526  0.665577
3209 0.726157 0.174332  0.0995104
3566 0.416305 0.225331  0.358364
3330 0.493215 0.384866  0.121919
254 0.0199441 0.431842  0.548214
1323 0.288339 0.600141  0.11152
2522 0.445778 0.473858  0.0803639
281 0.379605 0.372965  0.247429
890 0.453463 0.496956  0.0495816
2482 0.558116 0.204651  0.237232
2438 0.426423 0.265905  0.307671
213 0.308902 0.35425  0.336848
1649 0.345963 0.329792  0.324246
3446 0.232758 0.308429  0.458813
1159 0.358282 0.307275  0.334443
2170 0.38072 0.254822  0.364458
3064 0.132649 0.627787  0.239563
885 0.483787 0.221693  0.29452
166 0.126308 0.407315  0.466378
1649 0.508613 0.428346  0.0630412
241 0.533032 0.0971189  0.369849
179 0.457534 0.25766  0.284806
2457 0.36408 0.194477  0.441443
2989 0.691944 0.0559483  0.252108
1988 0.48295 0.398973  0.118077
1553 0.0514607 0.688895  0.259644
861 0.470085 0.34003  0.189885
2611 0.518816 0.266841  0.214343
536 0.303789 0.355954  0.340257
2958 0.337478 0.0872568  0.575265
1700 0.179061 0.789933  0.0310059
2995 0.289678 0.577841  0.132481
2225 0.297008 0.301599  0.401393
3514 0.20027 0.150935  0.648795
2948 0.23194 0.621456  0.146604
3038 0.334857 0.288053  0.37709
3095 0.15891 0.659537  0.181552
3205 0.190545 0.400832  0.408623
2665 0.353853 0.126701  0.519446
1159 0.746258 0.196391  0.0573506
883 0.655926 0.0462378  0.297836
1617 0.118092 0.849558  0.03235
2115 0.0579339 0.497933  0.444133
841 0.197588 0.369699  0.432713
2776 0.521699 0.217823  0.260478
3365 0.756932 0.127878  0.11519
270 0.618616 0.292623  0.0887603
418 0.404944 0.396744  0.198312
2044 0.212404 0.380291  0.407305
2225 0.574164 0.0725822  0.353254
2785 0.635451 0.305267  0.0592823
3529 0.0839365 0.703742  0.212322
1214 0.559531 0.351633  0.0888358
3064 0.140435 0.405025  0.45454
755 0.420744 0.185648  0.393608
2255 0.0144169 0.643272  0.342311
1552 0.367813 0.178144  0.454044
2006 0.517567 0.420975  0.0614575
513 0.382098 0.303676  0.314226
491 0.486501 0.0907842  0.422715
269 0.24613 0.249015  0.504855
144 0.182081 0.562123  0.255797
2686 0.2356 0.484243  0.280157
144 0.0953109 0.734432  0.170257
1580 0.397228 0.266718  0.336053
254 0.0700297 0.285383  0.644587
2735 0.267976 0.37122  0.360804
2699 0.160371 0.329902  0.509727
2626 0.158305 0.45144  0.390255
1250 0.443709 0.143554  0.412736
2375 0.674637 0.167133  0.15823
3277 0.636134 0.0794392  0.284427
2947 0.343002 0.367423  0.289576
1894 0.604543 0.155156  0.240301
985 0.610718 0.382084  0.00719862
1456 0.195576 0.21399  0.590434
2992 0.339058 0.475045  0.185898
189 0.198715 0.400549  0.400736
904 0.372963 0.334409  0.292628
1914 0.461108 0.336886  0.202006
1851 0.643089 0.0599718  0.29694
168 0.266685 0.558982  0.174333
254 0.0328742 0.900589  0.0665365
3178 0.0876327 0.553  0.359367
2271 0.200736 0.437974  0.36129
2438 0.720522 0.08542  0.194058
207 0.570872 0.0958856  0.333242
1346 0.2772 0.346704  0.376095
1672 0.417158 0.418213  0.164629
2836 0.0283358 0.235145  0.736519
1089 0.116837 0.462702  0.420461
1089 0.418169 0.517673  0.0641575
1988 0.367137 0.0769308  0.555932
2268 0.680321 0.154405  0.165275
85 0.327118 0.191428  0.481454
1470 0.407492 0.181325  0.411183
2665 0.339295 0.443934  0.216771
1856 0.424677 0.0413616  0.533961
3093 0.257636 0.495909  0.246455
209 0.245803 0.210511  0.543686
1383 0.631209 0.302373  0.0664186
2843 0.289845 0.408986  0.301169
447 0.330618 0.155088  0.514294
2335 0.586135 0.290513  0.123352
2341 0.418987 0.224551  0.356462
200 0.564723 0.337328  0.0979484
334 0.413244 0.565765  0.020991
2849 0.0441145 0.0970167  0.858869
1627 0.398071 0.0133346  0.588595
8 0.126215 0.411772  0.462013
1889 0.456776 0.241741  0.301483
1762 0.262766 0.65742  0.0798133
1335 0.0419101 0.660176  0.297914
26 0.237547 0.592896  0.169557
1584 0.599248 0.126282  0.27447
1953 0.193921 0.770577  0.0355012
2345 0.268515 0.158249  0.573236
1063 0.498954 0.251695  0.249351
156 0.361569 0.112445  0.525986
903 0.0389723 0.762912  0.198115
269 0.270183 0.233919  0.495898
1870 0.498205 0.292299  0.209497
3508 0.639566 0.203754  0.15668
1141 0.459666 0.462995  0.0773394
3606 0.288354 0.333128  0.378518
417 0.376555 0.384327  0.239118
236 0.48895 0.432129  0.0789213
1546 0.38301 0.217052  0.399937
2751 0.43272 0.304569  0.262711
1546 0.0810901 0.717346  0.201564
1879 0.235874 0.651608  0.112517
2791 0.367896 0.3808  0.251304
1159 0.144946 0.445988  0.409067
2114 0.252251 0.0443134  0.703436
558 0.619899 0.277535  0.102566
1309 0.266156 0.437583  0.296262
1023 0.192235 0.333353  0.474412
270 0.377669 0.565355  0.0569759
241 0.364646 0.123992  0.511362
1187 0.213364 0.459177  0.32746
2484 0.471133 0.265708  0.263159
371 0.892675 0.0764504  0.0308746
2592 0.257243 0.525779  0.216978
1649 0.310312 0.353495  0.336193
1407 0.42449 0.102951  0.47256
3005 0.614744 0.320512  0.0647436
3213 0.0535281 0.304753  0.641719
1261 0.365792 0.31862  0.315587
1792 0.511998 0.270774  0.217229
2006 0.151814 0.621454  0.226732
1343 0.222372 0.41496  0.362668
3210 0.126846 0.23509  0.638063
891 0.390267 0.194362  0.415372
3665 0.273227 0.33597  0.390803
596 0.0670395 0.441449  0.491512
2236 0.0576962 0.435589  0.506715
2324 0.403794 0.0650309  0.531175
2737 0.529512 0.216058  0.25443
2360 0.104675 0.585849  0.309476
2651 0.450026 0.398631  0.151343
445 0.57199 0.0300403  0.39797
2752 0.275516 0.544662  0.179821
3356 0.320501 0.0938783  0.585621
950 0.435967 0.214517  0.349516
254 0.0226847 0.603009  0.374306
499 0.429678 0.279743  0.290579
1090 0.0197904 0.394499  0.585711
2492 0.0831077 0.425633  0.491259
1162 0.355544 0.359905  0.284551
1555 0.404367 0.329955  0.265678
2666 0.115825 0.467507  0.416668
1873 0.311443 0.313938  0.374619
2965 0.259257 0.423654  0.317089
1382 0.17651 0.504667  0.318823
2348 0.0468958 0.61179  0.341314
1598 0.330254 0.232549  0.437197
3123 0.344555 0.115521  0.539924
1566 0.384704 0.444022  0.171274
471 0.480017 0.308202  0.211781
1276 0.321268 0.186722  0.49201
254 0.111898 0.295855  0.592247
1509 0.273073 0.344909  0.382017
20 0.092102 0.127054  0.780844
534 0.369032 0.202849  0.428119
2088 0.523736 0.233955  0.24231
3395 0.109575 0.51207  0.378355
2840 0.308975 0.606113  0.0849113
2106 0.0754798 0.155985  0.768535
3046 0.16941 0.355285  0.475306
231 0.611046 0.320088  0.0688655
2985 0.355138 0.531981  0.11288
3095 0.51522 0.421836  0.0629441
269 0.183841 0.405158  0.411001
3273 0.164958 0.527545  0.307497
209 0.1212 0.516663  0.362137
120 0.0716361 0.27124  0.657123
2462 0.527135 0.445426  0.0274396
2863 0.576478 0.192814  0.230709
3330 0.292538 0.436954  0.270508
3447 0.34268 0.30585  0.351471
3141 0.239194 0.332845  0.42796
1109 0.839676 0.0987068  0.0616172
2791 0.511207 0.269482  0.219311
1122 0.373695 0.497998  0.128307
3421 0.70495 0.129691  0.165359
3520 0.465424 0.262827  0.271748
2306 0.421618 0.0726454  0.505737
2803 0.226715 0.367052  0.406234
1027 0.146959 0.507856  0.345185
986 0.415587 0.308279  0.276135
454 0.0137135 0.174338  0.811948
828 0.180801 0.681642  0.137557
890 0.0845051 0.497449  0.418046
1783 0.16279 0.74322  0.0939895
3210 0.500914 0.0413114  0.457775
3602 0.159911 0.448136  0.391953
3197 0.435437 0.0192818  0.545282
1546 0.353414 0.204168  0.442418
2959 0.67571 0.108963  0.215327
1092 0.385339 0.304038  0.310623
789 0.0943624 0.060266  0.845372
3194 0.416615 0.25705  0.326335
696 0.76634 0.0541509  0.179509
230 0.2023 0.472196  0.325503
2708 0.406956 0.0952182  0.497826
2145 0.0170145 0.475117  0.507868
945 0.329949 0.435941  0.23411
2021 0.389773 0.106584  0.503644
2507 0.425273 0.269178  0.305549
1532 0.200734 0.401679  0.397588
2174 0.277088 0.307991  0.414921
2914 0.35565 0.539644  0.104706
2375 0.388708 0.438439  0.172853
253 0.645595 0.136901  0.217505
351 0.16571 0.442357  0.391933
2216 0.128964 0.602699  0.268337
241 0.194882 0.501224  0.303894
673 0.146223 0.557061  0.296716
2495 0.494873 0.431841  0.073286
3054 0.470394 0.0795762  0.45003
2208 0.415951 0.33832  0.245728
2788 0.0820402 0.254737  0.663223
392 0.166741 0.399404  0.433855
3372 0.68048 0.158343  0.161177
436 0.327233 0.623953  0.0488147
3644 0.0827509 0.383313  0.533936
947 0.233756 0.39601  0.370233
155 0.291156 0.457172  0.251673
802 0.667656 0.133064  0.19928
2805 0.370402 0.190547  0.439051
2620 0.450029 0.410128  0.139844
1270 0.265028 0.243079  0.491893
73 0.108079 0.4792  0.412721
3447 0.221893 0.379573  0.398534
890 0.27011 0.12066  0.609231
496 0.580168 0.0674369  0.352395
1126 0.240152 0.599498  0.16035
2311 0.289978 0.240371  0.469651
1122 0.368854 0.495582  0.135564
168 0.789709 0.129838  0.0804535
2484 0.48564 0.110153  0.404207
1508 0.232109 0.521416  0.246475
1285 0.0650605 0.143428  0.791512
602 0.419956 0.525596  0.0544481
1521 0.272179 0.173801  0.55402
1092 0.257947 0.450251  0.291803
1272 0.513052 0.0381406  0.448808
1468 0.534527 0.0865028  0.37897
1913 0.316955 0.342082  0.340963
883 0.211916 0.243789  0.544295
2988 0.724405 0.193106  0.0824894
3493 0.572684 0.229606  0.19771
2508 0.26438 0.439862  0.295757
1659 0.82684 0.0222177  0.150942
144 0.103282 0.243069  0.653649
1937 0.536896 0.227118  0.235986
1944 0.134175 0.525701  0.340124
1246 0.404683 0.296169  0.299148
3330 0.450836 0.364515  0.184649
2176 0.454956 0.33278  0.212264
1089 0.701429 0.0822517  0.216319
254 0.45076 0.215684  0.333556
2495 0.474881 0.0436584  0.481461
2475 0.379199 0.335099  0.285702
1493 0.584915 0.264076  0.151008
2905 0.391343 0.322671  0.285986
2073 0.463569 0.352595  0.183836
488 0.164558 0.42393  0.411511
1504 0.184358 0.472194  0.343448
2495 0.0126888 0.793059  0.194252
2847 0.120442 0.541539  0.338019
435 0.417634 0.377808  0.204557
1492 0.314224 0.264939  0.420837
1250 0.413204 0.431327  0.155469
3037 0.0396957 0.215694  0.744611
3297 0.119712 0.462745  0.417544
564 0.545815 0.205232  0.248953
702 0.190882 0.313834  0.495284
3037 0.35876 0.223076  0.418164
1159 0.880815 0.0127782  0.106407
582 0.229755 0.572644  0.197601
3402 0.154827 0.227232  0.61794
1159 0.395244 0.482199  0.122557
254 0.0838053 0.359713  0.556482
1388 0.459229 0.139151  0.401621
2435 0.0247918 0.524995  0.450213
2517 0.383952 0.380801  0.235248
221 0.326143 0.495634  0.178223
232 0.0987718 0.341776  0.559452
392 0.0817094 0.524681  0.39361
1740 0.218185 0.305198  0.476617
1195 0.446028 0.13744  0.416532
2415 0.0735568 0.518446  0.407997
783 0.491024 0.476053  0.0329233
3363 0.248392 0.186974  0.564634
1131 0.383924 0.484391  0.131685
2763 0.393116 0.211584  0.395299
1837 0.313654 0.0332954  0.65305
861 0.390372 0.253799  0.355829
559 0.0536739 0.454964  0.491362
1819 0.0981095 0.359295  0.542596
174 0.590533 0.305664  0.103803
1470 0.612458 0.195063  0.192479
3005 0.519756 0.429545  0.0506992
607 0.444074 0.14592  0.410007
2567 0.204181 0.676526  0.119293
2629 0.054907 0.192076  0.753017
2184 0.112848 0.585818  0.301333
1384 0.312624 0.138899  0.548476
2327 0.314028 0.411922  0.27405
401 0.223704 0.337175  0.439121
1388 0.266961 0.712707  0.0203319
2235 0.304377 0.262497  0.433126
1851 0.337623 0.342424  0.319954
3651 0.202746 0.469608  0.327647
2521 0.00878258 0.47581  0.515407
3297 0.465485 0.156318  0.378197
254 0.444093 0.283675  0.272232
717 0.251243 0.0798654  0.668891
324 0.354161 0.342384  0.303455
1555 0.30906 0.345487  0.345453
3090 0.291293 0.241518  0.467189
2905 0.457535 0.138061  0.404404
3577 0.37796 0.571811  0.0502283
413 0.0575276 0.514346  0.428127
1564 0.182252 0.348085  0.469663
3213 0.417014 0.45301  0.129976
232 0.445242 0.131182  0.423576
3037 0.670894 0.0699023  0.259203
1725 0.38459 0.426596  0.188815
3359 0.296067 0.208685  0.495247
392 0.250202 0.231629  0.518169
3558 0.310299 0.184613  0.505087
1470 0.283621 0.596803  0.119576
744 0.0500097 0.29337  0.656621
269 0.346469 0.403666  0.249865
5 0.431971 0.19736  0.370669
3120 0.0656446 0.546548  0.387807
3551 0.0980186 0.488594  0.413388
1542 0.224148 0.482884  0.292968
1437 0.0902512 0.492386  0.417363
3167 0.372177 0.274062  0.353761
892 0.387565 0.240424  0.372011
3680 0.0821666 0.712253  0.20558
2332 0.244016 0.34833  0.407653
1739 0.514644 0.248373  0.236984
1933 0.788159 0.192145  0.0196959
1468 0.11927 0.419275  0.461455
283 0.259574 0.548046  0.19238
3120 0.415258 0.440719  0.144022
254 0.323686 0.0972143  0.5791
2955 0.622625 0.0797594  0.297615
3189 0.484845 0.0852515  0.429904
2099 0.240577 0.260534  0.498889
3654 0.270525 0.444382  0.285093
1087 0.447781 0.349739  0.20248
3361 0.899873 0.0420742  0.058053
1446 0.468409 0.50883  0.0227616
2307 0.335614 0.161899  0.502487
1768 0.3836 0.241155  0.375245
600 0.021983 0.784229  0.193788
841 0.425201 0.291976  0.282823
1290 0.707985 0.116266  0.175749
2235 0.26369 0.0707749  0.665535
1544 0.541298 0.0294975  0.429205
2556 0.13938 0.7851  0.0755207
2994 0.475588 0.0853208  0.439091
3178 0.363991 0.536407  0.0996012
13 0.117533 0.735625  0.146841
2293 0.419409 0.440787  0.139804
203 0.0589998 0.555557  0.385443
3111 0.220634 0.38791  0.391456
2393 0.0967046 0.203452  0.699844
858 0.156559 0.496879  0.346561
3034 0.259796 0.328479  0.411725
1815 0.376217 0.394691  0.229093
1418 0.663766 0.266477  0.0697572
1172 0.0600213 0.40846  0.531518
2797 0.274942 0.373538  0.35152
3260 0.524854 0.0361542  0.438992
2907 0.217521 0.069746  0.712732
365 0.582157 0.391537  0.0263064
2664 0.220058 0.414517  0.365425
1598 0.374455 0.248421  0.377124
773 0.485168 0.253889  0.260943
3231 0.220026 0.639483  0.140491
3421 0.28672 0.0715117  0.641768
2265 0.136516 0.514648  0.348836
3542 0.458064 0.121685  0.420251
2385 0.0528239 0.521614  0.425562
239 0.154075 0.397095  0.44883
2057 0.402211 0.526603  0.0711862
1291 0.198709 0.312925  0.488365
210 0.78029 0.114932  0.104778
1649 0.289528 0.446155  0.264318
2098 0.608196 0.0199305  0.371874
392 0.111536 0.414293  0.474171
3008 0.66132 0.042578  0.296102
3178 0.289432 0.333321  0.377247
2116 0.396155 0.208511  0.395334
2304 0.171804 0.269415  0.558782
883 0.353006 0.337495  0.309499
1162 0.253305 0.364574  0.382121
1470 0.420515 0.522055  0.05743
3557 0.536565 0.110851  0.352584
73 0.525341 0.0900693  0.38459
2111 0.338756 0.169482  0.491761
605 0.547931 0.263323  0.188746
2417 0.391773 0.344147  0.26408
769 0.120085 0.39276  0.487155
3187 0.918591 0.0159573  0.0654521
2188 0.474245 0.415948  0.109807
3454 0.600471 0.260853  0.138677
3558 0.471787 0.0195831  0.50863
1878 0.228857 0.275813  0.495329
1512 0.0881505 0.34704  0.56481
1161 0.363211 0.250962  0.385827
1931 0.469449 0.357907  0.172644
1629 0.322043 0.111775  0.566182
3416 0.277656 0.332797  0.389547
1009 0.0669282 0.133195  0.799877
2332 0.327416 0.25218  0.420404
844 0.336058 0.314894  0.349049
1460 0.247177 0.415862  0.336961
889 0.254863 0.374461  0.370676
239 0.331014 0.324875  0.344111
3005 0.0889006 0.863326  0.0477736
551 0.291174 0.33623  0.372595
340 0.416612 0.184894  0.398493
1480 0.369678 0.519122  0.1112
390 0.775749 0.150671  0.0735795
519 0.198462 0.442986  0.358553
20 0.448543 0.348458  0.202999
3514 0.139011 0.243029  0.617959
552 0.262601 0.499872  0.237527
2006 0.61064 0.125678  0.263682
2888 0.551439 0.332906  0.115655
890 0.0852644 0.299316  0.615419
1556 0.209301 0.383367  0.407332
2738 0.436239 0.462066  0.101694
841 0.042383 0.783303  0.174314
3520 0.352557 0.267231  0.380212
2594 0.516512 0.40809  0.0753975
2099 0.420035 0.220477  0.359488
20 0.321515 0.236802  0.441683
254 0.318571 0.302105  0.379323
890 0.456791 0.340668  0.202541
3073 0.467064 0.0627982  0.470138
1162 0.651404 0.0129248  0.335671
1181 0.105535 0.434177  0.460288
2581 0.172822 0.474917  0.352261
1342 0.124915 0.32568  0.549405
254 0.506366 0.394531  0.0991031
1387 0.231307 0.21517  0.553523
1851 0.377581 0.1489  0.47352
602 0.578523 0.348063  0.0734147
1089 0.408394 0.393033  0.198573
2665 0.174874 0.398921  0.426205
2495 0.315594 0.445394  0.239012
1649 0.64714 0.0153649  0.337495
2136 0.656034 0.32778  0.0161859
2488 0.181655 0.447844  0.370501
3265 0.748611 0.18685  0.0645391
2432 0.27014 0.699652  0.0302079
239 0.536622 0.0874098  0.375968
3659 0.282354 0.645176  0.0724693
1544 0.137899 0.0599784  0.802123
1408 0.388219 0.353195  0.258586
2005 0.574415 0.149964  0.27562
1383 0.251435 0.365596  0.382969
3447 0.29351 0.316596  0.389894
1552 0.474265 0.290616  0.235119
137 0.575967 0.212087  0.211946
2588 0.328584 0.400958  0.270458
461 0.446659 0.195996  0.357345
724 0.476237 0.44373  0.0800327
683 0.234721 0.443601  0.321679
2247 0.383955 0.236828  0.379217
837 0.28955 0.207319  0.503132
1485 0.187428 0.267287  0.545285
3213 0.638833 0.244717  0.11645
2791 0.502787 0.287398  0.209815
1043 0.263966 0.399364  0.33667
461 0.547322 0.119903  0.332775
1122 0.421266 0.190049  0.388685
1089 0.479526 0.443451  0.0770227
317 0.369166 0.382512  0.248322
2833 0.320007 0.298331  0.381663
2910 0.215503 0.313505  0.470992
2791 0.330354 0.429324  0.240322
1804 0.51087 0.463581  0.0255488
1405 0.405196 0.454592  0.140212
270 0.289904 0.347053  0.363043
561 0.773758 0.0794366  0.146806
717 0.207236 0.170546  0.622218
539 0.0280183 0.927634  0.0443474
133 0.0615837 0.557078  0.381338
758 0.147537 0.460494  0.391969
2275 0.162076 0.782937  0.0549863
1541 0.185854 0.244795  0.569351
3212 0.282356 0.461733  0.25591
761 0.122804 0.368138  0.509058
1394 0.218936 0.400764  0.380299
2229 0.562997 0.427911  0.00909261
2131 0.559852 0.0794186  0.360729
2592 0.457126 0.398867  0.144007
978 0.288849 0.302856  0.408295
3557 0.578605 0.058058  0.363337
2798 0.456781 0.328666  0.214553
3395 0.270269 0.36472  0.365011
2738 0.315159 0.0525331  0.632308
890 0.0320584 0.542843  0.425098
1874 0.399244 0.464451  0.136305
77 0.483354 0.329241  0.187405
2102 0.0244858 0.656938  0.318576
1205 0.409048 0.22576  0.365192
2251 0.0805942 0.217257  0.702149
3262 0.053991 0.412398  0.533611
281 0.221434 0.195541  0.583026
2613 0.0101405 0.399947  0.589913
1090 0.228119 0.0536033  0.718278
3300 0.139214 0.197331  0.663455
288 0.613754 0.351143  0.0351032
985 0.289619 0.363667  0.346714
3520 0.608044 0.312603  0.0793534
1649 0.439829 0.253474  0.306698
269 0.432525 0.180149  0.387326
1546 0.709597 0.200671  0.0897312
1845 0.418227 0.475783  0.10599
3330 0.30541 0.377333  0.317257
725 0.110635 0.428541  0.460825
1572 0.148309 0.153426  0.698264
3330 0.363046 0.345433  0.29152
1831 0.123122 0.573218  0.30366
889 0.368507 0.409727  0.221766
1911 0.0949843 0.605434  0.299581
555 0.445706 0.368957  0.185337
269 0.539331 0.257459  0.20321
2355 0.526982 0.43541  0.0376084
1276 0.31796 0.110013  0.572027
1316 0.516355 0.391353  0.0922917
1315 0.348559 0.526791  0.12465
1159 0.350247 0.316812  0.332941
1777 0.420487 0.295536  0.283977
3150 0.41532 0.381339  0.203341
1813 0.311192 0.234595  0.454212
716 0.35225 0.166002  0.481748
2037 0.121844 0.264873  0.613283
3421 0.0937054 0.674789  0.231506
2668 0.48617 0.31552  0.19831
3195 0.266768 0.669823  0.0634083
2842 0.0403312 0.513697  0.445972
2235 0.376275 0.575637  0.0480882
2338 0.548983 0.36525  0.0857677
3544 0.477504 0.315976  0.20652
2833 0.421971 0.284358  0.293671
1330 0.464588 0.462468  0.0729443
517 0.187941 0.157565  0.654494
196 0.117882 0.514051  0.368067
3037 0.1358 0.556821  0.307379
3485 0.112643 0.428997  0.45836
2431 0.251097 0.287532  0.461371
3011 0.0351197 0.556021  0.408859
858 0.436019 0.0692863  0.494695
2016 0.27556 0.354437  0.370002
3625 0.118095 0.179934  0.701971
1258 0.618851 0.212072  0.169077
945 0.121217 0.323143  0.555639
269 0.490245 0.254651  0.255104
2637 0.418943 0.420253  0.160804
2705 0.513775 0.308673  0.177551
1566 0.248556 0.612983  0.13846
294 0.467736 0.280448  0.251815
174 0.360633 0.35243  0.286937
2910 0.125009 0.456545  0.418446
1394 0.522479 0.0176493  0.459872
3187 0.454675 0.114509  0.430816
3168 0.676234 0.236662  0.0871038
54 0.287621 0.347673  0.364707
3374 0.432076 0.0946855  0.473238
1851 0.262803 0.281959  0.455238
174 0.463268 0.522077  0.0146553
1133 0.353842 0.316227  0.329931
3330 0.383291 0.256548  0.360161
1473 0.233967 0.713511  0.0525217
254 0.378657 0.601534  0.0198089
1716 0.384972 0.427343  0.187685
2696 0.390834 0.243652  0.365514
2884 0.170347 0.785155  0.0444985
1386 0.45216 0.278513  0.269326
188 0.38405 0.413984  0.201966
3558 0.504998 0.0820671  0.412935
2649 0.334657 0.234728  0.430615
174 0.0461464 0.0527863  0.901067
2634 0.332532 0.298652  0.368816
1090 0.375658 0.570984  0.0533584
3037 0.568132 0.285482  0.146386
3094 0.17723 0.430934  0.391836
872 0.36604 0.50491  0.129051
1060 0.380735 0.319243  0.300022
270 0.225615 0.355829  0.418556
3121 0.615931 0.339526  0.0445431
200 0.0894362 0.356487  0.554077
3351 0.708564 0.270096  0.0213401
454 0.460279 0.092126  0.447595
2484 0.0663111 0.896129  0.03756
3402 0.373952 0.450533  0.175515
2485 0.300929 0.2802  0.418872
898 0.876572 0.108319  0.0151084
1987 0.446747 0.430076  0.123178
2225 0.248412 0.554656  0.196932
2269 0.219632 0.411468  0.3689
1457 0.189473 0.631476  0.179051
1897 0.186433 0.300874  0.512693
270 0.291511 0.382501  0.325988
3381 0.109015 0.599699  0.291286
1090 0.509489 0.0519427  0.438569
2425 0.249386 0.348303  0.402311
1333 0.257983 0.37624  0.365777
2835 0.452436 0.479377  0.0681876
1083 0.3597 0.0525405  0.587759
2860 0.296761 0.553315  0.149924
33 0.164252 0.301224  0.534524
2167 0.370191 0.300456  0.329353
2167 0.485699 0.152593  0.361708
1458 0.492194 0.447497  0.0603094
3299 0.35044 0.23048  0.419081
2665 0.154722 0.19837  0.646908
185 0.0417075 0.848103  0.11019
2789 0.234606 0.464966  0.300428
1407 0.18913 0.543151  0.26772
1479 0.335134 0.50985  0.155017
1768 0.358777 0.378175  0.263048
132 0.101962 0.633247  0.264791
1554 0.36859 0.560639  0.0707718
2160 0.412284 0.199353  0.388362
2493 0.145316 0.200228  0.654456
1161 0.238828 0.512766  0.248406
1384 0.366975 0.403491  0.229534
2710 0.451409 0.286083  0.262508
2135 0.39844 0.0540343  0.547526
2791 0.560226 0.0487617  0.391012
1768 0.353121 0.250648  0.396231
3178 0.402963 0.408078  0.188959
2039 0.0591838 0.492425  0.448392
946 0.281418 0.262721  0.455861
400 0.318626 0.508657  0.172717
1172 0.00817438 0.666712  0.325114
254 0.321595 0.0455672  0.632838
3514 0.365692 0.211355  0.422953
2640 0.620701 0.290856  0.0884428
770 0.0809318 0.892432  0.026636
2163 0.0572203 0.399533  0.543247
1038 0.161426 0.58348  0.255094
3651 0.458737 0.260513  0.28075
1191 0.387487 0.558608  0.0539044
3323 0.205443 0.373984  0.420573
2560 0.51336 0.00938459  0.477255
1547 0.0279293 0.795957  0.176113
174 0.618432 0.225412  0.156157
716 0.21527 0.205398  0.579332
2085 0.125222 0.438888  0.43589
1897 0.170509 0.278687  0.550804
2065 0.194775 0.365536  0.439689
1930 0.534039 0.239553  0.226408
2944 0.278065 0.400955  0.320981
1568 0.0513963 0.520389  0.428215
1505 0.415926 0.0644672  0.519606
1547 0.244582 0.497117  0.258301
239 0.0986692 0.413725  0.487606
640 0.129456 0.400261  0.470283
486 0.0608439 0.653945  0.285211
2833 0.135817 0.822919  0.0412637
601 0.213487 0.490374  0.29614
1534 0.38626 0.38533  0.228409
2057 0.451802 0.337913  0.210285
1015 0.383048 0.0706245  0.546327
1043 0.355976 0.247033  0.396991
2055 0.410646 0.452559  0.136795
223 0.414723 0.41517  0.170107
1092 0.180909 0.336634  0.482457
1546 0.407537 0.368234  0.22423
1944 0.551374 0.068492  0.380134
2665 0.353312 0.0860779  0.56061
2484 0.324895 0.655186  0.0199189
2475 0.416541 0.0158245  0.567634
1884 0.310041 0.375506  0.314452
1437 0.339707 0.316888  0.343405
3093 0.616231 0.192665  0.191103
950 0.621874 0.306614  0.0715124
2905 0.46231 0.404291  0.133399
2905 0.33648 0.247687  0.415834
347 0.563456 0.231709  0.204834
230 0.277708 0.402067  0.320225
3419 0.297638 0.309853  0.39251
1638 0.0990031 0.535534  0.365463
2385 0.352986 0.442748  0.204266
1998 0.17071 0.416673  0.412617
1882 0.342739 0.408635  0.248626
400 0.0109309 0.48767  0.501399
3094 0.471686 0.33942  0.188895
132 0.232097 0.0655541  0.702349
3441 0.357163 0.272662  0.370175
1876 0.211941 0.161613  0.626446
740 0.122474 0.36351  0.514015
2394 0.259123 0.10647  0.634407
2235 0.0662032 0.46951  0.464287
638 0.542779 0.317239  0.139983
1161 0.300269 0.165064  0.534667
1829 0.19441 0.55037  0.255219
1089 0.196085 0.67983  0.124085
1338 0.256323 0.180909  0.562769
345 0.182206 0.398027  0.419768
1172 0.36344 0.321776  0.314784
3116 0.458952 0.149212  0.391836
1177 0.329196 0.469085  0.201718
2911 0.509098 0.271771  0.219131
2611 0.398203 0.459127  0.142671
3295 0.32364 0.353193  0.323167
1870 0.482877 0.073574  0.443549
2845 0.508529 0.360638  0.130833
1670 0.082628 0.361756  0.555616
209 0.573485 0.325535  0.100981
1731 0.13723 0.135337  0.727432
3398 0.146839 0.476806  0.376355
2789 0.100111 0.347108  0.552781
2240 0.397079 0.109234  0.493687
1725 0.366362 0.397164  0.236474
2789 0.308768 0.464001  0.227231
858 0.212358 0.435  0.352641
1286 0.404578 0.292432  0.302991
239 0.532512 0.0646837  0.402804
1240 0.270659 0.384196  0.345145
3413 0.454329 0.126007  0.419664
399 0.304249 0.451944  0.243807
1288 0.257018 0.0740848  0.668898
33 0.396827 0.386151  0.217022
631 0.149115 0.181253  0.669632
247 0.0597198 0.478698  0.461582
1546 0.295248 0.260753  0.443999
1296 0.346291 0.619302  0.0344073
2131 0.323348 0.602765  0.0738879
212 0.786124 0.167157  0.0467189
1547 0.223556 0.308999  0.467445
14 0.566472 0.0748947  0.358633
890 0.623924 0.184401  0.191675
116 0.451432 0.35442  0.194148
3316 0.175328 0.530903  0.293769
3212 0.818551 0.0461703  0.135278
2289 0.550296 0.0214153  0.428288
1336 0.260068 0.410491  0.329441
2290 0.510566 0.423836  0.0655986
1881 0.515179 0.467025  0.0177955
2847 0.364544 0.0862235  0.549232
902 0.441871 0.16216  0.395969
1195 0.144557 0.247021  0.608422
371 0.398216 0.149553  0.45223
2653 0.409596 0.132288  0.458116
2659 0.196184 0.441374  0.362443
1473 0.0117589 0.518021  0.47022
1913 0.424705 0.14813  0.427165
361 0.569089 0.319837  0.111074
231 0.103096 0.868517  0.0283872
3557 0.355066 0.209344  0.43559
2305 0.0543528 0.48659  0.459058
3603 0.283496 0.419468  0.297035
1461 0.330281 0.389458  0.280261
2439 0.0375083 0.414895  0.547597
1566 0.520798 0.140275  0.338927
1621 0.525167 0.187824  0.287008
3275 0.402158 0.231497  0.366344
583 0.158612 0.34237  0.499018
454 0.529462 0.214513  0.256026
1546 0.278 0.291487  0.430514
3529 0.154363 0.426368  0.41927
1250 0.302312 0.0232143  0.674474
2471 0.175632 0.184783  0.639585
310 0.416418 0.16824  0.415342
254 0.863052 0.0319346  0.105014
759 0.696782 0.201454  0.101763
2826 0.50974 0.0960828  0.394177
131 0.570702 0.159265  0.270033
1700 0.220615 0.389289  0.390096
2245 0.243119 0.235943  0.520937
2175 0.0562879 0.323448  0.620264
883 0.378072 0.516528  0.1054
1991 0.390518 0.24996  0.359522
3431 0.573764 0.157089  0.269147
143 0.280462 0.0821215  0.637417
1159 0.239454 0.661983  0.0985636
2790 0.204247 0.446094  0.349659
762 0.674411 0.11229  0.213299
2521 0.17896 0.203465  0.617575
2665 0.320049 0.382942  0.29701
2287 0.394717 0.20041  0.404873
2634 0.0615607 0.358261  0.580178
217 0.343211 0.393838  0.262952
2317 0.255849 0.438513  0.305638
3037 0.0573889 0.521531  0.42108
3514 0.14901 0.469513  0.381477
547 0.354726 0.187353  0.457921
3262 0.389114 0.0133409  0.597545
1762 0.611643 0.118761  0.269596
210 0.500406 0.104388  0.395206
3088 0.636246 0.337854  0.0258996
985 0.269081 0.0473323  0.683587
1803 0.150855 0.628437  0.220708
2365 0.635784 0.348082  0.0161344
2329 0.692971 0.0976614  0.209368
3427 0.624607 0.192185  0.183208
3520 0.33371 0.541005  0.125284
1679 0.510193 0.137468  0.352339
2075 0.570694 0.0347945  0.394512
2396 0.447398 0.44858  0.104022
1541 0.59612 0.166575  0.237305
716 0.506793 0.215585  0.277622
1815 0.58086 0.155798  0.263342
1383 0.315356 0.47502  0.209624
2604 0.318052 0.583852  0.0980954
918 0.27397 0.389595  0.336436
3530 0.075276 0.429793  0.494931
3406 0.439204 0.116868  0.443928
3210 0.136992 0.324192  0.538817
2955 0.528278 0.358937  0.112785
1078 0.317253 0.480567  0.20218
1564 0.146524 0.328963  0.524513
145 0.591595 0.224557  0.183849
665 0.231921 0.592744  0.175336
2843 0.0854074 0.221591  0.693001
1402 0.764706 0.0503344  0.18496
717 0.41317 0.120959  0.465871
3050 0.382773 0.177404  0.439823
1382 0.292958 0.422886  0.284156
553 0.427373 0.410959  0.161668
3520 0.431299 0.187753  0.380948
1547 0.412061 0.318248  0.269691
1089 0.213412 0.259653  0.526935
620 0.42645 0.131253  0.442298
174 0.771428 0.152923  0.0756486
1383 0.0657004 0.451734  0.482566
1159 0.0383693 0.451964  0.509667
1569 0.532953 0.442803  0.0242446
2836 0.367286 0.426839  0.205876
1383 0.126358 0.692638  0.181004
3073 0.0191139 0.384795  0.596091
723 0.133996 0.318259  0.547745
704 0.360377 0.282402  0.357222
2175 0.36472 0.52648  0.1088
254 0.291838 0.171822  0.53634
196 0.248484 0.182065  0.569451
736 0.427647 0.0415693  0.530784
725 0.0310409 0.847386  0.121573
2062 0.331941 0.341216  0.326843
3280 0.373303 0.316949  0.309748
411 0.113257 0.532179  0.354564
3508 0.101694 0.336654  0.561652
3266 0.0157656 0.661231  0.323004
1407 0.0971166 0.432212  0.470672
2229 0.320046 0.3821  0.297855
3386 0.458023 0.100214  0.441762
254 0.251572 0.403029  0.345399
1797 0.450586 0.26697  0.282444
1090 0.386473 0.353984  0.259543
3226 0.186987 0.552976  0.260037
1064 0.26567 0.372973  0.361357
547 0.174268 0.435376  0.390356
835 0.161611 0.392241  0.446149
253 0.316513 0.438276  0.245211
858 0.387593 0.0194347  0.592973
254 0.619737 0.174316  0.205946
3447 0.368381 0.143905  0.487714
2323 0.297963 0.381224  0.320812
1269 0.157181 0.621854  0.220965
253 0.471626 0.0598096  0.468564
561 0.29121 0.18486  0.52393
2173 0.394222 0.38836  0.217418
3380 0.251117 0.434795  0.314088
3673 0.234566 0.436747  0.328687
3293 0.269002 0.136757  0.59424
1569 0.286794 0.0410314  0.672175
2415 0.488441 0.383576  0.127983
449 0.357388 0.0312916  0.611321
1805 0.158931 0.105369  0.735699
1956 0.368421 0.468854  0.162725
261 0.239985 0.17129  0.588724
555 0.245817 0.477479  0.276704
3014 0.450189 0.246471  0.303341
3179 0.205196 0.546671  0.248133
254 0.321563 0.329582  0.348855
438 0.4343 0.359096  0.206604
1193 0.329028 0.165078  0.505894
132 0.632933 0.131411  0.235656
2620 0.462831 0.101412  0.435756
3343 0.395291 0.354476  0.250233
512 0.371751 0.394667  0.233582
1518 0.583498 0.23299  0.183512
842 0.421307 0.355342  0.223351
2556 0.481411 0.220763  0.297826
1541 0.103449 0.201756  0.694795
3374 0.328152 0.22288  0.448968
2600 0.126037 0.470065  0.403898
1569 0.454771 0.469405  0.0758243
3485 0.36638 0.371721  0.261899
1710 0.44403 0.449598  0.106372
3443 0.356124 0.341567  0.302309
2021 0.412893 0.181521  0.405586
1625 0.189974 0.452918  0.357107
2891 0.069112 0.461125  0.469763
883 0.383001 0.295645  0.321353
3316 0.165097 0.802649  0.032254
374 0.434971 0.208876  0.356153
1640 0.320909 0.307016  0.372075
1596 0.223129 0.413322  0.363549
1279 0.320091 0.317642  0.362267
1874 0.502007 0.365042  0.132951
2414 0.494034 0.494158  0.011808
2439 0.18138 0.391323  0.427297
254 0.363388 0.331579  0.305033
2584 0.436987 0.133959  0.429054
350 0.130161 0.435268  0.434571
1883 0.188024 0.608346  0.20363
2146 0.0230407 0.438908  0.538051
83 0.264886 0.410357  0.324757
3213 0.161207 0.510144  0.328649
239 0.117478 0.735516  0.147006
