1876 0.367986 0.477092  0.154922
10028 0.238113 0.408094  0.353793
7553 0.201849 0.352322  0.445828
276 0.555287 0.153043  0.291669
3351 0.78989 0.167872  0.042238
1954 0.143905 0.470055  0.38604
1410 0.347672 0.422759  0.229569
2027 0.291968 0.486996  0.221035
4001 0.303996 0.313768  0.382236
6209 0.418165 0.301958  0.279878
9069 0.313541 0.381168  0.305291
362 0.022249 0.460241  0.51751
7817 0.517446 0.13208  0.350473
7888 0.502429 0.0918637  0.405707
9931 0.32446 0.309383  0.366157
2171 0.0954789 0.532255  0.372266
2023 0.457106 0.245699  0.297195
7390 0.456624 0.173222  0.370154
3556 0.0902191 0.137585  0.772196
9763 0.156661 0.34189  0.501449
5668 0.230517 0.296476  0.473007
6393 0.130414 0.588106  0.28148
3260 0.157538 0.0767837  0.765678
839 0.383955 0.231041  0.385003
1352 0.463967 0.309533  0.2265
3485 0.242423 0.47098  0.286597
3773 0.132753 0.470098  0.397149
10062 0.325172 0.269371  0.405458
2320 0.720351 0.153141  0.126508
313 0.238287 0.624292  0.137421
7989 0.0889857 0.652091  0.258923
4761 0.280086 0.34992  0.369993
2121 0.276947 0.354782  0.368271
4286 0.513659 0.356208  0.130132
3496 0.742079 0.247248  0.0106733
4596 0.489554 0.138802  0.371644
5468 0.370775 0.287056  0.342169
3941 0.799508 0.134679  0.0658124
5427 0.610468 0.103556  0.285975
820 0.437779 0.437746  0.124475
10078 0.220798 0.403836  0.375366
9578 0.248185 0.46551  0.286304
1067 0.265307 0.035974  0.698719
6329 0.277301 0.3621  0.360599
311 0.582244 0.230729  0.187027
4665 0.226314 0.162201  0.611485
7574 0.46582 0.0608344  0.473346
620 0.478512 0.299293  0.222195
7167 0.629417 0.25051  0.120072
3141 0.312552 0.151733  0.535715
343 0.508205 0.372794  0.119001
7210 0.577616 0.296822  0.125562
8431 0.330368 0.162404  0.507228
8451 0.0473323 0.547739  0.404928
6974 0.449896 0.0655838  0.48452
6607 0.264122 0.116761  0.619117
4877 0.386726 0.0868997  0.526375
1361 0.181979 0.423614  0.394407
8620 0.360914 0.116295  0.522791
3447 0.399012 0.393014  0.207974
7243 0.211637 0.363242  0.425121
9720 0.497765 0.243365  0.25887
521 0.259283 0.32234  0.418377
6309 0.278309 0.314817  0.406874
8879 0.0691621 0.712967  0.21787
7172 0.479842 0.379018  0.14114
2350 0.392212 0.0708364  0.536952
2914 0.351528 0.485957  0.162516
7224 0.296308 0.565544  0.138148
6005 0.102195 0.128741  0.769064
3233 0.629668 0.113416  0.256917
1969 0.361114 0.288092  0.350794
3129 0.128419 0.700795  0.170786
1701 0.325659 0.345156  0.329185
1350 0.261324 0.364546  0.37413
4475 0.403652 0.154511  0.441837
305 0.172563 0.505139  0.322298
6896 0.326252 0.59165  0.0820982
8810 0.270927 0.517651  0.211422
5927 0.0790775 0.499045  0.421877
8358 0.271622 0.16428  0.564098
6302 0.559972 0.258923  0.181106
8957 0.100049 0.171997  0.727954
877 0.127511 0.504834  0.367655
3274 0.320433 0.398862  0.280705
5535 0.177977 0.358773  0.46325
3385 0.33431 0.159798  0.505891
9767 0.367866 0.161936  0.470199
7216 0.486335 0.0915043  0.422161
4756 0.421957 0.141782  0.436262
9868 0.387793 0.433278  0.178929
8042 0.528374 0.0888238  0.382802
3960 0.529961 0.41043  0.0596091
8768 0.0149743 0.719283  0.265743
9671 0.488129 0.300064  0.211808
2091 0.351056 0.612171  0.0367729
6478 0.46818 0.167124  0.364696
9510 0.232836 0.49877  0.268394
8253 0.881666 0.0511353  0.067199
373 0.321592 0.491086  0.187322
1292 0.398974 0.325591  0.275435
6673 0.128796 0.440371  0.430834
7637 0.43276 0.530135  0.0371047
9998 0.169728 0.721984  0.108288
6522 0.133552 0.437561  0.428887
8491 0.379876 0.245388  0.374736
8395 0.352434 0.519369  0.128197
9752 0.0702442 0.428525  0.501231
1205 0.59194 0.210387  0.197673
396 0.458591 0.154729  0.38668
8463 0.360667 0.42297  0.216364
6740 0.383355 0.420948  0.195696
2036 0.204144 0.112845  0.683011
4081 0.407908 0.56954  0.0225516
8501 0.249402 0.378864  0.371734
5271 0.272565 0.357528  0.369907
3048 0.135911 0.442745  0.421344
2843 0.803497 0.128974  0.0675281
8437 0.392898 0.0311618  0.575941
4317 0.332615 0.383706  0.283679
7498 0.418964 0.206958  0.374078
6322 0.113772 0.488087  0.39814
7533 0.451916 0.095491  0.452593
7652 0.481457 0.47634  0.0422025
3073 0.321968 0.0262472  0.651784
3459 0.375544 0.287229  0.337228
9914 0.113522 0.35871  0.527768
4511 0.201769 0.64092  0.157311
8429 0.350266 0.14773  0.502005
2169 0.456907 0.286249  0.256844
1893 0.156554 0.16453  0.678916
7839 0.339679 0.334844  0.325477
8654 0.259386 0.429845  0.310769
8069 0.160015 0.38419  0.455794
6698 0.162627 0.706006  0.131368
835 0.385538 0.381606  0.232856
10164 0.387704 0.357348  0.254948
4568 0.438314 0.313366  0.248319
9424 0.384932 0.309467  0.305601
5308 0.416218 0.50223  0.0815523
8510 0.460396 0.102342  0.437262
1925 0.475302 0.381564  0.143134
4403 0.483504 0.0978743  0.418621
1239 0.397935 0.503952  0.0981131
3094 0.507994 0.132813  0.359193
6093 0.0643453 0.322537  0.613118
9916 0.502926 0.482356  0.0147177
5767 0.0295652 0.547391  0.423044
5507 0.22395 0.361152  0.414899
504 0.590339 0.19619  0.213471
6719 0.0773075 0.532865  0.389827
2121 0.339867 0.287415  0.372718
2085 0.352885 0.575496  0.0716188
9780 0.563927 0.0309314  0.405141
4213 0.333213 0.29055  0.376238
2889 0.275853 0.401138  0.323009
4983 0.536445 0.242583  0.220972
761 0.626723 0.195771  0.177506
5049 0.367722 0.278185  0.354093
1518 0.288167 0.494119  0.217714
3968 0.101486 0.620896  0.277618
8528 0.298115 0.603702  0.0981837
1205 0.235638 0.47141  0.292951
3709 0.387772 0.463642  0.148586
3666 0.58694 0.250762  0.162299
8291 0.701564 0.2816  0.016836
5204 0.177708 0.442027  0.380265
5293 0.316838 0.392244  0.290918
1028 0.418434 0.473231  0.108335
8830 0.178929 0.265283  0.555788
71 0.552707 0.0185813  0.428712
7209 0.0678039 0.518447  0.413749
6436 0.295229 0.319888  0.384883
8772 0.0158077 0.222125  0.762068
8052 0.325223 0.418236  0.256541
763 0.213763 0.670236  0.116001
1232 0.268043 0.245414  0.486543
4242 0.446715 0.308782  0.244503
3532 0.377469 0.472067  0.150464
3673 0.478749 0.00897365  0.512277
1894 0.236444 0.0555248  0.708031
5829 0.306296 0.277442  0.416262
3246 0.443151 0.0400609  0.516788
5265 0.386526 0.217728  0.395746
2670 0.287522 0.606988  0.10549
3066 0.205884 0.337524  0.456592
5141 0.285819 0.249091  0.46509
3440 0.0284944 0.827126  0.144379
8145 0.104108 0.385987  0.509904
44 0.206514 0.363873  0.429613
4593 0.334432 0.590317  0.0752503
10010 0.366286 0.178554  0.45516
8153 0.239431 0.381736  0.378833
5576 0.806936 0.147602  0.0454617
6707 0.0758162 0.411037  0.513146
330 0.169597 0.672123  0.15828
4779 0.1419 0.813713  0.0443862
4401 0.445485 0.320516  0.234
343 0.387563 0.183927  0.42851
2 0.0692734 0.148467  0.78226
9842 0.0622378 0.547222  0.39054
4461 0.490478 0.331217  0.178306
1372 0.101705 0.564913  0.333382
5334 0.237896 0.614046  0.148058
7398 0.338528 0.328769  0.332703
3123 0.354825 0.081231  0.563944
8765 0.343987 0.354191  0.301822
1233 0.483086 0.243283  0.273631
9157 0.389636 0.390236  0.220128
7875 0.0299492 0.138953  0.831098
7421 0.114529 0.0501534  0.835318
8763 0.321585 0.294486  0.383929
5867 0.420892 0.160823  0.418285
6464 0.509128 0.36303  0.127843
113 0.06046 0.574261  0.365279
9311 0.315487 0.388632  0.295881
3150 0.56072 0.30249  0.13679
1973 0.629797 0.155907  0.214297
3166 0.366767 0.346593  0.286639
9397 0.386909 0.30742  0.305671
6706 0.349254 0.278096  0.372649
7784 0.325837 0.333859  0.340304
1903 0.394494 0.402733  0.202773
8446 0.493384 0.295401  0.211214
5830 0.385883 0.368061  0.246056
9229 0.389815 0.0198612  0.590323
9154 0.621438 0.255964  0.122598
2919 0.606005 0.293157  0.100838
10040 0.636565 0.203179  0.160257
6280 0.29409 0.406569  0.299341
223 0.116244 0.265637  0.618119
2648 0.191896 0.376103  0.432
8195 0.524894 0.432779  0.0423271
3940 0.260152 0.450755  0.289093
6385 0.354482 0.393543  0.251975
8480 0.339815 0.550726  0.109458
8113 0.285664 0.586253  0.128083
5703 0.32951 0.433719  0.236772
5275 0.562943 0.371709  0.0653475
6817 0.463659 0.377749  0.158592
125 0.108082 0.166081  0.725837
3707 0.670621 0.0800429  0.249336
2440 0.389867 0.285645  0.324488
419 0.267715 0.324309  0.407976
76 0.590033 0.0731394  0.336828
3180 0.455615 0.262366  0.282019
3282 0.481551 0.174843  0.343607
5847 0.53379 0.456634  0.00957676
8192 0.474076 0.236404  0.28952
772 0.851141 0.0872622  0.061597
9325 0.148256 0.501593  0.350151
4282 0.386532 0.47353  0.139938
9828 0.0520266 0.812507  0.135467
7853 0.0574461 0.58843  0.354124
1657 0.30845 0.286838  0.404711
9329 0.368988 0.392921  0.238091
3734 0.243783 0.0702581  0.685959
5079 0.0518251 0.39061  0.557565
8957 0.201387 0.697619  0.100994
4623 0.508975 0.294232  0.196793
6233 0.686616 0.283198  0.0301861
7201 0.185712 0.144347  0.669942
1278 0.42294 0.103806  0.473254
2667 0.515022 0.135989  0.348989
7016 0.505021 0.215774  0.279205
582 0.0848502 0.507475  0.407674
9123 0.449615 0.24135  0.309036
4515 0.307053 0.36616  0.326787
8333 0.105118 0.635501  0.259381
6340 0.520931 0.177619  0.30145
954 0.613714 0.0708569  0.315429
1859 0.110812 0.426136  0.463052
7903 0.575154 0.136722  0.288124
2580 0.0780086 0.654844  0.267148
4940 0.437867 0.226562  0.335571
3083 0.375244 0.311719  0.313036
5201 0.374365 0.351659  0.273976
3726 0.346903 0.384621  0.268476
1548 0.374786 0.241042  0.384172
5990 0.117817 0.494919  0.387264
9330 0.370373 0.332012  0.297615
7751 0.332556 0.498895  0.168549
8066 0.541129 0.279858  0.179012
9945 0.20337 0.309015  0.487615
7989 0.457977 0.0201186  0.521904
7135 0.198173 0.0478948  0.753933
8456 0.408369 0.42479  0.166842
2827 0.032867 0.655799  0.311334
5652 0.224439 0.18707  0.588491
2549 0.534458 0.367327  0.0982147
2607 0.249406 0.424658  0.325936
8372 0.20776 0.46615  0.326089
6301 0.0348923 0.25877  0.706338
8302 0.0993781 0.481808  0.418814
6355 0.293789 0.283444  0.422767
5450 0.329198 0.304382  0.36642
4913 0.270079 0.281887  0.448034
1990 0.484849 0.0214378  0.493714
2268 0.0802624 0.473916  0.445822
6028 0.204313 0.306982  0.488705
8416 0.259697 0.610203  0.1301
8528 0.275467 0.217122  0.50741
2907 0.525346 0.245922  0.228731
5298 0.202634 0.23616  0.561206
168 0.29025 0.32611  0.38364
8966 0.176965 0.372881  0.450154
9790 0.0273054 0.0972891  0.875405
7327 0.266602 0.361784  0.371614
5893 0.254792 0.17222  0.572988
3663 0.375473 0.37287  0.251657
3487 0.0837106 0.330408  0.585881
2164 0.296262 0.428061  0.275676
5932 0.521599 0.0553609  0.42304
4839 0.472404 0.453822  0.0737736
6699 0.088239 0.691712  0.220049
6962 0.172968 0.412849  0.414183
271 0.383713 0.111575  0.504712
6827 0.569946 0.392638  0.0374156
2985 0.38516 0.272462  0.342379
9738 0.580614 0.196794  0.222593
347 0.451304 0.35837  0.190326
7730 0.483738 0.0906984  0.425564
1994 0.309446 0.434284  0.256271
9401 0.451114 0.34749  0.201397
7318 0.244535 0.10223  0.653235
517 0.367948 0.390555  0.241497
2092 0.110865 0.738595  0.15054
3776 0.396679 0.21478  0.388541
5586 0.559508 0.0400004  0.400491
2173 0.381817 0.437548  0.180635
5601 0.753137 0.102358  0.144505
424 0.0685176 0.722735  0.208747
7326 0.368655 0.300905  0.33044
1516 0.120808 0.76163  0.117562
9374 0.018358 0.505293  0.476349
1941 0.267934 0.189583  0.542482
1980 0.584392 0.210537  0.205072
4207 0.264558 0.435019  0.300422
630 0.222409 0.39289  0.384701
1768 0.12891 0.304281  0.566809
280 0.136063 0.555291  0.308645
684 0.529227 0.256871  0.213902
6828 0.275013 0.341989  0.382998
1964 0.231437 0.416863  0.3517
375 0.37236 0.345658  0.281982
4168 0.592832 0.215112  0.192056
3187 0.38689 0.235266  0.377844
8505 0.422322 0.516453  0.0612245
5043 0.104352 0.393856  0.501792
5298 0.0561648 0.480448  0.463388
2709 0.131596 0.490489  0.377915
2134 0.102624 0.656593  0.240783
717 0.446628 0.480269  0.0731024
3665 0.411226 0.554155  0.0346188
10093 0.414063 0.137662  0.448274
9868 0.181567 0.473999  0.344433
7824 0.483411 0.298538  0.218051
9515 0.329594 0.489432  0.180974
8220 0.427268 0.428669  0.144064
2587 0.163638 0.46272  0.373642
4893 0.257899 0.182128  0.559973
5432 0.675256 0.0656324  0.259112
1981 0.440178 0.0545801  0.505242
5118 0.399097 0.307581  0.293322
9991 0.323298 0.337979  0.338723
3815 0.661769 0.13902  0.199211
6719 0.168813 0.346438  0.484749
6096 0.166312 0.575153  0.258535
8618 0.0189338 0.754608  0.226458
1367 0.551873 0.211133  0.236994
8407 0.201389 0.620231  0.17838
9023 0.10462 0.266144  0.629236
7913 0.873894 0.0662358  0.0598701
7129 0.614228 0.288459  0.0973126
3446 0.401014 0.553851  0.0451348
9998 0.40542 0.377515  0.217064
7473 0.593795 0.0674331  0.338772
8291 0.0573619 0.838424  0.104214
3997 0.420226 0.101188  0.478586
3006 0.330544 0.231542  0.437913
3956 0.416526 0.237041  0.346433
1246 0.66947 0.192018  0.138512
6940 0.164752 0.413504  0.421744
9346 0.0978746 0.689849  0.212276
286 0.519657 0.373819  0.106524
8130 0.614767 0.0842374  0.300995
369 0.182651 0.548816  0.268532
9811 0.373465 0.343452  0.283084
5979 0.559779 0.112892  0.327329
4543 0.0981812 0.316914  0.584905
2352 0.250756 0.46678  0.282464
109 0.285733 0.293451  0.420816
9797 0.331997 0.324653  0.34335
8148 0.124092 0.271417  0.604491
7255 0.128526 0.337893  0.533581
8466 0.286794 0.36214  0.351065
5865 0.150296 0.0938829  0.755821
5305 0.35682 0.355595  0.287585
8893 0.495045 0.336527  0.168429
3771 0.197477 0.0962099  0.706313
5957 0.625835 0.355268  0.0188974
6005 0.241316 0.520085  0.238598
5922 0.363468 0.393566  0.242967
5240 0.0980266 0.449952  0.452021
4924 0.334853 0.354035  0.311112
1511 0.591789 0.213503  0.194708
887 0.426954 0.522521  0.0505243
1102 0.124257 0.474752  0.40099
9935 0.379519 0.311879  0.308602
2283 0.155426 0.772411  0.0721631
444 0.382155 0.21934  0.398504
8361 0.246418 0.320134  0.433448
2603 0.360873 0.213961  0.425166
6600 0.368065 0.355127  0.276808
4852 0.179557 0.401119  0.419324
8195 0.399619 0.0714418  0.528939
1901 0.116736 0.723027  0.160237
291 0.308886 0.25508  0.436034
4685 0.265684 0.348941  0.385375
367 0.0743615 0.48178  0.443859
8361 0.38509 0.326966  0.287944
5342 0.241442 0.306997  0.451561
2138 0.0566253 0.762637  0.180737
1403 0.233145 0.494871  0.271984
5149 0.345937 0.354936  0.299127
1383 0.382452 0.44496  0.172588
6002 0.205599 0.474908  0.319493
2995 0.391207 0.434511  0.174282
5897 0.274461 0.561371  0.164168
9854 0.260102 0.212622  0.527275
4058 0.376271 0.260569  0.363159
6706 0.578369 0.279563  0.142068
8194 0.170483 0.606401  0.223116
9647 0.18859 0.406559  0.404851
9869 0.0790076 0.377252  0.543741
5085 0.308913 0.422194  0.268893
5970 0.392627 0.276953  0.33042
4025 0.721423 0.0114293  0.267148
7280 0.155034 0.219183  0.625783
3759 0.509432 0.236431  0.254137
9568 0.187171 0.111388  0.701441
244 0.251961 0.46347  0.284569
8550 0.22997 0.331758  0.438273
576 0.41504 0.0503583  0.534602
7683 0.372807 0.522846  0.104346
8395 0.393338 0.529886  0.0767765
5626 0.349946 0.246219  0.403835
6757 0.368036 0.255847  0.376117
4569 0.430547 0.442215  0.127237
9802 0.234166 0.429771  0.336063
9903 0.14449 0.564615  0.290895
7930 0.649792 0.0841769  0.266031
4955 0.433591 0.236902  0.329507
2091 0.718224 0.214925  0.0668505
8940 0.343378 0.310085  0.346537
656 0.553691 0.0686055  0.377703
2401 0.411498 0.247078  0.341424
6000 0.368687 0.401719  0.229595
1643 0.441069 0.464228  0.0947026
94 0.157371 0.361908  0.480721
679 0.068486 0.469292  0.462222
8896 0.449494 0.0710694  0.479436
3138 0.377447 0.369153  0.2534
2840 0.312786 0.276316  0.410897
3898 0.367737 0.151971  0.480292
2379 0.233837 0.412387  0.353777
5277 0.351096 0.2974  0.351504
3258 0.200452 0.0516712  0.747877
8598 0.572288 0.0782624  0.349449
7183 0.666842 0.0885911  0.244567
9335 0.197331 0.274423  0.528246
1954 0.479644 0.363303  0.157053
2052 0.448471 0.459973  0.0915561
4368 0.513872 0.367865  0.118264
4815 0.383223 0.100551  0.516227
2366 0.601734 0.0261307  0.372135
2670 0.344932 0.322513  0.332555
2221 0.252883 0.65827  0.0888465
3757 0.527017 0.241493  0.23149
8159 0.703139 0.254111  0.0427504
2424 0.30147 0.0531692  0.64536
4029 0.453371 0.341022  0.205607
6646 0.448726 0.254417  0.296857
3597 0.22773 0.54741  0.224859
596 0.334542 0.0716389  0.59382
9952 0.366286 0.382884  0.25083
7776 0.501766 0.377452  0.120782
5008 0.0971171 0.479298  0.423585
7697 0.294568 0.330153  0.37528
2151 0.201534 0.63345  0.165016
2328 0.149555 0.697015  0.15343
0 0.450866 0.267644  0.281491
8984 0.629155 0.0288518  0.341993
3604 0.352876 0.323267  0.323857
7278 0.0457712 0.0410107  0.913218
2350 0.312214 0.540231  0.147554
7319 0.19806 0.784148  0.0177914
7300 0.389442 0.083447  0.527111
5075 0.259246 0.497828  0.242926
8609 0.034174 0.479352  0.486474
2348 0.176328 0.304394  0.519279
8452 0.319877 0.208791  0.471332
2046 0.273728 0.352195  0.374077
8438 0.0344449 0.482533  0.483022
7146 0.0870245 0.323108  0.589868
9393 0.2615 0.0707286  0.667771
6356 0.114083 0.663567  0.22235
1508 0.385658 0.371837  0.242505
10172 0.103673 0.349247  0.547081
6667 0.270756 0.64708  0.0821645
8528 0.561633 0.152613  0.285754
966 0.405011 0.187059  0.40793
2176 0.27614 0.0743598  0.649501
5073 0.140614 0.397572  0.461814
6818 0.226621 0.358379  0.415
882 0.296906 0.506004  0.19709
140 0.423822 0.353017  0.223161
531 0.0238109 0.274374  0.701815
4270 0.526788 0.0134298  0.459783
6095 0.485164 0.381111  0.133725
7202 0.438636 0.150038  0.411326
4641 0.412558 0.333757  0.253685
10027 0.48019 0.0770323  0.442777
6668 0.367864 0.467899  0.164237
3535 0.290775 0.244825  0.4644
8950 0.313904 0.240837  0.445259
4247 0.250079 0.513546  0.236376
8013 0.382981 0.0400732  0.576946
1481 0.0263295 0.744434  0.229237
9750 0.230643 0.644027  0.12533
7517 0.491688 0.423037  0.0852742
4900 0.179065 0.683113  0.137822
7638 0.650001 0.110962  0.239037
4508 0.322806 0.304456  0.372738
5202 0.223821 0.42979  0.346389
7140 0.452198 0.353974  0.193828
3795 0.341999 0.226708  0.431293
4862 0.228392 0.156768  0.61484
6530 0.138748 0.492916  0.368336
5192 0.645039 0.021166  0.333795
4812 0.475596 0.501391  0.0230129
2319 0.481723 0.206877  0.3114
10018 0.200833 0.582696  0.216471
5464 0.565638 0.260893  0.173468
10168 0.268967 0.501177  0.229855
9891 0.199754 0.329923  0.470323
1351 0.476837 0.139612  0.38355
4283 0.28274 0.260753  0.456507
7615 0.180239 0.224246  0.595515
6417 0.199371 0.290992  0.509637
4112 0.333734 0.46763  0.198636
3614 0.274184 0.185066  0.540749
8421 0.0141396 0.487123  0.498738
4357 0.020782 0.491757  0.487461
7187 0.475314 0.152963  0.371723
8775 0.24967 0.413847  0.336483
1993 0.303055 0.315281  0.381664
3870 0.10738 0.566813  0.325807
9730 0.657371 0.0811568  0.261472
7859 0.633332 0.0792795  0.287388
515 0.153874 0.414621  0.431505
3902 0.356344 0.311542  0.332114
2844 0.448855 0.0694288  0.481716
6008 0.148106 0.540027  0.311866
308 0.335612 0.208504  0.455884
3737 0.37664 0.331223  0.292137
748 0.0125343 0.532055  0.455411
6845 0.444273 0.301359  0.254368
1318 0.914878 0.0646016  0.0205203
9205 0.232093 0.417103  0.350804
3878 0.278479 0.0512007  0.67032
2821 0.315123 0.17576  0.509118
4298 0.349923 0.493477  0.156601
8901 0.351638 0.291048  0.357314
9234 0.520398 0.393245  0.0863563
2365 0.211484 0.444518  0.343997
777 0.510508 0.375241  0.114252
4289 0.246198 0.554956  0.198846
8834 0.326061 0.0680976  0.605841
3829 0.17458 0.190554  0.634866
2040 0.355343 0.298568  0.346089
1591 0.257504 0.304632  0.437864
8861 0.556292 0.358127  0.085581
8768 0.0630664 0.428112  0.508822
5431 0.187414 0.775046  0.0375398
1827 0.514723 0.395455  0.0898224
5048 0.0777096 0.548719  0.373572
4597 0.345005 0.498771  0.156224
1421 0.147088 0.422609  0.430303
7690 0.16662 0.0400183  0.793362
1250 0.545668 0.141821  0.312511
9852 0.364465 0.0804854  0.55505
4694 0.550508 0.163788  0.285705
3786 0.381778 0.152903  0.465319
4010 0.671369 0.304094  0.0245366
7180 0.470262 0.125484  0.404254
4105 0.106343 0.087153  0.806504
8471 0.189524 0.356957  0.453519
1984 0.125673 0.521365  0.352962
3079 0.183895 0.411342  0.404762
4111 0.0733295 0.650504  0.276167
453 0.106466 0.162543  0.730991
278 0.370694 0.295296  0.33401
9637 0.0290739 0.473738  0.497188
6062 0.280095 0.165796  0.554109
4180 0.328128 0.59927  0.0726019
3687 0.0513317 0.796153  0.152515
9597 0.206706 0.450438  0.342855
4916 0.440381 0.234031  0.325588
6002 0.294119 0.284108  0.421773
1410 0.0131534 0.195793  0.791054
8490 0.363437 0.161715  0.474848
8943 0.297241 0.0515792  0.651179
6966 0.301421 0.236522  0.462057
4089 0.183768 0.436516  0.379717
4957 0.279094 0.401811  0.319095
8458 0.397248 0.123742  0.47901
9573 0.70894 0.233584  0.0574752
2344 0.0629192 0.0984062  0.838675
3572 0.347824 0.170179  0.481998
8602 0.359707 0.243345  0.396948
8977 0.313902 0.411811  0.274287
9209 0.557789 0.331611  0.110599
3711 0.452585 0.0093591  0.538056
8918 0.406554 0.236325  0.357122
6099 0.0134961 0.587589  0.398915
1092 0.604372 0.216638  0.17899
8080 0.395867 0.269465  0.334668
4367 0.396592 0.207065  0.396343
7149 0.361299 0.232255  0.406446
9946 0.0766556 0.622433  0.300911
2206 0.0828977 0.62794  0.289162
1242 0.367655 0.415702  0.216642
1475 0.514794 0.265989  0.219216
8132 0.598111 0.257325  0.144564
7398 0.170688 0.140756  0.688556
4854 0.608272 0.0828001  0.308928
10067 0.68002 0.155072  0.164908
7650 0.216479 0.0414556  0.742065
1388 0.301365 0.45312  0.245515
6419 0.0497573 0.360802  0.58944
6504 0.331234 0.148446  0.520321
4900 0.098594 0.137881  0.763525
7079 0.16571 0.428921  0.405369
4195 0.216693 0.540314  0.242993
391 0.218449 0.513795  0.267757
8897 0.49302 0.203949  0.303031
2911 0.24169 0.22054  0.53777
9722 0.578575 0.307976  0.113449
4847 0.425453 0.0396541  0.534893
2071 0.387433 0.374301  0.238266
9700 0.475114 0.298266  0.22662
6255 0.260889 0.552592  0.186519
1939 0.284637 0.523355  0.192008
1914 0.347371 0.342041  0.310588
3723 0.364775 0.571984  0.0632404
375 0.34999 0.314678  0.335332
2674 0.420006 0.234307  0.345687
1288 0.344334 0.23351  0.422156
5717 0.305465 0.594656  0.0998784
8217 0.525585 0.048365  0.42605
8861 0.384078 0.0611882  0.554733
2007 0.043987 0.313183  0.64283
2240 0.229015 0.314183  0.456802
3658 0.463089 0.445037  0.091874
407 0.385109 0.559788  0.0551036
6969 0.128773 0.646079  0.225148
9118 0.381765 0.298011  0.320224
1265 0.317151 0.366636  0.316212
2843 0.115709 0.294183  0.590108
6531 0.169349 0.396268  0.434384
4618 0.494311 0.364938  0.140751
505 0.159812 0.294357  0.54583
4331 0.102549 0.398656  0.498795
4788 0.369237 0.615145  0.0156173
2839 0.492708 0.036235  0.471057
4810 0.438368 0.130063  0.431569
2450 0.369113 0.454631  0.176256
1070 0.786981 0.181994  0.0310246
2580 0.710575 0.0126166  0.276809
2946 0.161905 0.41759  0.420504
3255 0.254043 0.360999  0.384957
9237 0.324905 0.257238  0.417858
2688 0.715925 0.08804  0.196035
1857 0.0229111 0.0939656  0.883123
7458 0.159263 0.778448  0.0622885
5745 0.379835 0.213955  0.40621
1188 0.283444 0.382146  0.33441
7991 0.71229 0.115295  0.172415
5092 0.508529 0.206361  0.28511
5953 0.707958 0.216173  0.0758694
8437 0.495259 0.278377  0.226364
257 0.494214 0.0948151  0.410971
5237 0.29756 0.316412  0.386029
9936 0.62164 0.245905  0.132454
7707 0.419171 0.524097  0.0567315
2290 0.307005 0.447355  0.24564
5457 0.0564226 0.319287  0.624291
3966 0.582869 0.273988  0.143143
1381 0.401261 0.1367  0.462039
9325 0.227181 0.499845  0.272974
8411 0.119358 0.275909  0.604733
8495 0.0284546 0.492448  0.479097
9148 0.436313 0.467225  0.0964618
2468 0.162238 0.306193  0.531569
8634 0.335274 0.41629  0.248436
5105 0.67755 0.214345  0.108104
6685 0.347736 0.204319  0.447945
4771 0.204521 0.347031  0.448448
7167 0.166808 0.69763  0.135563
7996 0.6828 0.0975521  0.219648
5603 0.17582 0.46543  0.358751
1085 0.474508 0.495134  0.0303576
938 0.507684 0.073025  0.419291
8951 0.463754 0.372406  0.163841
3906 0.421155 0.242399  0.336445
5063 0.592195 0.0277865  0.380018
5033 0.115783 0.252657  0.63156
1449 0.251006 0.374227  0.374768
8099 0.554198 0.103151  0.342651
6740 0.43274 0.265675  0.301585
4973 0.505574 0.246096  0.24833
8511 0.451162 0.2624  0.286438
5943 0.650923 0.271482  0.0775949
4010 0.584379 0.137462  0.278159
3028 0.421152 0.237654  0.341194
6973 0.30943 0.497282  0.193288
10114 0.08501 0.57719  0.3378
5615 0.545926 0.109069  0.345006
5964 0.54573 0.434572  0.0196973
237 0.0617813 0.634615  0.303604
7383 0.608085 0.298771  0.0931437
3193 0.39943 0.0995872  0.500983
1751 0.297432 0.316717  0.385851
9478 0.307119 0.240033  0.452848
1092 0.0661059 0.582712  0.351182
4199 0.0730052 0.806395  0.1206
220 0.461025 0.119006  0.419969
5708 0.156692 0.555449  0.287859
7148 0.527245 0.38868  0.0840753
3868 0.0702067 0.534684  0.395109
4130 0.337351 0.443868  0.218781
509 0.17005 0.395691  0.434259
8393 0.486901 0.294381  0.218718
2595 0.173585 0.157433  0.668982
7375 0.395414 0.340948  0.263638
4508 0.426052 0.374574  0.199374
6179 0.233145 0.5595  0.207355
5535 0.133587 0.472358  0.394055
8401 0.360112 0.133941  0.505947
2608 0.404832 0.110552  0.484616
8400 0.46219 0.112388  0.425422
9373 0.0681874 0.205957  0.725856
8878 0.24031 0.24706  0.51263
1992 0.618477 0.111699  0.269824
5217 0.263544 0.0283889  0.708067
5830 0.499544 0.251894  0.248562
8124 0.106403 0.447865  0.445732
5751 0.213204 0.268016  0.51878
3861 0.611643 0.256587  0.131769
7562 0.521906 0.101444  0.376649
6938 0.374594 0.589279  0.0361269
8600 0.326699 0.30488  0.368421
8265 0.148141 0.576835  0.275024
7827 0.119369 0.316945  0.563686
3763 0.305024 0.181723  0.513253
2244 0.227118 0.394406  0.378476
7322 0.420535 0.306037  0.273427
2177 0.208677 0.46912  0.322204
6790 0.42822 0.47059  0.10119
233 0.146864 0.298218  0.554918
5901 0.173682 0.34451  0.481808
5547 0.0865033 0.456923  0.456574
4591 0.0886652 0.163307  0.748028
5605 0.285473 0.357187  0.35734
4377 0.488133 0.183354  0.328513
975 0.268654 0.299588  0.431758
7551 0.411194 0.334968  0.253838
5318 0.53362 0.302631  0.163749
8157 0.115203 0.281565  0.603232
369 0.478752 0.095486  0.425762
4683 0.116799 0.263734  0.619467
3448 0.186964 0.725838  0.0871982
2580 0.168838 0.529241  0.301921
1522 0.485634 0.254144  0.260221
9828 0.51368 0.0214206  0.464899
8272 0.145484 0.804478  0.0500373
1072 0.484248 0.50033  0.0154213
4520 0.132615 0.750012  0.117374
5337 0.24074 0.416035  0.343225
7345 0.270077 0.33353  0.396393
6915 0.306892 0.425256  0.267851
4622 0.0955014 0.848171  0.0563277
10199 0.247566 0.253872  0.498561
708 0.377681 0.235529  0.38679
7756 0.507599 0.295908  0.196492
2232 0.52731 0.315011  0.157679
1337 0.355538 0.22178  0.422682
4576 0.50206 0.0204843  0.477455
4983 0.479234 0.135277  0.385489
6158 0.255918 0.356589  0.387493
2504 0.402114 0.561461  0.0364255
4466 0.187257 0.419884  0.39286
10067 0.301508 0.326791  0.371701
3650 0.218079 0.451087  0.330834
846 0.0604051 0.375658  0.563937
9795 0.721035 0.125588  0.153377
9119 0.330984 0.0217806  0.647235
1669 0.61647 0.0636902  0.31984
6245 0.0564117 0.731633  0.211956
3525 0.231019 0.571042  0.197939
6168 0.27323 0.372575  0.354195
3030 0.698904 0.136574  0.164522
884 0.392107 0.572347  0.0355457
6501 0.0697336 0.519312  0.410954
634 0.247354 0.364039  0.388608
934 0.318437 0.137036  0.544527
709 0.473857 0.186947  0.339196
2748 0.739421 0.0696759  0.190903
303 0.053239 0.773314  0.173447
9619 0.121459 0.435074  0.443468
5606 0.121153 0.72956  0.149288
6774 0.506155 0.15113  0.342715
2861 0.373957 0.564644  0.0613992
5816 0.143924 0.417039  0.439036
8980 0.435138 0.00850621  0.556355
7370 0.437454 0.183972  0.378574
4003 0.284024 0.295426  0.42055
2586 0.555975 0.296992  0.147033
628 0.160345 0.210865  0.628791
5589 0.716123 0.18214  0.101738
8371 0.359815 0.423638  0.216547
5850 0.459365 0.101055  0.439579
4820 0.382784 0.303121  0.314095
2739 0.514751 0.256239  0.22901
4009 0.398423 0.419459  0.182118
2109 0.108618 0.519499  0.371884
1123 0.560668 0.158268  0.281063
9299 0.0667925 0.271069  0.662138
9760 0.432547 0.0783223  0.489131
9942 0.422459 0.161573  0.415968
57 0.667182 0.0740602  0.258757
3678 0.149308 0.521886  0.328806
8936 0.304275 0.240111  0.455614
10098 0.291017 0.503574  0.20541
4253 0.286672 0.368138  0.34519
9744 0.353078 0.26131  0.385612
2606 0.434238 0.170987  0.394775
4650 0.582597 0.10327  0.314133
7827 0.387493 0.222915  0.389591
6904 0.0181129 0.357903  0.623984
3736 0.410169 0.522976  0.066855
7878 0.497259 0.386038  0.116704
5465 0.182501 0.033175  0.784324
2883 0.156304 0.810075  0.0336215
7125 0.548636 0.283519  0.167845
8139 0.318469 0.333872  0.347659
8949 0.239905 0.353549  0.406547
2495 0.343444 0.416187  0.240369
3364 0.307923 0.384166  0.307911
6280 0.266726 0.602864  0.13041
568 0.169661 0.250941  0.579398
4699 0.262242 0.309871  0.427886
7768 0.0723892 0.377761  0.54985
9830 0.599066 0.319704  0.0812295
3350 0.587902 0.358178  0.0539195
7910 0.149343 0.239503  0.611154
3192 0.340764 0.371853  0.287383
632 0.369836 0.261086  0.369077
1388 0.32644 0.442049  0.231511
7504 0.248418 0.446298  0.305285
10 0.35608 0.49193  0.151989
9069 0.421832 0.486458  0.0917094
532 0.363553 0.30038  0.336067
8964 0.495031 0.376894  0.128075
8193 0.0857108 0.873623  0.0406663
9033 0.300303 0.329284  0.370413
5597 0.44515 0.321754  0.233096
5820 0.329694 0.382143  0.288163
3451 0.422303 0.187233  0.390464
6743 0.30522 0.372683  0.322097
716 0.532218 0.118209  0.349573
519 0.322066 0.11908  0.558854
9545 0.337087 0.163031  0.499882
1676 0.203601 0.184765  0.611634
753 0.326166 0.391948  0.281886
5990 0.477271 0.0425183  0.480211
5182 0.389302 0.229934  0.380764
4552 0.496695 0.413049  0.0902561
2112 0.227916 0.51576  0.256325
5628 0.297885 0.2482  0.453915
1972 0.366695 0.51296  0.120345
113 0.0162075 0.651081  0.332712
5181 0.0670181 0.475816  0.457166
9572 0.0434689 0.476035  0.480496
5048 0.370701 0.451612  0.177688
2239 0.74375 0.159089  0.0971607
5830 0.233492 0.194661  0.571847
5944 0.214242 0.0872238  0.698535
6817 0.291945 0.38237  0.325684
4335 0.675841 0.134119  0.190039
8627 0.391128 0.206712  0.40216
1978 0.650679 0.335374  0.0139466
3132 0.291244 0.445204  0.263552
7907 0.422224 0.508313  0.0694627
6142 0.254954 0.299492  0.445554
9230 0.45449 0.378839  0.16667
1946 0.515486 0.158747  0.325768
6675 0.278149 0.363895  0.357956
2330 0.157226 0.596671  0.246103
9160 0.291729 0.528899  0.179372
5203 0.201657 0.248751  0.549592
6117 0.174209 0.570487  0.255305
9828 0.0857166 0.530855  0.383428
4692 0.282738 0.387602  0.32966
5023 0.497658 0.42131  0.0810318
8239 0.0168991 0.414815  0.568286
266 0.201815 0.387947  0.410238
3612 0.281498 0.564378  0.154124
9748 0.542176 0.203882  0.253942
4209 0.14661 0.709904  0.143485
9820 0.0133715 0.16864  0.817988
5309 0.237765 0.39467  0.367565
8828 0.334943 0.598963  0.0660945
418 0.360598 0.247451  0.391951
6183 0.34238 0.249911  0.407709
2502 0.495517 0.226793  0.27769
5948 0.428085 0.0207649  0.55115
2023 0.494566 0.242113  0.263321
8583 0.27936 0.371116  0.349524
7989 0.370613 0.277515  0.351872
9354 0.0976598 0.597119  0.305221
73 0.317412 0.0308884  0.651699
3063 0.568233 0.271888  0.159879
3888 0.471586 0.291175  0.237239
3174 0.405099 0.405955  0.188947
8424 0.429162 0.238098  0.33274
5546 0.360421 0.306893  0.332687
9778 0.273582 0.629286  0.0971317
9204 0.449799 0.433937  0.116264
6824 0.305428 0.388143  0.306429
1917 0.618667 0.338223  0.0431095
2980 0.542006 0.00618828  0.451806
9424 0.156686 0.389436  0.453878
5180 0.216113 0.358688  0.425199
4324 0.410562 0.487566  0.101872
5904 0.0505724 0.647864  0.301564
1269 0.148796 0.207157  0.644046
3977 0.302988 0.171317  0.525696
7820 0.434349 0.404117  0.161533
1220 0.110763 0.723719  0.165518
252 0.0195411 0.575162  0.405296
7754 0.240491 0.432379  0.32713
4179 0.186415 0.0591442  0.754441
9653 0.339319 0.308123  0.352558
9116 0.521495 0.413281  0.065224
8503 0.553557 0.0674183  0.379025
6417 0.375292 0.261425  0.363283
805 0.324244 0.406832  0.268924
1688 0.329928 0.34277  0.327302
9166 0.309943 0.265242  0.424815
557 0.257048 0.345082  0.39787
3678 0.210654 0.369955  0.419391
5401 0.582265 0.0333151  0.38442
5812 0.232777 0.36674  0.400484
2389 0.726284 0.167358  0.106358
4200 0.318942 0.52313  0.157929
9294 0.315087 0.40513  0.279783
3931 0.812913 0.154581  0.0325063
806 0.184398 0.747916  0.0676853
8494 0.0617262 0.11397  0.824304
9884 0.407688 0.168647  0.423665
8043 0.340375 0.263777  0.395848
2949 0.544932 0.421826  0.0332419
9347 0.0709779 0.480161  0.448861
298 0.417106 0.239752  0.343142
6775 0.466961 0.19565  0.337389
8674 0.122545 0.598379  0.279076
5616 0.118899 0.470473  0.410628
4524 0.0960885 0.737866  0.166045
6872 0.0677588 0.521944  0.410297
3597 0.0833157 0.477703  0.438981
8058 0.123424 0.466856  0.40972
8496 0.321835 0.346317  0.331848
4986 0.363325 0.335775  0.3009
2672 0.204648 0.362733  0.432619
2737 0.366915 0.430838  0.202248
6878 0.532471 0.320153  0.147377
8681 0.138638 0.655247  0.206115
2066 0.695676 0.0594052  0.244918
1919 0.320504 0.162336  0.517159
2839 0.0297581 0.821573  0.148669
2987 0.586614 0.06401  0.349376
6880 0.271708 0.38525  0.343042
3226 0.377437 0.330051  0.292512
1226 0.521991 0.327173  0.150836
6685 0.0840979 0.02633  0.889572
2848 0.211415 0.525269  0.263316
2108 0.445387 0.0949779  0.459636
7201 0.329142 0.117659  0.553199
7817 0.0722358 0.237389  0.690375
163 0.517496 0.387356  0.0951478
3017 0.528947 0.10782  0.363233
9845 0.125425 0.442548  0.432028
614 0.147992 0.11217  0.739838
210 0.33119 0.259585  0.409226
3442 0.398601 0.238001  0.363398
8638 0.180348 0.077563  0.742089
1771 0.45518 0.1856  0.35922
2797 0.512807 0.0904569  0.396736
8154 0.517618 0.168041  0.314341
9359 0.426396 0.174993  0.398611
9774 0.476018 0.202579  0.321403
1038 0.578072 0.229735  0.192193
4495 0.456463 0.264624  0.278913
8333 0.0962639 0.45208  0.451656
5439 0.607444 0.239819  0.152737
10018 0.521038 0.389448  0.0895136
4165 0.332281 0.584805  0.0829137
7662 0.0527987 0.325619  0.621582
8001 0.269189 0.531384  0.199428
6329 0.652134 0.0894447  0.258421
2350 0.020789 0.315837  0.663374
2252 0.145354 0.43981  0.414836
1479 0.266631 0.492861  0.240508
9116 0.208575 0.161761  0.629664
2007 0.320667 0.289863  0.38947
8395 0.584425 0.115999  0.299576
3770 0.356711 0.15315  0.490139
2944 0.127423 0.535874  0.336704
2795 0.454615 0.162274  0.383111
2910 0.477993 0.19613  0.325876
8395 0.257767 0.240828  0.501405
260 0.100833 0.069155  0.830012
694 0.28389 0.588728  0.127382
2384 0.189577 0.12722  0.683204
7021 0.325431 0.310475  0.364094
5617 0.305544 0.348559  0.345897
5587 0.455462 0.152114  0.392424
2038 0.0959709 0.451912  0.452117
8364 0.348642 0.307939  0.343419
7608 0.293039 0.360721  0.34624
6934 0.364541 0.138156  0.497303
975 0.683418 0.0859175  0.230665
1382 0.572361 0.0473366  0.380303
5534 0.292477 0.080703  0.62682
2659 0.303837 0.361091  0.335071
578 0.282166 0.0268782  0.690956
2919 0.80479 0.0850214  0.110188
160 0.542377 0.391332  0.0662913
4549 0.215644 0.358635  0.425721
866 0.480606 0.41619  0.103204
1238 0.4051 0.40411  0.19079
652 0.0602409 0.569616  0.370143
6477 0.440367 0.0276001  0.532033
7327 0.539809 0.169334  0.290857
6681 0.248508 0.419269  0.332222
619 0.295826 0.510883  0.193292
9542 0.210071 0.11574  0.674189
4398 0.367521 0.354737  0.277741
2702 0.254448 0.42868  0.316872
6604 0.802019 0.117436  0.0805453
5884 0.0411019 0.805223  0.153675
6769 0.226905 0.366756  0.406339
9797 0.285022 0.4487  0.266278
9539 0.48099 0.327358  0.191652
3568 0.414212 0.186872  0.398916
2383 0.0870208 0.199476  0.713503
5534 0.00922597 0.501882  0.488892
1637 0.351558 0.314482  0.333961
5270 0.33582 0.463745  0.200435
179 0.434722 0.325528  0.239749
7459 0.0918537 0.445135  0.463011
3965 0.136714 0.562266  0.30102
4443 0.193201 0.706661  0.100138
9914 0.276117 0.475793  0.248089
2908 0.39695 0.33819  0.26486
8827 0.426736 0.174368  0.398896
1693 0.376689 0.548166  0.0751453
6972 0.377865 0.114478  0.507657
6178 0.322125 0.362116  0.315758
1339 0.0641796 0.6725  0.263321
4997 0.0751763 0.75512  0.169704
4495 0.117522 0.511215  0.371263
1978 0.664991 0.135836  0.199173
9844 0.831268 0.129993  0.038739
2017 0.118236 0.454823  0.426942
2033 0.51873 0.0842499  0.39702
3448 0.3754 0.40621  0.21839
8889 0.0437324 0.734178  0.222089
7356 0.378762 0.378041  0.243197
9369 0.437025 0.494338  0.0686371
10078 0.312655 0.40396  0.283385
4264 0.378434 0.271653  0.349913
1751 0.148339 0.44999  0.401671
2442 0.123844 0.692851  0.183305
8804 0.573468 0.209724  0.216808
9969 0.196916 0.452467  0.350617
8534 0.471772 0.284899  0.24333
8023 0.45439 0.384116  0.161494
1962 0.181496 0.778821  0.0396825
4514 0.347643 0.19582  0.456537
1331 0.27775 0.415771  0.306479
6957 0.744742 0.222438  0.0328192
2674 0.409983 0.166084  0.423932
34 0.0697397 0.694642  0.235619
9150 0.205837 0.720244  0.0739185
1988 0.256066 0.372938  0.370997
6117 0.32178 0.418934  0.259286
2138 0.169377 0.48548  0.345144
5803 0.220545 0.687253  0.0922015
9091 0.548354 0.149415  0.30223
3669 0.0519018 0.445322  0.502776
6705 0.388892 0.508947  0.102162
4254 0.13484 0.823896  0.0412639
5116 0.514672 0.107893  0.377435
7490 0.558041 0.157678  0.284281
2123 0.340431 0.318516  0.341053
341 0.295912 0.577243  0.126844
2244 0.23032 0.22554  0.54414
9058 0.342572 0.117672  0.539755
6656 0.696006 0.0192998  0.284695
6780 0.317372 0.352988  0.32964
4745 0.396914 0.267111  0.335975
1248 0.344496 0.319711  0.335794
8578 0.714715 0.165388  0.119897
817 0.287817 0.296611  0.415572
4515 0.466744 0.364134  0.169122
1913 0.0826154 0.257531  0.659853
1739 0.473931 0.477018  0.0490512
2868 0.749166 0.0207685  0.230066
2386 0.290933 0.384231  0.324836
5518 0.324657 0.389906  0.285437
6964 0.323295 0.371921  0.304784
9311 0.145878 0.327903  0.526219
1538 0.312329 0.65771  0.0299616
8433 0.250394 0.52515  0.224456
893 0.541633 0.365549  0.0928183
2111 0.229748 0.300645  0.469607
3521 0.367324 0.6217  0.0109756
10160 0.494245 0.0552988  0.450456
9086 0.177444 0.395383  0.427174
2919 0.50386 0.457001  0.0391384
4795 0.357964 0.219088  0.422949
4625 0.482128 0.363851  0.154021
7997 0.25577 0.655771  0.08846
7146 0.0482723 0.499983  0.451745
2459 0.490319 0.0193098  0.490371
7512 0.209513 0.734149  0.0563372
4532 0.252932 0.656806  0.0902626
2860 0.339161 0.332535  0.328304
6463 0.129036 0.325741  0.545223
7656 0.322463 0.2615  0.416037
6654 0.786785 0.11672  0.0964945
7033 0.211531 0.633337  0.155132
9349 0.24846 0.67871  0.07283
9753 0.0466957 0.208914  0.74439
4133 0.141064 0.267306  0.59163
936 0.201105 0.399049  0.399846
7559 0.562224 0.0902588  0.347518
3978 0.698944 0.0738401  0.227216
4544 0.0480428 0.297545  0.654412
5265 0.308399 0.480084  0.211517
436 0.353765 0.241413  0.404821
6713 0.359425 0.353932  0.286643
9915 0.408839 0.0337104  0.55745
8371 0.258032 0.543836  0.198132
4381 0.0756417 0.577008  0.347351
4164 0.636395 0.055094  0.308511
2190 0.330554 0.359198  0.310248
7169 0.392356 0.158472  0.449172
3280 0.190861 0.437716  0.371424
872 0.638708 0.137974  0.223318
7279 0.356564 0.339399  0.304036
2701 0.491576 0.370715  0.137709
9791 0.151092 0.447889  0.401018
4182 0.242334 0.433955  0.323711
8416 0.493776 0.418682  0.0875416
709 0.359268 0.0889221  0.55181
2461 0.20273 0.277366  0.519904
2534 0.469646 0.451964  0.0783904
4008 0.360894 0.0537189  0.585387
9228 0.344909 0.443819  0.211272
8526 0.506277 0.122923  0.370799
220 0.404371 0.26703  0.328599
3342 0.523946 0.252607  0.223446
2059 0.0662079 0.293009  0.640783
9787 0.610265 0.209915  0.17982
2815 0.394559 0.540353  0.0650878
2741 0.349668 0.330494  0.319838
4878 0.223269 0.257906  0.518826
10018 0.450068 0.456156  0.0937761
5923 0.375851 0.316598  0.307551
879 0.397298 0.475669  0.127033
10135 0.343433 0.252303  0.404265
7648 0.414408 0.522716  0.0628766
5479 0.202562 0.0674053  0.730033
7354 0.215095 0.702033  0.0828723
9654 0.177232 0.568011  0.254758
7703 0.501378 0.323107  0.175516
7327 0.584939 0.146695  0.268365
3115 0.053363 0.437216  0.509421
5998 0.260343 0.400279  0.339378
5028 0.4998 0.186368  0.313831
8431 0.33324 0.291982  0.374779
2023 0.411711 0.266009  0.32228
3129 0.257926 0.311471  0.430603
9683 0.412927 0.0173264  0.569747
2778 0.53927 0.17666  0.28407
5452 0.453762 0.238665  0.307573
5065 0.128582 0.359943  0.511474
9185 0.0985197 0.26383  0.637651
2314 0.653707 0.0624091  0.283884
1020 0.276579 0.253874  0.469547
4194 0.487898 0.0131592  0.498943
1486 0.383116 0.314427  0.302457
3232 0.410151 0.180208  0.409641
