464 0.365737 0.391886  0.242378
3603 0.345872 0.296482  0.357646
7458 0.292947 0.440028  0.267025
5195 0.238154 0.231203  0.530643
4325 0.52265 0.0146631  0.462687
7512 0.437942 0.215381  0.346676
8351 0.488005 0.430574  0.0814214
2877 0.154618 0.336297  0.509085
6717 0.290109 0.425713  0.284178
7306 0.0149733 0.079201  0.905826
58 0.368461 0.479773  0.151766
1989 0.020133 0.357268  0.622599
4565 0.355738 0.348959  0.295302
4559 0.180817 0.38778  0.431403
8326 0.314438 0.385042  0.30052
1515 0.535503 0.173866  0.29063
2574 0.638726 0.132998  0.228276
7523 0.689357 0.115987  0.194656
4457 0.312256 0.336104  0.35164
1120 0.057708 0.444257  0.498035
392 0.0770941 0.516248  0.406658
6780 0.0233874 0.570202  0.406411
8384 0.329842 0.59731  0.0728484
7481 0.210769 0.192312  0.596919
4878 0.372582 0.258911  0.368507
720 0.323496 0.0489191  0.627585
4762 0.391083 0.41196  0.196957
227 0.35733 0.289012  0.353658
1591 0.265868 0.380803  0.353329
1385 0.51125 0.411028  0.0777227
7766 0.248451 0.516625  0.234924
1986 0.386662 0.0145464  0.598791
2955 0.28524 0.446503  0.268257
282 0.27509 0.460078  0.264832
1794 0.46186 0.125875  0.412265
830 0.335933 0.175824  0.488243
4528 0.384643 0.28857  0.326787
4580 0.450441 0.17003  0.379529
6449 0.209681 0.36782  0.422499
4693 0.473121 0.107914  0.418964
8394 0.324893 0.349183  0.325924
7512 0.0940634 0.0162955  0.889641
1374 0.675686 0.141423  0.182891
7119 0.370253 0.221047  0.408701
4785 0.772704 0.0243799  0.202916
1613 0.329749 0.264081  0.406171
3995 0.172464 0.401951  0.425585
5147 0.194376 0.3895  0.416124
1581 0.735431 0.205041  0.059528
4415 0.487809 0.252251  0.25994
7309 0.18512 0.691822  0.123058
6880 0.307727 0.504863  0.18741
8507 0.486333 0.254587  0.259081
8342 0.596112 0.30688  0.0970079
4894 0.214193 0.56037  0.225437
7764 0.343633 0.49747  0.158897
5922 0.399417 0.168541  0.432043
7745 0.237641 0.245232  0.517127
3802 0.567721 0.408011  0.0242676
4649 0.0157276 0.381884  0.602389
4410 0.324689 0.313524  0.361787
6347 0.471806 0.414942  0.113252
4723 0.132749 0.321348  0.545903
6410 0.358531 0.368947  0.272522
7391 0.250441 0.419904  0.329655
6598 0.434921 0.286294  0.278785
2457 0.184192 0.449049  0.366758
7070 0.703408 0.0787448  0.217848
7516 0.511814 0.147425  0.34076
6522 0.0117705 0.844066  0.144164
5121 0.204718 0.162871  0.632411
7524 0.257565 0.0830378  0.659397
4126 0.101651 0.543934  0.354414
3623 0.528131 0.428062  0.0438068
4611 0.0383972 0.47834  0.483263
7850 0.222149 0.156091  0.62176
52 0.512324 0.0680086  0.419668
8331 0.453405 0.454131  0.0924645
4459 0.463437 0.332881  0.203682
7035 0.249477 0.517765  0.232758
7512 0.265752 0.362324  0.371924
4642 0.365601 0.30329  0.331109
6574 0.559308 0.0997526  0.340939
136 0.386894 0.393559  0.219546
968 0.115331 0.662785  0.221884
1458 0.534171 0.244843  0.220987
1612 0.598881 0.253408  0.147712
7645 0.239348 0.471458  0.289193
4717 0.289558 0.478184  0.232259
4745 0.304546 0.371484  0.32397
1721 0.796121 0.0514469  0.152432
4935 0.585821 0.378146  0.0360336
86 0.412307 0.350481  0.237211
4670 0.339108 0.350778  0.310114
7703 0.292564 0.559856  0.14758
7461 0.419421 0.274119  0.30646
803 0.577948 0.128991  0.293061
7853 0.313267 0.345033  0.341701
3041 0.430575 0.324448  0.244977
4725 0.423058 0.358525  0.218417
7949 0.381441 0.529865  0.0886934
7962 0.315674 0.402941  0.281385
7267 0.0126834 0.364745  0.622572
3430 0.266457 0.573657  0.159887
1306 0.225565 0.710324  0.0641112
1405 0.281783 0.239647  0.47857
6777 0.627804 0.243521  0.128675
4906 0.233435 0.708578  0.0579876
1306 0.52941 0.454479  0.0161118
7664 0.038299 0.548143  0.413558
4588 0.239707 0.538415  0.221879
7795 0.497947 0.058462  0.443591
7765 0.635832 0.0183517  0.345816
3232 0.139513 0.822807  0.0376798
195 0.469123 0.0964209  0.434456
6193 0.160477 0.389588  0.449934
4646 0.156427 0.637976  0.205597
1474 0.47034 0.176026  0.353634
2471 0.467463 0.378944  0.153594
4948 0.477538 0.452546  0.0699158
8274 0.0692298 0.279039  0.651731
4785 0.691134 0.274575  0.034291
7762 0.050852 0.687318  0.26183
1570 0.371456 0.614067  0.0144766
7458 0.22674 0.0168035  0.756456
4771 0.244926 0.298004  0.45707
4905 0.396583 0.341253  0.262164
3510 0.624198 0.100431  0.275371
3214 0.294504 0.366041  0.339456
1485 0.245776 0.576231  0.177993
3996 0.0925007 0.124592  0.782907
7263 0.278028 0.561801  0.160172
4848 0.41577 0.243287  0.340942
6837 0.19501 0.39922  0.405771
882 0.285155 0.356593  0.358253
7239 0.502492 0.242779  0.25473
1554 0.0417268 0.866035  0.0922378
1853 0.342887 0.316985  0.340127
6136 0.365102 0.030025  0.604873
4208 0.047765 0.633875  0.318359
3924 0.243 0.406249  0.350751
7978 0.100027 0.217027  0.682946
1770 0.52962 0.157448  0.312932
3675 0.624803 0.180463  0.194734
6029 0.292847 0.112529  0.594624
1551 0.346935 0.318577  0.334487
6499 0.282598 0.370275  0.347128
6859 0.803381 0.159129  0.0374908
7292 0.240944 0.462035  0.297021
4014 0.655627 0.215293  0.12908
2139 0.297821 0.332525  0.369655
4733 0.57357 0.389057  0.0373739
4971 0.484522 0.479327  0.0361512
7043 0.441564 0.277089  0.281347
6861 0.294429 0.436329  0.269242
7068 0.129727 0.462045  0.408228
7522 0.0610081 0.581545  0.357447
7491 0.203794 0.344625  0.451581
6545 0.512704 0.430053  0.0572432
3169 0.324594 0.116866  0.55854
3569 0.00972997 0.616007  0.374263
612 0.328109 0.407869  0.264022
1522 0.357673 0.505522  0.136805
8362 0.323534 0.53374  0.142726
1021 0.109283 0.33025  0.560467
3926 0.335544 0.301527  0.362929
7453 0.46334 0.502045  0.0346151
7039 0.400405 0.273089  0.326507
789 0.44548 0.380184  0.174335
7320 0.379364 0.493422  0.127214
6341 0.390255 0.198817  0.410928
4585 0.428098 0.148969  0.422933
732 0.102248 0.469689  0.428064
3136 0.34333 0.414739  0.241931
6067 0.496226 0.401341  0.102433
4728 0.136212 0.0877902  0.775998
8258 0.231682 0.376091  0.392227
6913 0.296405 0.416699  0.286896
6572 0.0645862 0.678591  0.256823
6990 0.0974444 0.578938  0.323618
1520 0.686484 0.0814898  0.232026
8334 0.66022 0.0935417  0.246238
4750 0.343767 0.333061  0.323172
3678 0.399686 0.506283  0.094031
4029 0.627346 0.0372068  0.335447
4465 0.322421 0.0787963  0.598782
248 0.200407 0.232618  0.566974
5790 0.406595 0.331641  0.261764
7501 0.444866 0.119523  0.435611
7523 0.361262 0.11824  0.520498
2315 0.128171 0.224144  0.647685
7516 0.528512 0.0776479  0.39384
4648 0.251508 0.364508  0.383984
7455 0.28666 0.23009  0.48325
4956 0.585502 0.289124  0.125374
5098 0.386402 0.229526  0.384071
3580 0.651618 0.0457215  0.302661
7812 0.389329 0.107746  0.502924
6053 0.53286 0.0851499  0.38199
3939 0.120327 0.165756  0.713916
7375 0.188285 0.326049  0.485666
6202 0.374922 0.381179  0.243899
6899 0.438785 0.350312  0.210903
1452 0.482441 0.252644  0.264915
3970 0.293052 0.415061  0.291888
5057 0.551496 0.232888  0.215616
6945 0.601928 0.256104  0.141967
4499 0.310837 0.406387  0.282776
150 0.25279 0.375564  0.371646
3537 0.40048 0.513139  0.0863809
6338 0.169394 0.152806  0.6778
461 0.423013 0.478746  0.0982407
7255 0.083051 0.34665  0.570299
1418 0.28235 0.374169  0.343481
1525 0.28693 0.200785  0.512286
284 0.0337967 0.444055  0.522148
6109 0.21149 0.605226  0.183284
4510 0.267827 0.372812  0.359361
158 0.486854 0.0574458  0.4557
1865 0.523666 0.43764  0.0386947
1600 0.275038 0.3748  0.350162
4951 0.282818 0.331384  0.385799
4025 0.49981 0.400959  0.0992307
3547 0.595845 0.36573  0.0384248
3059 0.286394 0.151412  0.562194
4586 0.428976 0.144704  0.42632
5929 0.186974 0.22809  0.584935
5393 0.206131 0.671698  0.122171
7845 0.29425 0.294308  0.411442
6926 0.300675 0.389117  0.310207
2468 0.106511 0.546678  0.346811
6525 0.43411 0.193336  0.372554
4640 0.371514 0.240017  0.388469
4589 0.320568 0.480208  0.199224
966 0.285741 0.233938  0.480321
6497 0.501404 0.22197  0.276625
7454 0.185863 0.164525  0.649612
2683 0.239093 0.387501  0.373406
1738 0.478439 0.312033  0.209527
7763 0.460401 0.483917  0.0556827
959 0.325244 0.504149  0.170607
476 0.273432 0.383818  0.34275
6920 0.323587 0.557439  0.118975
306 0.366036 0.398268  0.235696
7661 0.644005 0.235656  0.120339
4031 0.616463 0.0852898  0.298247
6454 0.316948 0.280592  0.40246
1557 0.204005 0.483028  0.312966
7219 0.149754 0.445989  0.404256
6337 0.316234 0.556499  0.127267
5883 0.523318 0.401261  0.0754206
3678 0.407906 0.164016  0.428079
5081 0.151544 0.713  0.135455
7368 0.14509 0.212289  0.642621
4716 0.113534 0.542093  0.344373
3425 0.11096 0.473677  0.415363
2125 0.425354 0.405476  0.169169
7518 0.363579 0.215341  0.42108
3573 0.446006 0.192898  0.361096
6698 0.15323 0.145136  0.701634
4739 0.120894 0.281739  0.597366
5392 0.0769639 0.420414  0.502622
1548 0.433609 0.3566  0.20979
1573 0.0869004 0.546417  0.366682
669 0.363375 0.533822  0.102803
7523 0.479389 0.309314  0.211297
733 0.576951 0.273424  0.149626
4252 0.0956975 0.207492  0.696811
4032 0.322045 0.32133  0.356625
6700 0.0745065 0.172631  0.752862
2954 0.441805 0.111806  0.446389
7506 0.0479713 0.266084  0.685945
4159 0.482471 0.330057  0.187472
3655 0.13341 0.304569  0.562021
3542 0.147278 0.349953  0.502769
4759 0.110481 0.865339  0.0241797
4052 0.186993 0.27199  0.541016
7323 0.284993 0.319163  0.395845
7717 0.198014 0.493219  0.308768
2230 0.648818 0.272274  0.0789074
7593 0.388696 0.221019  0.390285
3760 0.233674 0.380068  0.386259
3629 0.541516 0.10893  0.349554
4773 0.13932 0.637193  0.223487
556 0.295274 0.43099  0.273736
6342 0.337594 0.317622  0.344783
8258 0.391019 0.393531  0.21545
2568 0.225322 0.404989  0.369688
5362 0.108146 0.788717  0.103137
4608 0.200896 0.31433  0.484774
1526 0.0319818 0.280531  0.687487
5728 0.374142 0.227434  0.398423
2969 0.129373 0.821089  0.0495381
399 0.0804865 0.477637  0.441876
5162 0.219846 0.469679  0.310475
6242 0.538377 0.144372  0.317251
3753 0.728018 0.257703  0.0142791
1043 0.435584 0.455962  0.108454
7464 0.0420962 0.612959  0.344945
7396 0.290922 0.251689  0.457389
7777 0.601118 0.0392773  0.359605
6885 0.50638 0.409105  0.0845148
4909 0.442554 0.37877  0.178675
4787 0.235412 0.491795  0.272793
6720 0.494656 0.44975  0.055594
454 0.745348 0.14603  0.108622
7430 0.450696 0.358919  0.190384
7804 0.110984 0.446264  0.442752
6372 0.509757 0.399417  0.0908268
4477 0.29492 0.543916  0.161164
4998 0.265966 0.15491  0.579124
7736 0.296707 0.352736  0.350557
7054 0.673522 0.17169  0.154788
1408 0.357678 0.533801  0.108521
6728 0.373801 0.435285  0.190914
2522 0.405201 0.472301  0.122499
4586 0.284366 0.347735  0.3679
6389 0.330857 0.20473  0.464413
7300 0.149372 0.431373  0.419255
5025 0.24573 0.140715  0.613556
2432 0.498551 0.121676  0.379773
1516 0.264249 0.421209  0.314542
1739 0.548932 0.290479  0.160588
3622 0.462033 0.327431  0.210536
7316 0.0956536 0.209949  0.694398
4982 0.372177 0.258666  0.369158
1537 0.460558 0.406768  0.132674
8301 0.279704 0.66605  0.0542458
4970 0.794167 0.078646  0.127187
8376 0.220384 0.0624558  0.71716
2466 0.406163 0.0362591  0.557578
1599 0.360701 0.300708  0.338591
2857 0.0729668 0.439153  0.487881
6140 0.0199872 0.353627  0.626386
7057 0.0162906 0.577672  0.406037
7347 0.551659 0.286981  0.161359
3979 0.548525 0.323484  0.127991
7221 0.746205 0.199953  0.053842
5158 0.594041 0.341329  0.0646295
5700 0.282705 0.315267  0.402028
4778 0.117671 0.421498  0.460831
4189 0.38798 0.0776177  0.534402
3656 0.154009 0.338485  0.507506
3577 0.232966 0.380726  0.386309
4935 0.40327 0.471227  0.125503
4977 0.0479835 0.643689  0.308327
4784 0.384404 0.0314372  0.584158
2947 0.063135 0.466371  0.470494
4408 0.346993 0.402688  0.250319
761 0.217669 0.39502  0.387311
5001 0.435846 0.391903  0.172251
104 0.511629 0.448251  0.0401196
3354 0.404735 0.246325  0.34894
7325 0.51251 0.148931  0.338559
6456 0.649232 0.170809  0.179959
4066 0.542762 0.198426  0.258812
7662 0.317393 0.394583  0.288024
751 0.351536 0.139693  0.508772
6015 0.230096 0.151969  0.617935
7636 0.510433 0.34291  0.146657
2565 0.176536 0.219008  0.604456
3382 0.232862 0.417122  0.350016
4773 0.631788 0.0219762  0.346235
4929 0.5439 0.270563  0.185537
7375 0.236671 0.360849  0.40248
6565 0.151869 0.369101  0.47903
4716 0.379457 0.427921  0.192622
4808 0.479763 0.365553  0.154685
7330 0.263047 0.267998  0.468955
1723 0.0658695 0.783984  0.150146
4801 0.500054 0.412229  0.087717
1783 0.451108 0.413681  0.135211
6323 0.508273 0.241238  0.25049
3694 0.632975 0.326166  0.0408594
4027 0.577526 0.11069  0.311784
3795 0.169042 0.274517  0.556441
5394 0.199512 0.0926255  0.707863
3534 0.561633 0.257229  0.181138
1885 0.235457 0.384816  0.379727
7441 0.535884 0.279916  0.184199
773 0.227361 0.600347  0.172292
1264 0.14305 0.176266  0.680683
1497 0.282016 0.25993  0.458054
7171 0.356952 0.270646  0.372402
346 0.817762 0.0273471  0.154891
4577 0.0452654 0.575548  0.379187
7740 0.281894 0.360211  0.357895
1790 0.296347 0.377917  0.325736
3097 0.336071 0.302372  0.361557
8416 0.35606 0.370394  0.273546
7507 0.672978 0.154221  0.172801
6326 0.348523 0.423983  0.227494
8334 0.0632973 0.224213  0.712489
1090 0.700677 0.219974  0.0793494
1099 0.112841 0.369825  0.517334
1971 0.280366 0.290435  0.429199
4450 0.0581808 0.326476  0.615343
2987 0.357873 0.625365  0.0167625
493 0.264638 0.327482  0.40788
6751 0.423814 0.377161  0.199025
4905 0.0204976 0.558158  0.421345
2864 0.471072 0.181034  0.347894
7923 0.0497039 0.430482  0.519814
6810 0.413319 0.268129  0.318552
7319 0.283616 0.293271  0.423113
5120 0.171082 0.483268  0.34565
2665 0.150127 0.122271  0.727602
7832 0.178748 0.506348  0.314904
1756 0.219517 0.264875  0.515608
4026 0.739894 0.168853  0.0912535
7713 0.0950066 0.396478  0.508515
445 0.432883 0.378437  0.188681
7764 0.325784 0.159158  0.515057
4136 0.294207 0.390621  0.315172
4412 0.415736 0.346711  0.237554
194 0.335873 0.151949  0.512178
5779 0.400042 0.296612  0.303346
4890 0.335347 0.192872  0.471781
7564 0.165207 0.316328  0.518464
3804 0.75745 0.136657  0.105893
4604 0.191132 0.420251  0.388617
5339 0.689483 0.205529  0.104988
3655 0.42996 0.365088  0.204951
2581 0.701669 0.0474151  0.250916
1523 0.210096 0.471383  0.31852
107 0.530526 0.101312  0.368162
4605 0.184435 0.418479  0.397086
7719 0.597069 0.142996  0.259934
648 0.416449 0.437464  0.146087
1529 0.17254 0.489029  0.338431
1402 0.23506 0.40254  0.3624
7968 0.115274 0.421735  0.462991
7527 0.516505 0.461991  0.0215037
4905 0.173053 0.176232  0.650715
3166 0.0986362 0.604314  0.29705
649 0.407439 0.390818  0.201743
1532 0.198127 0.501221  0.300652
4769 0.258362 0.250223  0.491414
6506 0.0602548 0.442928  0.496817
2542 0.408 0.343133  0.248867
3651 0.291147 0.308596  0.400257
4629 0.623046 0.329797  0.0471567
309 0.0179669 0.40903  0.573003
693 0.577297 0.0324386  0.390264
4559 0.289944 0.282868  0.427188
315 0.198591 0.102901  0.698508
1103 0.212073 0.33892  0.449006
8339 0.284945 0.440073  0.274981
8064 0.416559 0.382233  0.201208
3693 0.188204 0.444427  0.367369
2369 0.367679 0.112957  0.519364
7220 0.0311814 0.317535  0.651283
4479 0.190466 0.290426  0.519108
4457 0.31949 0.0715415  0.608969
1537 0.580991 0.115238  0.303771
4603 0.103011 0.450981  0.446008
7459 0.359087 0.32968  0.311233
3931 0.0950986 0.374683  0.530219
6864 0.144188 0.454376  0.401436
435 0.37426 0.23203  0.39371
6836 0.427312 0.154639  0.41805
7837 0.495191 0.0678452  0.436964
6733 0.267843 0.526415  0.205742
4486 0.783181 0.0293054  0.187513
5933 0.316144 0.0949509  0.588905
4733 0.204137 0.387105  0.408759
406 0.266033 0.537106  0.196861
742 0.554733 0.259894  0.185373
4589 0.426173 0.445452  0.128374
6890 0.732862 0.0169001  0.250238
4022 0.186628 0.399981  0.413391
1451 0.374415 0.217625  0.40796
4852 0.355036 0.291356  0.353607
2274 0.433937 0.233463  0.3326
2333 0.448326 0.140629  0.411046
4598 0.250454 0.252555  0.496992
255 0.378675 0.536613  0.0847124
618 0.278164 0.208797  0.513039
5959 0.357528 0.626857  0.0156154
3533 0.307702 0.219108  0.47319
2887 0.155451 0.0735767  0.770973
762 0.276172 0.383801  0.340027
8266 0.296554 0.135998  0.567448
1457 0.314042 0.549601  0.136357
4719 0.412161 0.185022  0.402817
3413 0.300166 0.44844  0.251394
6948 0.291001 0.296069  0.41293
3996 0.306061 0.390587  0.303351
4689 0.349312 0.320258  0.33043
6187 0.30427 0.21473  0.481
6623 0.267277 0.496691  0.236031
1109 0.356148 0.140898  0.502955
1657 0.434381 0.327202  0.238416
1111 0.410005 0.214458  0.375537
7430 0.0556966 0.512758  0.431545
4904 0.3837 0.238011  0.378289
669 0.0145705 0.564916  0.420513
6918 0.201602 0.40309  0.395308
4053 0.51063 0.0593916  0.429979
224 0.052622 0.350901  0.596477
4902 0.227423 0.444663  0.327914
4704 0.469807 0.39943  0.130763
5561 0.236718 0.414373  0.348909
3029 0.192504 0.318193  0.489303
5714 0.345065 0.28543  0.369505
4980 0.497706 0.143971  0.358322
774 0.38123 0.406238  0.212531
4435 0.318286 0.240766  0.440947
6550 0.394123 0.555377  0.0504999
5403 0.55343 0.139641  0.306929
7345 0.20352 0.513736  0.282744
3998 0.570931 0.213706  0.215363
1438 0.0497272 0.921009  0.0292637
3467 0.583954 0.211623  0.204423
1307 0.360403 0.359203  0.280394
743 0.407859 0.180344  0.411798
903 0.0463497 0.604427  0.349223
7507 0.163174 0.563916  0.27291
5457 0.495126 0.0505665  0.454307
5081 0.373336 0.127352  0.499312
6669 0.0261614 0.265554  0.708284
7250 0.289734 0.366558  0.343708
4589 0.562088 0.11028  0.327632
7561 0.26024 0.399342  0.340418
6134 0.336254 0.51496  0.148786
4925 0.0639602 0.184019  0.752021
1889 0.269592 0.486766  0.243642
8360 0.460254 0.525117  0.0146297
4600 0.230801 0.415276  0.353923
3613 0.428347 0.243569  0.328084
249 0.420644 0.0245334  0.554822
6835 0.198884 0.374316  0.4268
3606 0.0467575 0.451483  0.50176
7436 0.409058 0.310673  0.280269
3592 0.386871 0.59801  0.0151191
4676 0.356275 0.465042  0.178683
4716 0.522528 0.450154  0.0273177
7525 0.17504 0.402579  0.422381
7413 0.291011 0.552085  0.156904
831 0.411433 0.314705  0.273862
8054 0.169288 0.525586  0.305126
3108 0.53815 0.294427  0.167423
4971 0.539648 0.381328  0.0790239
4648 0.429448 0.220475  0.350077
1427 0.419928 0.156337  0.423735
1512 0.214814 0.124711  0.660475
7072 0.505741 0.113004  0.381256
4650 0.396923 0.109642  0.493435
4646 0.398966 0.176049  0.424985
6561 0.222092 0.364645  0.413262
1574 0.17048 0.356438  0.473082
4773 0.268336 0.337055  0.394609
1434 0.227304 0.731615  0.0410813
1941 0.272398 0.429634  0.297968
1068 0.312288 0.310146  0.377566
6459 0.605391 0.281136  0.113473
6983 0.277962 0.470068  0.25197
5835 0.432686 0.0766446  0.49067
3011 0.297874 0.362351  0.339775
122 0.258494 0.488461  0.253044
658 0.390854 0.425594  0.183552
282 0.144223 0.728668  0.127108
8347 0.230819 0.294431  0.47475
53 0.420282 0.229025  0.350693
4431 0.705994 0.0628652  0.23114
8312 0.540928 0.132669  0.326403
5258 0.428085 0.473993  0.0979214
299 0.0481247 0.0980495  0.853826
7716 0.758723 0.0271439  0.214133
3650 0.250665 0.700264  0.0490708
2639 0.0307704 0.479495  0.489734
7461 0.241775 0.408137  0.350089
4025 0.0459032 0.715658  0.238438
3689 0.411421 0.441452  0.147127
7670 0.138712 0.822762  0.0385255
1726 0.879201 0.0990115  0.0217878
5586 0.168062 0.169699  0.662239
5443 0.42591 0.550139  0.0239503
4986 0.397472 0.314116  0.288412
7134 0.55188 0.185422  0.262697
4923 0.0789675 0.0628902  0.858142
6667 0.139622 0.287165  0.573213
4650 0.613795 0.359175  0.0270297
5368 0.379291 0.353041  0.267668
851 0.257933 0.363463  0.378604
4486 0.410466 0.112379  0.477155
7171 0.161071 0.13892  0.700008
6956 0.555836 0.423829  0.0203351
1325 0.476514 0.484294  0.0391913
5356 0.141215 0.405659  0.453126
6603 0.306575 0.566965  0.12646
7335 0.584588 0.311006  0.104406
7405 0.299541 0.436041  0.264418
5853 0.477941 0.129546  0.392513
3677 0.506557 0.407471  0.0859722
6615 0.319029 0.413473  0.267498
8264 0.372647 0.280045  0.347308
4760 0.658355 0.0551648  0.28648
6192 0.136908 0.149869  0.713223
7746 0.198958 0.153297  0.647745
1865 0.48252 0.148994  0.368486
1917 0.201618 0.115954  0.682428
4461 0.640303 0.110578  0.249119
4908 0.489375 0.184775  0.32585
5872 0.374619 0.1191  0.506281
641 0.235683 0.461495  0.302823
4675 0.262152 0.386582  0.351266
5944 0.249882 0.323445  0.426673
4923 0.262433 0.617978  0.119588
7473 0.268342 0.303535  0.428124
6944 0.313952 0.463896  0.222151
1785 0.327324 0.22334  0.449336
6449 0.16684 0.016249  0.816911
3583 0.24818 0.362284  0.389535
466 0.204321 0.409972  0.385707
6354 0.276276 0.458736  0.264988
4590 0.60908 0.328632  0.0622876
593 0.302861 0.391323  0.305816
1574 0.586726 0.237962  0.175312
4231 0.252408 0.43519  0.312402
3649 0.07368 0.332032  0.594288
7431 0.242813 0.614193  0.142995
4533 0.0372127 0.815438  0.147349
6910 0.372954 0.541625  0.0854212
1524 0.662326 0.287344  0.0503294
2160 0.491372 0.34576  0.162868
771 0.289539 0.267299  0.443162
3289 0.380999 0.374654  0.244347
4607 0.20135 0.427629  0.371021
7282 0.241201 0.458272  0.300526
4906 0.139506 0.0481332  0.812361
835 0.146982 0.581038  0.27198
2779 0.229383 0.366421  0.404195
1537 0.429686 0.144862  0.425452
4549 0.41475 0.363957  0.221293
7458 0.524644 0.121343  0.354013
1527 0.211515 0.377207  0.411278
8337 0.266948 0.263945  0.469107
4980 0.53796 0.32144  0.1406
7038 0.332256 0.261149  0.406594
2253 0.393473 0.246964  0.359564
4491 0.212371 0.410148  0.377481
6720 0.052706 0.730681  0.216613
1517 0.734707 0.113869  0.151424
4598 0.502261 0.146873  0.350865
7243 0.33619 0.29364  0.37017
5731 0.351595 0.0112828  0.637122
1741 0.129446 0.417313  0.453241
4150 0.40231 0.204774  0.392916
3050 0.286344 0.290739  0.422917
4711 0.348621 0.215057  0.436322
4331 0.677392 0.289169  0.0334387
5028 0.252554 0.0633199  0.684126
761 0.201905 0.350562  0.447533
1861 0.387114 0.345088  0.267798
5810 0.121944 0.554478  0.323578
6577 0.561695 0.152034  0.28627
4590 0.619507 0.332085  0.0484077
7347 0.0236061 0.584046  0.392348
7492 0.280205 0.477428  0.242367
4703 0.106731 0.207679  0.68559
964 0.522216 0.0846774  0.393106
7687 0.557344 0.196739  0.245917
7393 0.374714 0.483912  0.141375
276 0.332324 0.582408  0.0852679
4480 0.429983 0.32447  0.245547
2798 0.343743 0.281701  0.374556
4552 0.393163 0.248901  0.357935
7515 0.656832 0.324255  0.0189133
1546 0.0890633 0.416994  0.493943
6739 0.196187 0.391894  0.411919
4908 0.262602 0.223638  0.51376
1368 0.407053 0.265957  0.32699
5451 0.348222 0.289385  0.362393
8512 0.295081 0.369633  0.335286
3620 0.323376 0.288942  0.387682
4064 0.452225 0.185811  0.361964
4727 0.411556 0.236141  0.352304
2 0.265915 0.47876  0.255325
4780 0.440628 0.043895  0.515477
1773 0.344822 0.40625  0.248927
252 0.404092 0.306267  0.289641
1594 0.360923 0.60735  0.031727
2155 0.387031 0.445593  0.167376
4776 0.249664 0.37292  0.377416
7367 0.358862 0.431514  0.209624
5029 0.34663 0.136305  0.517065
301 0.0912694 0.53074  0.37799
1755 0.395188 0.4187  0.186111
7215 0.320436 0.307575  0.371989
4958 0.0298711 0.839646  0.130483
4973 0.360769 0.294045  0.345186
4835 0.149452 0.371493  0.479054
8527 0.405245 0.170931  0.423824
7159 0.415409 0.201317  0.383274
7851 0.363994 0.47913  0.156877
4769 0.247561 0.39337  0.359069
1694 0.270544 0.0872585  0.642197
4675 0.363873 0.440631  0.195496
4034 0.497586 0.395457  0.106957
682 0.386253 0.233554  0.380193
4914 0.138449 0.540152  0.321399
5320 0.383201 0.392049  0.22475
4483 0.379973 0.23533  0.384697
5597 0.0614956 0.500519  0.437985
6528 0.0945656 0.0618002  0.843634
7414 0.401974 0.494921  0.103105
1495 0.423369 0.145787  0.430844
7414 0.357049 0.283686  0.359265
3011 0.311157 0.307276  0.381567
6256 0.417224 0.228531  0.354245
2295 0.21329 0.189818  0.596892
284 0.650794 0.336118  0.013088
3497 0.228145 0.40074  0.371115
5880 0.414237 0.0826323  0.50313
3681 0.390119 0.246986  0.362895
181 0.338551 0.274446  0.387003
4660 0.619561 0.17685  0.203589
4785 0.182464 0.548152  0.269384
4738 0.0804998 0.575526  0.343974
1432 0.107387 0.361833  0.53078
7463 0.79664 0.0817119  0.121648
5316 0.219055 0.139826  0.641118
7706 0.32008 0.217857  0.462063
6717 0.205162 0.349802  0.445036
4932 0.529736 0.262666  0.207597
4424 0.0361942 0.207318  0.756488
591 0.00909853 0.441994  0.548908
4657 0.463446 0.300963  0.235591
7468 0.650651 0.305074  0.044275
809 0.117001 0.375642  0.507357
3711 0.311376 0.465374  0.22325
1386 0.203836 0.381186  0.414977
1525 0.0499485 0.274885  0.675167
6741 0.148499 0.743551  0.107951
4589 0.0194085 0.229282  0.75131
7374 0.080177 0.0493233  0.8705
2147 0.305919 0.281898  0.412182
1504 0.440878 0.254876  0.304245
8085 0.36686 0.373302  0.259838
6134 0.399141 0.295979  0.30488
4925 0.10117 0.135934  0.762896
7336 0.0295601 0.424618  0.545822
4127 0.0584496 0.411801  0.52975
6175 0.606795 0.234529  0.158676
4624 0.339798 0.274519  0.385682
1404 0.344916 0.416586  0.238498
4594 0.154596 0.438768  0.406636
7794 0.73492 0.204961  0.0601188
6935 0.748995 0.0713694  0.179636
3520 0.286914 0.201177  0.511909
7972 0.482793 0.504156  0.0130515
5844 0.0946062 0.44953  0.455864
6410 0.120276 0.396042  0.483682
1583 0.599318 0.225043  0.175639
7576 0.372827 0.303496  0.323677
5902 0.501411 0.00999347  0.488595
6699 0.305828 0.23081  0.463362
200 0.28944 0.393088  0.317471
8363 0.638515 0.299683  0.061802
1734 0.430035 0.0519515  0.518014
3034 0.29833 0.627002  0.0746679
2427 0.386479 0.241036  0.372485
7789 0.0312303 0.464967  0.503802
3929 0.320201 0.271453  0.408345
4213 0.0586932 0.386062  0.555245
3386 0.409075 0.132727  0.458198
5505 0.0578099 0.667805  0.274385
3212 0.372709 0.338948  0.288343
3231 0.403828 0.204005  0.392167
2143 0.306165 0.502046  0.191789
3351 0.337202 0.315557  0.347241
1206 0.156979 0.312823  0.530198
7272 0.507286 0.395981  0.0967331
7506 0.368443 0.394828  0.236729
7315 0.483839 0.0685723  0.447589
3774 0.115794 0.702354  0.181852
4617 0.54107 0.0777173  0.381213
4611 0.382739 0.287227  0.330034
7397 0.509354 0.198242  0.292404
7699 0.298919 0.325467  0.375614
7483 0.274606 0.11627  0.609124
2317 0.280085 0.242165  0.47775
7164 0.217387 0.34476  0.437853
1762 0.281834 0.465268  0.252899
318 0.171754 0.769042  0.0592041
3076 0.433893 0.130009  0.436097
4591 0.281993 0.313896  0.404111
966 0.453119 0.209991  0.33689
4747 0.47384 0.264235  0.261925
4818 0.0272961 0.582268  0.390436
7542 0.463465 0.309046  0.227489
3446 0.0142795 0.607452  0.378268
874 0.535573 0.218423  0.246004
1066 0.246946 0.104444  0.648611
7527 0.198204 0.434572  0.367224
6505 0.456135 0.309279  0.234586
4016 0.38152 0.231588  0.386892
7970 0.18734 0.271809  0.540851
1600 0.0486409 0.431665  0.519694
7670 0.334876 0.420001  0.245122
7357 0.343195 0.0700466  0.586758
4769 0.0675212 0.422961  0.509517
3121 0.566657 0.347424  0.0859193
4807 0.469024 0.20066  0.330316
6108 0.434787 0.333826  0.231387
4608 0.473668 0.0651794  0.461153
3600 0.413995 0.224289  0.361716
4801 0.571635 0.18336  0.245005
1578 0.232488 0.26951  0.498003
7260 0.105372 0.42751  0.467118
4934 0.0312698 0.950459  0.0182714
1524 0.42495 0.15003  0.42502
7412 0.415723 0.446497  0.13778
4643 0.357401 0.104276  0.538324
3646 0.42948 0.0510494  0.519471
4687 0.598985 0.247235  0.153779
5029 0.269124 0.375135  0.355741
4699 0.345362 0.158867  0.495771
5956 0.15207 0.366579  0.481351
7754 0.240567 0.639202  0.120231
3599 0.375571 0.115173  0.509256
4591 0.497498 0.124252  0.378251
5418 0.16834 0.0767367  0.754923
4768 0.496542 0.236611  0.266846
8468 0.16042 0.147664  0.691916
4949 0.205132 0.190098  0.60477
4602 0.781539 0.184315  0.0341451
4996 0.306039 0.258743  0.435218
1235 0.348558 0.241098  0.410344
4707 0.48952 0.170681  0.339799
7462 0.361534 0.123007  0.515459
4852 0.061765 0.798281  0.139954
7460 0.14706 0.501  0.35194
4322 0.322956 0.112501  0.564543
7194 0.229025 0.525646  0.245329
1504 0.338105 0.348424  0.313471
4024 0.356351 0.410248  0.233402
1207 0.213314 0.177115  0.609571
1498 0.366833 0.191617  0.44155
6061 0.140395 0.425887  0.433719
5970 0.158012 0.196086  0.645903
4547 0.272761 0.0143637  0.712875
7493 0.41704 0.254538  0.328422
2515 0.0798442 0.789243  0.130913
7299 0.312872 0.28738  0.399748
6948 0.266866 0.262638  0.470496
874 0.372169 0.232928  0.394903
862 0.125616 0.43204  0.442345
3430 0.263481 0.284494  0.452026
6622 0.388497 0.289152  0.322351
8503 0.292351 0.402321  0.305328
6421 0.305019 0.546915  0.148066
2319 0.431872 0.34552  0.222609
4793 0.557989 0.0760943  0.365917
194 0.3235 0.164541  0.511959
4609 0.536142 0.268183  0.195675
8258 0.345914 0.342297  0.311788
330 0.512304 0.215726  0.271969
5800 0.365928 0.328398  0.305674
5715 0.25755 0.417734  0.324715
7946 0.154277 0.572784  0.272939
7446 0.356877 0.178854  0.464269
1477 0.380234 0.26484  0.354926
8312 0.299812 0.518494  0.181693
7433 0.297699 0.287033  0.415268
23 0.132634 0.635848  0.231518
6535 0.232402 0.412657  0.354941
7620 0.0651522 0.331602  0.603246
7949 0.41214 0.381034  0.206826
764 0.423296 0.401247  0.175456
596 0.207176 0.164961  0.627862
8247 0.540182 0.168929  0.290889
4473 0.32647 0.46922  0.20431
5483 0.034001 0.478719  0.48728
3579 0.422529 0.38251  0.194961
7507 0.356664 0.227526  0.41581
3023 0.217194 0.655955  0.126851
2274 0.489994 0.346811  0.163194
7909 0.138345 0.545983  0.315673
3663 0.283415 0.33143  0.385155
6270 0.373557 0.486969  0.139474
8341 0.483626 0.260374  0.256
6129 0.515162 0.218212  0.266625
5398 0.496426 0.312651  0.190923
3080 0.352112 0.147938  0.49995
6037 0.465787 0.311878  0.222335
1477 0.330996 0.35675  0.312254
4413 0.665121 0.0624209  0.272458
5466 0.424194 0.253179  0.322626
2658 0.348516 0.207587  0.443897
4596 0.0375151 0.92141  0.0410747
4776 0.381743 0.266492  0.351765
5263 0.379673 0.297814  0.322513
5122 0.31929 0.302971  0.377738
6006 0.665617 0.0751482  0.259234
4785 0.300985 0.221968  0.477047
7661 0.405166 0.441766  0.153067
7766 0.503474 0.44004  0.0564856
4035 0.07362 0.651028  0.275352
1401 0.114799 0.464124  0.421077
4583 0.0995239 0.0781288  0.822347
464 0.256547 0.725456  0.0179972
6701 0.742666 0.0821825  0.175151
1790 0.451832 0.459886  0.0882818
6993 0.0670381 0.51614  0.416822
3183 0.119104 0.474084  0.406812
1763 0.17406 0.395187  0.430753
5069 0.433961 0.449595  0.116444
4455 0.207289 0.573604  0.219107
2566 0.239983 0.0934639  0.666553
4596 0.401053 0.315804  0.283143
640 0.401198 0.0587392  0.540063
278 0.547312 0.414561  0.0381268
1639 0.161931 0.621901  0.216168
7534 0.669849 0.137014  0.193137
1844 0.246921 0.519888  0.233192
6384 0.302713 0.49696  0.200327
4955 0.286391 0.397304  0.316304
5228 0.310484 0.381703  0.307812
932 0.508857 0.14835  0.342793
4655 0.110938 0.661149  0.227914
559 0.393855 0.452425  0.153719
1984 0.625123 0.208148  0.166728
6638 0.424876 0.0144733  0.560651
6885 0.207784 0.457139  0.335078
8506 0.193244 0.44415  0.362607
3520 0.559866 0.250223  0.189911
8336 0.20577 0.0302002  0.76403
1019 0.678071 0.250126  0.0718026
772 0.522348 0.280444  0.197207
6498 0.199638 0.343874  0.456487
4759 0.306382 0.0196775  0.673941
4028 0.506627 0.36099  0.132382
8476 0.256501 0.666121  0.0773782
80 0.188744 0.402578  0.408678
4911 0.347565 0.355849  0.296586
8179 0.119469 0.490498  0.390033
7460 0.211392 0.307907  0.480701
6778 0.425409 0.253519  0.321072
6527 0.299037 0.0149793  0.685984
3654 0.40888 0.269036  0.322084
760 0.477276 0.193283  0.329441
2240 0.283642 0.332201  0.384158
4008 0.709432 0.0495143  0.241054
7183 0.419319 0.272003  0.308678
8037 0.231363 0.375961  0.392676
978 0.227242 0.1338  0.638958
1555 0.267396 0.356603  0.376
2052 0.517716 0.20675  0.275535
6003 0.409572 0.518413  0.0720156
7331 0.0415681 0.472491  0.485941
4705 0.2947 0.276629  0.428671
1721 0.334509 0.270434  0.395057
1284 0.272213 0.289295  0.438493
7644 0.0488423 0.215109  0.736048
2699 0.576327 0.0860345  0.337639
256 0.398395 0.189872  0.411733
4927 0.245046 0.452172  0.302783
6152 0.0447956 0.384394  0.57081
2065 0.327355 0.0837178  0.588928
7264 0.304674 0.442341  0.252985
4625 0.203146 0.367866  0.428988
4784 0.375305 0.608856  0.015839
6317 0.526877 0.262683  0.21044
7459 0.503921 0.00867223  0.487407
7756 0.44939 0.0971161  0.453494
1568 0.588521 0.377176  0.034303
1915 0.0245597 0.488924  0.486516
5526 0.476962 0.200007  0.323031
8358 0.454962 0.00838409  0.536654
4005 0.336071 0.333641  0.330288
8280 0.831943 0.0529789  0.115078
3930 0.459124 0.40209  0.138786
6740 0.132947 0.786358  0.0806948
1445 0.297493 0.392103  0.310403
4599 0.461615 0.112302  0.426083
6485 0.447035 0.165196  0.38777
3429 0.00940452 0.437257  0.553338
3925 0.140399 0.528261  0.33134
464 0.483625 0.0513692  0.465006
4591 0.314801 0.275322  0.409878
6872 0.292624 0.486425  0.220951
2419 0.32278 0.441654  0.235566
4987 0.455321 0.351191  0.193487
7678 0.246275 0.367778  0.385946
7431 0.238144 0.656004  0.105853
2418 0.425719 0.448081  0.1262
4879 0.430127 0.252263  0.31761
4702 0.133239 0.674506  0.192255
8413 0.499759 0.410179  0.090062
1742 0.756457 0.0620491  0.181494
1605 0.342626 0.598028  0.0593455
7261 0.0163113 0.144806  0.838883
7677 0.563686 0.118876  0.317438
7548 0.227452 0.143082  0.629466
885 0.449647 0.29032  0.260033
7727 0.504014 0.0348641  0.461122
6096 0.605737 0.23141  0.162853
2823 0.288203 0.534017  0.17778
4042 0.325533 0.302918  0.371549
8332 0.564643 0.42682  0.00853653
4445 0.0366025 0.725766  0.237631
739 0.429469 0.262237  0.308294
3799 0.202848 0.109356  0.687796
3556 0.261428 0.647305  0.0912667
7006 0.361073 0.458494  0.180433
4965 0.400621 0.343592  0.255787
3650 0.650715 0.0405953  0.30869
3025 0.267032 0.534598  0.19837
4945 0.655452 0.277054  0.0674937
4751 0.380517 0.378491  0.240992
1351 0.0635376 0.448333  0.488129
8330 0.508598 0.182772  0.30863
7521 0.407592 0.343138  0.24927
7267 0.312862 0.357479  0.329659
1126 0.37592 0.363686  0.260393
4561 0.240006 0.472572  0.287423
8287 0.316626 0.455749  0.227625
2552 0.267116 0.342088  0.390796
1152 0.284306 0.389202  0.326492
7425 0.409152 0.477243  0.113606
7501 0.352189 0.465884  0.181927
4957 0.676186 0.204211  0.119603
4590 0.468004 0.416012  0.115985
6899 0.672392 0.133123  0.194485
7447 0.325634 0.301528  0.372838
3062 0.288399 0.246305  0.465296
7277 0.026856 0.0617378  0.911406
7374 0.0625148 0.295103  0.642382
6194 0.299066 0.534506  0.166428
3507 0.307558 0.45271  0.239732
7494 0.255047 0.385422  0.359531
739 0.222661 0.298411  0.478928
6490 0.27339 0.387637  0.338973
5418 0.320336 0.290586  0.389078
7766 0.418124 0.208731  0.373145
7330 0.2183 0.394746  0.386954
8419 0.128556 0.451717  0.419727
7104 0.369281 0.393671  0.237048
6347 0.075512 0.42165  0.502839
7593 0.163429 0.275408  0.561163
509 0.229901 0.388008  0.382091
4847 0.237066 0.0797184  0.683215
1594 0.240004 0.476236  0.28376
7189 0.134184 0.803744  0.0620722
768 0.435286 0.0788122  0.485901
8284 0.354709 0.318563  0.326728
4609 0.646226 0.0453911  0.308383
6349 0.0776313 0.3996  0.522769
4798 0.196626 0.745249  0.0581258
3453 0.495118 0.437527  0.0673546
4590 0.141057 0.42971  0.429233
5903 0.413304 0.309245  0.277451
4640 0.628215 0.160249  0.211536
7742 0.422871 0.535619  0.0415094
1605 0.309586 0.310458  0.379956
4106 0.410917 0.368737  0.220346
1541 0.418697 0.0356425  0.54566
8362 0.390111 0.273118  0.33677
1722 0.365387 0.390303  0.24431
3713 0.311112 0.318378  0.37051
7089 0.465063 0.348188  0.186749
5780 0.453914 0.269134  0.276952
8284 0.284089 0.0443047  0.671606
1533 0.155187 0.360345  0.484467
145 0.656011 0.260734  0.0832553
7457 0.0314713 0.469525  0.499004
4709 0.661876 0.305285  0.032839
4768 0.218506 0.0669304  0.714564
3639 0.429676 0.31839  0.251934
751 0.377211 0.222022  0.400768
4965 0.214706 0.343731  0.441564
1572 0.149225 0.465926  0.384849
7533 0.106481 0.367136  0.526382
7379 0.289781 0.294807  0.415412
1752 0.510971 0.321112  0.167917
4637 0.554518 0.132654  0.312828
1579 0.5176 0.174555  0.307845
1842 0.133522 0.694685  0.171793
3517 0.593146 0.189009  0.217845
7323 0.41603 0.337721  0.246248
4901 0.762231 0.181273  0.0564966
4761 0.345933 0.296551  0.357516
6495 0.298492 0.616028  0.0854802
6977 0.149839 0.388049  0.462112
4930 0.193786 0.136803  0.669411
1027 0.318615 0.293136  0.388248
7378 0.461038 0.299933  0.239029
7355 0.117959 0.369509  0.512532
8102 0.297564 0.362819  0.339617
3391 0.0816796 0.185088  0.733233
7495 0.159221 0.303838  0.536941
227 0.185674 0.64372  0.170606
7980 0.578284 0.178002  0.243714
1511 0.576384 0.188396  0.23522
2330 0.400958 0.226728  0.372314
7701 0.132489 0.484358  0.383153
7573 0.313186 0.375607  0.311207
8238 0.451729 0.116721  0.43155
4803 0.303031 0.330726  0.366242
4642 0.386165 0.437826  0.176009
5048 0.0997641 0.549803  0.350433
2464 0.471799 0.193072  0.335129
2696 0.351343 0.116662  0.531996
2647 0.122071 0.0851364  0.792793
7105 0.273146 0.698759  0.0280952
4420 0.443522 0.254829  0.301649
2705 0.46795 0.410054  0.121996
4986 0.673854 0.132656  0.19349
4771 0.374408 0.0644994  0.561093
1944 0.35972 0.585671  0.0546089
4735 0.527257 0.132301  0.340443
4802 0.473911 0.060773  0.465316
7300 0.0699497 0.19199  0.738061
111 0.383559 0.405857  0.210584
4844 0.329571 0.242992  0.427437
4603 0.333244 0.403726  0.26303
1392 0.583246 0.152027  0.264727
828 0.140193 0.839203  0.0206032
7693 0.240059 0.330157  0.429784
6972 0.11842 0.613413  0.268167
1984 0.216638 0.459959  0.323403
7502 0.476689 0.410348  0.112963
3091 0.546479 0.324654  0.128867
4508 0.309732 0.198006  0.492262
1282 0.365982 0.244403  0.389615
5279 0.379202 0.331411  0.289387
3049 0.268867 0.102079  0.629054
6183 0.44284 0.294823  0.262338
594 0.422085 0.0372426  0.540672
7319 0.144076 0.333112  0.522812
7457 0.204069 0.509439  0.286492
3495 0.372936 0.287274  0.33979
1571 0.300553 0.322293  0.377154
6499 0.170677 0.646368  0.182955
8468 0.20511 0.595941  0.198949
640 0.466422 0.21456  0.319017
7237 0.146176 0.781086  0.0727371
3599 0.132099 0.397372  0.470529
1938 0.512897 0.242023  0.245081
7412 0.545743 0.0810111  0.373246
7430 0.504441 0.169735  0.325823
1500 0.231606 0.28088  0.487513
7371 0.32734 0.343579  0.329081
4641 0.489454 0.338306  0.172241
5782 0.218656 0.51425  0.267094
1536 0.443524 0.283234  0.273242
7535 0.238732 0.320221  0.441048
7362 0.0162204 0.427759  0.55602
2231 0.365616 0.243392  0.390992
870 0.341656 0.456155  0.202189
7331 0.169077 0.618739  0.212184
7548 0.212763 0.424258  0.362979
7327 0.303298 0.282294  0.414408
7685 0.56997 0.239013  0.191017
6111 0.405077 0.0079483  0.586974
4725 0.347996 0.485158  0.166846
106 0.0459532 0.38108  0.572967
7720 0.334464 0.326082  0.339455
4589 0.543202 0.194949  0.261849
7481 0.905549 0.0100921  0.084359
1719 0.377117 0.264915  0.357969
1506 0.412115 0.074213  0.513672
4174 0.336719 0.5739  0.0893808
5051 0.429076 0.418349  0.152575
7902 0.293674 0.0494502  0.656876
7389 0.168957 0.497588  0.333455
6902 0.356738 0.27834  0.364922
4967 0.631547 0.0763286  0.292125
1524 0.434689 0.368069  0.197242
7427 0.3991 0.389366  0.211534
4984 0.759391 0.125408  0.115201
4480 0.0833793 0.375291  0.541329
7921 0.433414 0.0911488  0.475437
7950 0.196171 0.441988  0.361841
6459 0.324342 0.589814  0.0858442
3722 0.306585 0.236393  0.457022
7014 0.489605 0.0503983  0.459996
8173 0.47524 0.0879551  0.436805
6453 0.258087 0.369338  0.372575
8159 0.552038 0.127116  0.320846
6624 0.0320952 0.457205  0.5107
8247 0.229563 0.40528  0.365157
5042 0.436973 0.158481  0.404547
737 0.373901 0.418928  0.207172
257 0.355692 0.335263  0.309046
4762 0.264287 0.370436  0.365277
6513 0.115107 0.0893644  0.795529
7281 0.196083 0.393344  0.410573
6899 0.208474 0.549614  0.241912
3726 0.352181 0.222816  0.425003
6811 0.474656 0.341115  0.184229
1129 0.299296 0.340281  0.360423
6535 0.301128 0.181936  0.516936
8323 0.115115 0.181948  0.702937
1089 0.331677 0.60632  0.0620025
652 0.312809 0.459729  0.227462
7819 0.424297 0.292105  0.283598
1852 0.157668 0.318291  0.524041
730 0.352956 0.542414  0.10463
1289 0.492526 0.292523  0.214951
285 0.536628 0.187918  0.275454
6532 0.307352 0.0729149  0.619733
1606 0.18155 0.619397  0.199053
3604 0.30416 0.356668  0.339172
4915 0.243864 0.153948  0.602187
5009 0.30278 0.369615  0.327605
817 0.559051 0.345825  0.0951241
3586 0.263509 0.61974  0.116751
8361 0.329341 0.460334  0.210325
1583 0.23693 0.48043  0.28264
7233 0.127282 0.843803  0.0289147
3527 0.281996 0.486467  0.231537
283 0.491906 0.327398  0.180695
4221 0.745176 0.116788  0.138036
6505 0.302471 0.448965  0.248564
6469 0.450812 0.182461  0.366727
