2551 0.264293 0.322893  0.412814
1172 0.343403 0.204288  0.452308
5361 0.185703 0.671847  0.14245
1883 0.347897 0.303541  0.348561
4165 0.324476 0.299509  0.376016
3730 0.206545 0.445969  0.347486
749 0.276663 0.20986  0.513477
5652 0.39585 0.167102  0.437048
1070 0.490998 0.0954348  0.413567
2121 0.0742031 0.465092  0.460705
3575 0.293426 0.361382  0.345192
5332 0.499091 0.433963  0.0669467
4482 0.369699 0.375423  0.254878
2891 0.174276 0.406502  0.419222
4947 0.453817 0.407146  0.139036
5056 0.131451 0.624045  0.244504
3008 0.422234 0.213  0.364765
2219 0.369455 0.280898  0.349647
3244 0.342062 0.359394  0.298544
813 0.500456 0.424938  0.0746058
2188 0.518839 0.22985  0.251311
5121 0.269472 0.414992  0.315536
1109 0.452182 0.156951  0.390867
4637 0.1282 0.294633  0.577167
2726 0.24031 0.358972  0.400717
716 0.329411 0.136667  0.533922
3679 0.408648 0.40633  0.185022
1980 0.463569 0.152372  0.384059
4900 0.290936 0.40255  0.306515
1026 0.0815444 0.414877  0.503578
4999 0.400853 0.19626  0.402886
4853 0.0408218 0.493109  0.466069
1607 0.170512 0.417177  0.412311
689 0.0922746 0.0442757  0.86345
4035 0.113838 0.593786  0.292377
2824 0.279755 0.0925401  0.627705
3075 0.145651 0.440097  0.414251
4873 0.10648 0.277178  0.616342
4972 0.293993 0.233508  0.472499
4802 0.364698 0.491457  0.143845
2821 0.228466 0.744724  0.0268094
4203 0.156585 0.34697  0.496445
4204 0.210682 0.0674139  0.721904
2586 0.348716 0.29582  0.355464
2571 0.0269486 0.470292  0.50276
1549 0.0383869 0.408932  0.552681
4928 0.543214 0.202889  0.253897
4713 0.532713 0.267745  0.199542
97 0.492522 0.136953  0.370526
2297 0.17845 0.475069  0.346481
29 0.102974 0.855604  0.0414221
3770 0.0193024 0.259696  0.721001
4080 0.419201 0.269398  0.311401
2982 0.402061 0.481855  0.116084
2642 0.109575 0.440712  0.449713
3779 0.125359 0.444332  0.430308
3897 0.251457 0.734976  0.0135678
3028 0.525662 0.2619  0.212438
72 0.262967 0.318946  0.418086
4865 0.396365 0.266364  0.337271
6112 0.538141 0.201505  0.260354
1823 0.476621 0.192353  0.331026
2546 0.117305 0.492816  0.389879
3299 0.423138 0.395259  0.181603
73 0.178478 0.386535  0.434986
41 0.576229 0.342351  0.0814204
5195 0.191676 0.579237  0.229087
2593 0.466518 0.471406  0.0620763
128 0.291372 0.187408  0.52122
1813 0.0616994 0.33421  0.604091
5984 0.0468118 0.770449  0.182739
5403 0.210753 0.573029  0.216217
3886 0.236744 0.344633  0.418623
2672 0.0567178 0.45489  0.488393
3494 0.247628 0.545039  0.207333
5415 0.558876 0.282654  0.15847
2315 0.188569 0.20814  0.603291
845 0.396222 0.153822  0.449956
665 0.129894 0.600561  0.269545
4552 0.329111 0.417967  0.252923
1237 0.124608 0.46506  0.410332
5333 0.307696 0.346133  0.346171
3017 0.216324 0.473867  0.309809
4958 0.34957 0.268961  0.381469
4238 0.368097 0.274578  0.357325
4064 0.354924 0.33497  0.310106
4686 0.511558 0.421967  0.0664751
5845 0.234338 0.164729  0.600933
3341 0.0529567 0.464659  0.482384
3647 0.486583 0.332042  0.181374
4748 0.339302 0.066719  0.593979
4426 0.208966 0.382144  0.40889
4369 0.326753 0.450801  0.222446
4455 0.359958 0.0998976  0.540145
1149 0.840227 0.0446923  0.115081
4848 0.293927 0.369855  0.336218
3607 0.532963 0.163176  0.303861
2606 0.236541 0.110899  0.65256
1504 0.1612 0.495513  0.343286
5933 0.40605 0.3184  0.275549
5795 0.40415 0.170961  0.42489
1984 0.435367 0.106803  0.45783
1355 0.0444152 0.35277  0.602815
320 0.423635 0.364944  0.211421
2199 0.160557 0.417343  0.422101
2813 0.381495 0.301221  0.317285
2954 0.208232 0.407559  0.384209
727 0.432752 0.079184  0.488064
2281 0.200154 0.225176  0.57467
1631 0.083597 0.702458  0.213945
3173 0.498624 0.00756743  0.493809
41 0.408707 0.29633  0.294963
6138 0.506758 0.171524  0.321717
495 0.256986 0.518524  0.22449
1948 0.279686 0.358545  0.361769
2709 0.22059 0.13668  0.64273
5918 0.258568 0.433671  0.307762
1634 0.107577 0.512682  0.379742
150 0.371709 0.251861  0.37643
3202 0.425315 0.303824  0.270862
3017 0.699371 0.158252  0.142377
308 0.366195 0.492337  0.141468
1428 0.394844 0.324176  0.28098
5850 0.223896 0.230361  0.545743
1880 0.154316 0.463542  0.382141
2953 0.417506 0.514472  0.0680213
358 0.0321547 0.460526  0.50732
737 0.399195 0.254229  0.346576
3980 0.209993 0.413086  0.376921
4498 0.0255308 0.789514  0.184955
2201 0.228689 0.421212  0.350099
3644 0.337965 0.104906  0.557129
3873 0.278213 0.0714514  0.650336
2813 0.344328 0.397168  0.258503
4609 0.335135 0.601081  0.0637837
2087 0.41432 0.453612  0.132068
6104 0.73799 0.167092  0.0949177
4224 0.35448 0.381643  0.263876
3501 0.395251 0.328992  0.275757
5177 0.485999 0.408374  0.105627
1928 0.549612 0.233272  0.217116
3158 0.588524 0.313608  0.0978676
1706 0.424429 0.235802  0.339768
4912 0.653526 0.173544  0.17293
1968 0.313463 0.190622  0.495916
1811 0.406534 0.257617  0.335849
5461 0.0745955 0.377592  0.547812
2900 0.513124 0.323506  0.16337
4067 0.666355 0.0638035  0.269842
3534 0.26889 0.0635705  0.66754
1271 0.336734 0.35243  0.310836
5300 0.339491 0.262603  0.397906
3007 0.160323 0.42309  0.416586
3904 0.519301 0.440895  0.0398034
70 0.384194 0.424062  0.191744
5625 0.130112 0.487282  0.382605
804 0.504997 0.297673  0.197329
3389 0.441345 0.0817297  0.476926
4943 0.500043 0.172667  0.32729
4313 0.148442 0.172424  0.679134
3339 0.223039 0.152921  0.62404
3989 0.394258 0.391468  0.214274
1829 0.460121 0.330969  0.208911
3795 0.517288 0.174305  0.308407
5970 0.0360533 0.322447  0.641499
5758 0.012805 0.84218  0.145015
2785 0.638986 0.306095  0.0549187
235 0.396864 0.332453  0.270682
4144 0.162481 0.44614  0.391379
2043 0.0813563 0.667037  0.251607
4708 0.246638 0.615217  0.138145
6056 0.321933 0.0612315  0.616836
118 0.637868 0.332268  0.0298645
633 0.43562 0.362428  0.201953
4580 0.345417 0.406859  0.247723
3396 0.419392 0.441892  0.138716
2585 0.349011 0.365351  0.285639
214 0.185208 0.35756  0.457233
4142 0.249134 0.540415  0.210451
2667 0.0564059 0.89825  0.0453438
2141 0.270717 0.046963  0.68232
4882 0.381797 0.274599  0.343604
352 0.289888 0.546391  0.16372
3394 0.416709 0.197181  0.38611
185 0.093142 0.464273  0.442585
3182 0.127421 0.429206  0.443373
94 0.397965 0.0603593  0.541676
5387 0.401341 0.364973  0.233685
2913 0.361899 0.393609  0.244492
2037 0.146083 0.334358  0.519559
4354 0.425317 0.317539  0.257144
3704 0.297578 0.297747  0.404675
296 0.426336 0.0737333  0.499931
2032 0.411585 0.118791  0.469624
2810 0.177808 0.14211  0.680082
3233 0.23405 0.495227  0.270723
904 0.649523 0.125385  0.225092
5271 0.545725 0.321937  0.132338
2498 0.439097 0.190333  0.37057
2388 0.21858 0.31622  0.4652
4732 0.559675 0.331388  0.108937
404 0.377288 0.198164  0.424548
2919 0.441652 0.292787  0.265561
6059 0.373023 0.282248  0.34473
887 0.248978 0.497869  0.253153
3834 0.69129 0.30048  0.0082293
2633 0.509423 0.360973  0.129604
1779 0.372808 0.296973  0.330219
5949 0.422142 0.253495  0.324364
3989 0.0206409 0.4461  0.53326
4694 0.5917 0.00897377  0.399327
3618 0.197719 0.273704  0.528577
4087 0.366914 0.576869  0.0562175
184 0.359747 0.315428  0.324826
1437 0.238529 0.71552  0.0459511
3357 0.836015 0.111331  0.0526539
5627 0.0735289 0.752314  0.174157
3595 0.504481 0.149741  0.345777
5803 0.373824 0.255245  0.370931
1563 0.561231 0.123337  0.315431
1141 0.535428 0.16143  0.303141
4270 0.281192 0.277366  0.441442
2962 0.495202 0.437541  0.0672572
227 0.290404 0.385901  0.323695
1126 0.460518 0.483881  0.0556016
3775 0.149293 0.314879  0.535828
2442 0.25445 0.606127  0.139424
1735 0.153034 0.807123  0.0398428
2171 0.430863 0.24715  0.321987
3004 0.143534 0.513643  0.342822
4433 0.0587565 0.819576  0.121668
2260 0.348552 0.301838  0.34961
5231 0.389214 0.0163145  0.594472
3472 0.0335606 0.513051  0.453388
2642 0.51374 0.155941  0.330318
106 0.649467 0.0994218  0.251111
4144 0.382651 0.189081  0.428268
2851 0.013505 0.758141  0.228354
2729 0.223013 0.293189  0.483798
4372 0.422409 0.0828115  0.49478
4745 0.580354 0.199683  0.219963
1670 0.853835 0.0213187  0.124847
4640 0.296837 0.247117  0.456046
2452 0.306116 0.444561  0.249323
2277 0.232729 0.533533  0.233738
4950 0.298139 0.54878  0.153081
3764 0.46007 0.255898  0.284032
2557 0.342019 0.411536  0.246445
5654 0.446732 0.285089  0.268179
4406 0.507651 0.277804  0.214545
1307 0.400911 0.285545  0.313544
4727 0.0391215 0.539227  0.421651
2811 0.156123 0.535735  0.308142
3490 0.451533 0.185792  0.362675
6027 0.082649 0.0941009  0.82325
4230 0.0270673 0.790514  0.182419
5226 0.161121 0.446493  0.392386
3364 0.380924 0.0103223  0.608754
2689 0.0463721 0.439697  0.513931
2957 0.453923 0.0191308  0.526946
3647 0.320143 0.291914  0.387943
3566 0.109863 0.37218  0.517957
3030 0.490541 0.0730351  0.436424
2199 0.271783 0.353341  0.374876
2625 0.318877 0.405175  0.275948
3163 0.57499 0.28018  0.14483
2534 0.231791 0.223001  0.545208
2214 0.307279 0.206154  0.486567
6095 0.337947 0.3571  0.304953
31 0.183395 0.412509  0.404096
3344 0.123896 0.0280227  0.848082
4568 0.0119707 0.713634  0.274395
2711 0.23222 0.514971  0.25281
1286 0.250185 0.575832  0.173983
3227 0.362691 0.434621  0.202688
3231 0.392726 0.176151  0.431123
4607 0.365488 0.278252  0.35626
1120 0.387138 0.465163  0.147699
3231 0.452577 0.344983  0.20244
3336 0.701573 0.260557  0.0378707
4266 0.203723 0.701852  0.0944244
162 0.874061 0.0762925  0.0496466
3897 0.285398 0.208429  0.506174
6066 0.157659 0.497353  0.344987
4505 0.47987 0.446159  0.0739709
5943 0.62633 0.0379519  0.335718
80 0.115117 0.668452  0.216431
5557 0.500689 0.00724317  0.492068
5216 0.612441 0.330605  0.0569543
2651 0.491819 0.421371  0.0868105
4085 0.112631 0.767754  0.119615
5320 0.531625 0.133183  0.335192
3787 0.391366 0.451972  0.156662
3899 0.211018 0.463692  0.325289
2320 0.245967 0.367021  0.387013
1533 0.470018 0.454395  0.0755875
4143 0.332023 0.396273  0.271704
109 0.35575 0.500073  0.144177
191 0.219772 0.611126  0.169102
2932 0.274885 0.323817  0.401298
3186 0.437196 0.514306  0.0484976
6108 0.214385 0.183276  0.602339
5036 0.328494 0.642697  0.0288093
3647 0.442879 0.411246  0.145875
1693 0.232096 0.322154  0.44575
1984 0.168645 0.504786  0.326569
6117 0.0697037 0.59112  0.339176
2819 0.326736 0.204967  0.468298
4802 0.031181 0.601778  0.367041
571 0.622744 0.190088  0.187167
1489 0.101834 0.403014  0.495153
3949 0.138597 0.619834  0.241569
2915 0.622511 0.235629  0.14186
1551 0.211684 0.335957  0.452359
2601 0.326265 0.409611  0.264124
2327 0.0454452 0.0592667  0.895288
2467 0.594372 0.35983  0.045798
2449 0.451261 0.025169  0.52357
755 0.605183 0.144785  0.250033
545 0.217226 0.0676741  0.7151
2830 0.328316 0.0755443  0.596139
881 0.388763 0.276773  0.334465
3570 0.177719 0.328599  0.493682
2418 0.167925 0.395398  0.436677
2826 0.366086 0.410687  0.223228
1064 0.495425 0.121697  0.382877
2467 0.373671 0.278303  0.348026
4446 0.475644 0.366203  0.158153
2296 0.193731 0.0591955  0.747073
5628 0.680052 0.267993  0.0519558
4132 0.250838 0.206885  0.542277
3809 0.262986 0.302837  0.434178
3063 0.0843019 0.289521  0.626177
4553 0.36892 0.543908  0.0871726
2655 0.355996 0.0507119  0.593292
916 0.56114 0.143504  0.295356
5943 0.316455 0.428629  0.254916
1116 0.482899 0.271751  0.245351
5781 0.450207 0.370325  0.179468
3054 0.183342 0.179394  0.637264
3789 0.479993 0.381797  0.138209
4451 0.56274 0.0638383  0.373422
4662 0.175707 0.293802  0.530492
4903 0.261146 0.363457  0.375397
5459 0.180443 0.661319  0.158238
4814 0.431595 0.293421  0.274983
4022 0.312374 0.209759  0.477868
3418 0.649028 0.306979  0.0439932
2967 0.271784 0.373816  0.3544
6132 0.273295 0.270369  0.456336
1969 0.411371 0.433942  0.154687
5616 0.618421 0.327632  0.0539472
2059 0.312797 0.25307  0.434132
3183 0.434737 0.129951  0.435312
5594 0.407299 0.31005  0.282651
3261 0.494619 0.313542  0.191839
2381 0.482035 0.100417  0.417548
5965 0.282571 0.399373  0.318056
5207 0.112823 0.81273  0.0744467
4043 0.47014 0.132641  0.397219
2683 0.289709 0.295796  0.414495
5826 0.424342 0.0896803  0.485978
6068 0.242279 0.462407  0.295314
5159 0.472142 0.286382  0.241475
5071 0.449283 0.469753  0.0809635
2730 0.129102 0.714323  0.156575
2695 0.348112 0.348716  0.303172
1092 0.462212 0.37912  0.158668
3383 0.453826 0.149458  0.396716
2600 0.301084 0.392665  0.306251
4478 0.0345584 0.352969  0.612472
1384 0.185373 0.64279  0.171838
3208 0.213477 0.322517  0.464006
3927 0.660186 0.0381317  0.301682
5089 0.651419 0.219521  0.12906
5283 0.0923181 0.761986  0.145696
4509 0.225731 0.53551  0.238759
2136 0.37841 0.0402696  0.58132
2342 0.539497 0.303769  0.156734
5236 0.173366 0.423276  0.403358
4075 0.738794 0.21089  0.0503156
564 0.518265 0.0578152  0.42392
5362 0.215711 0.543985  0.240303
3780 0.399791 0.521795  0.0784145
1008 0.376915 0.400289  0.222797
3438 0.711682 0.180086  0.108231
2436 0.290232 0.311098  0.39867
4509 0.28866 0.357236  0.354104
3339 0.408389 0.27038  0.321231
3067 0.72167 0.211351  0.0669783
4 0.339113 0.360524  0.300363
1596 0.168192 0.260923  0.570885
5853 0.240282 0.528599  0.231119
1003 0.512126 0.0536973  0.434176
5640 0.661658 0.0904706  0.247871
2312 0.369966 0.159591  0.470443
4805 0.0100189 0.695462  0.294519
2700 0.0324734 0.793514  0.174012
3583 0.280517 0.647331  0.0721522
4122 0.420215 0.462462  0.117323
5937 0.363601 0.341964  0.294436
5868 0.232818 0.0812125  0.685969
910 0.408095 0.392161  0.199744
3701 0.0845944 0.111683  0.803723
3686 0.160298 0.663098  0.176604
1012 0.445728 0.117137  0.437135
2790 0.463557 0.0325635  0.50388
4305 0.0551909 0.474474  0.470335
4714 0.333084 0.445155  0.221761
5215 0.160598 0.0962366  0.743165
339 0.361499 0.14668  0.491821
1822 0.127041 0.438711  0.434247
5163 0.350612 0.378113  0.271275
1250 0.396444 0.349956  0.253599
1499 0.621403 0.169647  0.20895
1889 0.352969 0.145115  0.501916
3770 0.312355 0.335139  0.352506
4440 0.0946103 0.512556  0.392833
2999 0.325444 0.187082  0.487475
3048 0.482535 0.292191  0.225274
5904 0.359768 0.235547  0.404685
31 0.696044 0.288406  0.0155508
5404 0.159073 0.604937  0.23599
2068 0.763627 0.15602  0.0803534
5118 0.543706 0.145469  0.310825
348 0.244839 0.325355  0.429805
2301 0.526527 0.419123  0.0543508
5281 0.362057 0.240169  0.397774
5287 0.47029 0.136115  0.393596
3167 0.230625 0.506184  0.263191
630 0.249787 0.239582  0.510631
1034 0.677351 0.0997126  0.222937
5949 0.378627 0.282852  0.338521
2384 0.09337 0.416647  0.489983
804 0.465704 0.0471009  0.487195
3234 0.509375 0.348296  0.142328
3697 0.233244 0.538627  0.228129
3528 0.365218 0.31991  0.314872
5059 0.380415 0.427051  0.192534
3186 0.461861 0.355872  0.182267
2845 0.398538 0.379794  0.221668
73 0.271 0.181508  0.547491
4396 0.389928 0.239138  0.370935
5976 0.119956 0.53421  0.345834
6073 0.115613 0.409646  0.474741
2545 0.49982 0.420559  0.0796205
3404 0.10843 0.480402  0.411168
848 0.358961 0.382521  0.258518
76 0.165122 0.48324  0.351638
1318 0.45679 0.244465  0.298745
2260 0.663673 0.266688  0.0696396
4558 0.598606 0.383948  0.0174459
565 0.2011 0.705598  0.0933017
5771 0.20942 0.525636  0.264944
53 0.0869734 0.328486  0.584541
4470 0.459909 0.444565  0.0955262
3428 0.459315 0.237564  0.303121
291 0.430645 0.434483  0.134872
5824 0.372235 0.329228  0.298537
4758 0.337565 0.350883  0.311552
3068 0.271168 0.379168  0.349665
1423 0.197184 0.253835  0.54898
2616 0.215278 0.0947995  0.689923
5389 0.0909843 0.507288  0.401728
5451 0.235069 0.459526  0.305405
169 0.488131 0.302058  0.209811
3675 0.349439 0.326153  0.324409
5146 0.354262 0.463043  0.182695
4235 0.38189 0.187183  0.430927
3265 0.217009 0.515626  0.267364
321 0.408577 0.321524  0.269899
524 0.388316 0.413373  0.198311
4974 0.250966 0.36773  0.381305
2895 0.474588 0.124429  0.400982
2581 0.482296 0.339827  0.177877
2960 0.102853 0.397498  0.499649
6050 0.372728 0.155086  0.472187
4250 0.203723 0.437112  0.359166
4579 0.219619 0.408728  0.371653
4815 0.132216 0.448052  0.419732
939 0.18011 0.300975  0.518915
1260 0.434425 0.303206  0.262369
2458 0.763042 0.193366  0.0435922
669 0.0862871 0.469853  0.44386
4416 0.377669 0.37568  0.246651
1001 0.449694 0.371292  0.179014
2014 0.516882 0.307586  0.175532
3252 0.0517961 0.915928  0.0322762
379 0.598655 0.0977627  0.303582
3506 0.159055 0.653992  0.186953
5704 0.368768 0.424309  0.206923
3317 0.337639 0.440164  0.222197
5610 0.0143535 0.566102  0.419544
68 0.381164 0.180238  0.438597
5934 0.385314 0.410175  0.204511
945 0.310094 0.28452  0.405386
2467 0.405304 0.554677  0.0400188
3456 0.506243 0.0796069  0.41415
1586 0.185992 0.462061  0.351947
4465 0.446406 0.483885  0.069709
1403 0.214689 0.513857  0.271454
1373 0.133928 0.512385  0.353687
6140 0.444212 0.21383  0.341959
307 0.0849536 0.407758  0.507288
590 0.249548 0.578227  0.172225
194 0.693478 0.15418  0.152342
932 0.205938 0.518991  0.275071
5870 0.34623 0.469967  0.183803
2112 0.42003 0.300972  0.278998
1437 0.215873 0.694531  0.0895954
204 0.133453 0.22861  0.637937
3390 0.0596735 0.267029  0.673298
6060 0.0333065 0.479248  0.487445
1514 0.469696 0.192607  0.337697
1064 0.714725 0.212755  0.0725198
1273 0.307128 0.168747  0.524125
4388 0.415662 0.327414  0.256924
1485 0.247234 0.378106  0.37466
4442 0.652005 0.00972512  0.33827
1899 0.261408 0.23209  0.506503
2806 0.280853 0.241735  0.477412
2786 0.477328 0.473844  0.0488285
5102 0.571352 0.385382  0.0432657
5498 0.135388 0.258711  0.6059
5134 0.675341 0.21774  0.106919
4591 0.116633 0.389702  0.493665
181 0.318142 0.239843  0.442015
3664 0.380682 0.499485  0.119833
1693 0.243588 0.296424  0.459988
5945 0.557064 0.305771  0.137165
1241 0.483854 0.22974  0.286406
127 0.341503 0.506478  0.152019
3014 0.183982 0.49773  0.318288
3766 0.155043 0.745837  0.0991193
5994 0.548443 0.158068  0.293489
1592 0.134803 0.49829  0.366907
4239 0.49889 0.0208955  0.480214
696 0.280029 0.485385  0.234586
4228 0.556428 0.239523  0.204048
3219 0.159096 0.437405  0.403499
5536 0.356661 0.293714  0.349626
3004 0.108852 0.243695  0.647453
5524 0.198925 0.355217  0.445858
4552 0.177793 0.523423  0.298784
3678 0.255793 0.057111  0.687096
2573 0.462386 0.475741  0.0618731
1161 0.310045 0.427476  0.262479
5208 0.100719 0.708915  0.190367
5037 0.310794 0.323978  0.365228
4351 0.286104 0.646141  0.0677553
984 0.546721 0.155724  0.297554
2309 0.15277 0.648053  0.199177
4795 0.317913 0.344132  0.337955
1026 0.34486 0.369119  0.286021
1912 0.467579 0.190172  0.342249
955 0.58227 0.120965  0.296765
1991 0.447761 0.503231  0.0490078
4666 0.0446138 0.53481  0.420576
2858 0.0819802 0.88741  0.0306096
3109 0.488643 0.424527  0.0868294
1520 0.186101 0.777226  0.036673
0 0.494105 0.364374  0.141521
5793 0.66551 0.075554  0.258937
2890 0.30297 0.128305  0.568725
3900 0.659056 0.265049  0.0758956
5841 0.378002 0.254529  0.367469
3650 0.449833 0.44815  0.102017
5176 0.744376 0.0491351  0.206489
4932 0.354787 0.470575  0.174638
5152 0.287489 0.354388  0.358124
1843 0.358575 0.15642  0.485005
3159 0.393156 0.302092  0.304752
5300 0.377976 0.226967  0.395056
4784 0.440787 0.362999  0.196213
4517 0.50153 0.448227  0.0502434
5452 0.445655 0.10082  0.453525
5017 0.22699 0.247976  0.525034
4231 0.18594 0.523152  0.290907
3628 0.818884 0.13542  0.0456967
2961 0.0780127 0.308661  0.613326
2648 0.140541 0.458034  0.401425
2909 0.454749 0.520995  0.0242565
725 0.167937 0.471549  0.360515
1058 0.439777 0.0937797  0.466444
5333 0.186806 0.384163  0.42903
674 0.555947 0.152717  0.291335
5217 0.273988 0.35686  0.369153
2881 0.43778 0.0921758  0.470045
2871 0.432871 0.0965592  0.47057
1736 0.394007 0.346663  0.25933
2725 0.742248 0.173824  0.083928
25 0.510481 0.16373  0.325789
4227 0.536964 0.40295  0.0600859
2655 0.406014 0.208061  0.385924
496 0.413341 0.265598  0.32106
5733 0.369218 0.347758  0.283025
1823 0.272921 0.587396  0.139683
4924 0.588958 0.278413  0.13263
3202 0.267596 0.382808  0.349596
5153 0.128359 0.417562  0.454079
1949 0.401459 0.169299  0.429242
2805 0.125199 0.682217  0.192584
2739 0.1856 0.359375  0.455025
4639 0.0580932 0.33845  0.603457
1979 0.156472 0.629238  0.214291
2085 0.224636 0.332464  0.4429
4488 0.839273 0.103472  0.0572547
330 0.488903 0.486489  0.0246087
179 0.0392413 0.468616  0.492143
1392 0.383019 0.0678822  0.549099
461 0.164574 0.35335  0.482076
2084 0.228927 0.452319  0.318754
2213 0.57908 0.193458  0.227462
5577 0.423522 0.285415  0.291063
3710 0.0581755 0.402169  0.539655
3048 0.475056 0.431687  0.0932568
261 0.118204 0.582447  0.299348
5775 0.012496 0.760442  0.227062
4375 0.211535 0.214139  0.574326
1142 0.229081 0.648257  0.122662
2242 0.179485 0.210856  0.609659
3554 0.597866 0.384674  0.0174596
2017 0.224501 0.460404  0.315095
2747 0.36115 0.302512  0.336338
3245 0.390856 0.476669  0.132476
1737 0.208392 0.437991  0.353617
150 0.287336 0.530325  0.182339
4868 0.496741 0.175039  0.32822
2361 0.0189957 0.172219  0.808786
2774 0.129674 0.694605  0.175721
1704 0.0264873 0.375181  0.598332
1099 0.0291644 0.54995  0.420886
2733 0.181234 0.444943  0.373824
3417 0.319025 0.372056  0.308918
4610 0.281592 0.398937  0.319471
5338 0.102623 0.496498  0.400879
586 0.19626 0.397002  0.406738
3691 0.57068 0.398464  0.0308562
3623 0.151226 0.60888  0.239895
1147 0.36413 0.198192  0.437678
367 0.519725 0.0288541  0.451421
2985 0.408495 0.547118  0.0443875
3284 0.262542 0.189781  0.547676
4122 0.455068 0.0977288  0.447203
3679 0.439191 0.0510537  0.509755
1734 0.455806 0.124768  0.419426
5213 0.750832 0.234024  0.0151443
4858 0.53755 0.345973  0.116477
6070 0.804021 0.105238  0.0907412
4831 0.0145322 0.584158  0.401309
3301 0.770459 0.153959  0.0755826
6063 0.361018 0.266141  0.37284
3689 0.136155 0.277234  0.586611
2914 0.27945 0.474288  0.246262
2250 0.247225 0.50551  0.247266
3532 0.0265118 0.400298  0.57319
5430 0.433153 0.389664  0.177183
889 0.30489 0.397601  0.297509
5415 0.262302 0.290438  0.44726
945 0.377597 0.366329  0.256074
5794 0.443499 0.0221309  0.534371
1004 0.382534 0.338172  0.279294
5630 0.382037 0.209667  0.408297
232 0.238691 0.387403  0.373906
4351 0.354409 0.427465  0.218127
2555 0.0818716 0.0980623  0.820066
3973 0.231765 0.427585  0.340649
3200 0.524159 0.224057  0.251784
4136 0.498627 0.136544  0.364829
4296 0.0826937 0.458184  0.459123
2310 0.163302 0.075318  0.76138
1387 0.0454718 0.379311  0.575217
5076 0.357713 0.459364  0.182923
4832 0.44816 0.239245  0.312596
5606 0.507519 0.239019  0.253462
1685 0.235885 0.524357  0.239758
1664 0.103981 0.325612  0.570407
5430 0.436739 0.222949  0.340312
271 0.247599 0.156446  0.595955
2485 0.493102 0.106747  0.400151
2708 0.0778826 0.195117  0.727
3343 0.602122 0.14677  0.251108
1548 0.126945 0.0167581  0.856297
2431 0.0794659 0.587987  0.332547
2437 0.483944 0.00674396  0.509312
2380 0.02965 0.604034  0.366316
3199 0.8402 0.142795  0.0170043
5824 0.186029 0.477059  0.336912
5615 0.156878 0.726614  0.116508
3133 0.126716 0.82008  0.0532038
810 0.396145 0.41158  0.192274
752 0.341468 0.418314  0.240217
5950 0.387055 0.437663  0.175283
2749 0.233419 0.330297  0.436284
165 0.0647154 0.414227  0.521058
1819 0.601643 0.127971  0.270386
3436 0.118116 0.266894  0.61499
663 0.381855 0.322051  0.296094
1217 0.434632 0.388588  0.176781
4549 0.281506 0.0887697  0.629724
4806 0.366788 0.433147  0.200064
2966 0.0753176 0.802213  0.122469
782 0.367493 0.273763  0.358744
3234 0.177953 0.344932  0.477116
1104 0.534665 0.02  0.445335
2268 0.298026 0.324288  0.377686
5977 0.0297434 0.31442  0.655837
2682 0.286009 0.257459  0.456532
344 0.219021 0.357685  0.423293
3294 0.457421 0.432182  0.110398
1685 0.346057 0.444141  0.209802
5010 0.394711 0.310418  0.294871
5995 0.479109 0.306899  0.213992
1381 0.523066 0.432599  0.044335
4125 0.232054 0.362707  0.405239
4479 0.320603 0.219835  0.459561
5975 0.418668 0.46985  0.111483
4022 0.32484 0.172211  0.502949
2054 0.110405 0.174205  0.71539
576 0.10333 0.472656  0.424014
3756 0.013312 0.208203  0.778485
5942 0.288134 0.394578  0.317288
3044 0.453798 0.148146  0.398056
953 0.344395 0.135958  0.519647
227 0.491682 0.166539  0.341779
2483 0.215152 0.351792  0.433057
2130 0.288048 0.200247  0.511706
2851 0.743558 0.2168  0.0396423
1543 0.0197641 0.420099  0.560137
274 0.084027 0.223163  0.69281
4930 0.558474 0.29739  0.144136
1168 0.357388 0.245752  0.396859
1887 0.0352821 0.437326  0.527391
5803 0.258858 0.136339  0.604803
5591 0.446407 0.235085  0.318508
1243 0.440589 0.413577  0.145834
3991 0.430668 0.159484  0.409848
4143 0.321577 0.229356  0.449066
610 0.283411 0.563879  0.15271
3118 0.245281 0.134713  0.620006
2629 0.325881 0.290791  0.383328
4103 0.761119 0.0834172  0.155464
108 0.0441949 0.660887  0.294918
669 0.239167 0.364162  0.396671
5608 0.644108 0.253149  0.102743
282 0.529665 0.16666  0.303675
3571 0.402074 0.374947  0.22298
4642 0.107637 0.242336  0.650026
4635 0.700022 0.0756511  0.224326
22 0.144728 0.266618  0.588653
2742 0.636774 0.0594392  0.303787
5287 0.463112 0.354777  0.182111
3446 0.202832 0.489221  0.307947
3229 0.390296 0.104874  0.50483
4291 0.385755 0.164087  0.450158
1641 0.372537 0.293833  0.333631
1530 0.181655 0.380908  0.437437
5295 0.388891 0.434094  0.177015
2768 0.573452 0.131649  0.294899
2318 0.298027 0.443849  0.258124
2802 0.409422 0.195363  0.395214
434 0.307281 0.360163  0.332556
1067 0.0956229 0.307731  0.596646
2403 0.166247 0.37691  0.456844
5727 0.207375 0.414967  0.377658
2963 0.271111 0.192782  0.536107
2447 0.451761 0.0904394  0.4578
905 0.351122 0.306123  0.342755
2251 0.412795 0.274776  0.312429
5193 0.161002 0.299347  0.539651
93 0.394227 0.489756  0.116017
179 0.463857 0.201497  0.334647
6012 0.0769403 0.64296  0.2801
4150 0.132498 0.618186  0.249315
2207 0.26644 0.317429  0.416131
226 0.442587 0.342666  0.214747
5719 0.18631 0.62043  0.19326
216 0.453203 0.447572  0.0992255
1656 0.332641 0.377921  0.289438
4226 0.427084 0.101534  0.471382
5078 0.075707 0.529393  0.3949
3733 0.399926 0.32267  0.277404
4238 0.561886 0.0656223  0.372492
4064 0.593763 0.271224  0.135013
4491 0.313484 0.581589  0.104927
5365 0.572685 0.0853217  0.341994
1519 0.446371 0.309661  0.243967
1961 0.0742645 0.292571  0.633164
4743 0.076923 0.479664  0.443413
5335 0.0718571 0.371495  0.556648
5035 0.373456 0.246456  0.380087
563 0.683864 0.305045  0.0110912
2213 0.292779 0.46764  0.239581
4758 0.274493 0.445913  0.279594
5321 0.226637 0.674781  0.0985816
313 0.643621 0.197622  0.158757
1037 0.223775 0.460689  0.315536
971 0.248081 0.504031  0.247887
3760 0.296114 0.450854  0.253032
3616 0.45899 0.375498  0.165512
3383 0.472227 0.305376  0.222397
4571 0.408058 0.265139  0.326803
4122 0.636498 0.332418  0.0310842
394 0.562482 0.0888421  0.348676
3586 0.312172 0.454468  0.23336
1442 0.753246 0.103929  0.142824
1678 0.308666 0.169627  0.521707
2875 0.39469 0.448393  0.156918
5848 0.466291 0.225719  0.30799
41 0.475421 0.224491  0.300088
1933 0.35111 0.291838  0.357052
3556 0.58602 0.109359  0.304621
5319 0.221903 0.391504  0.386593
2880 0.131977 0.414466  0.453557
4140 0.29217 0.298338  0.409492
4897 0.486492 0.159298  0.35421
1656 0.25403 0.45934  0.286629
4168 0.252358 0.498933  0.248709
601 0.104613 0.383359  0.512028
2217 0.447203 0.168629  0.384168
6030 0.400059 0.296238  0.303703
4787 0.0505614 0.344043  0.605395
2524 0.106018 0.471104  0.422878
3159 0.538893 0.280768  0.180339
404 0.22095 0.309765  0.469285
4890 0.145366 0.47975  0.374884
1824 0.152726 0.200837  0.646437
2861 0.166401 0.356173  0.477426
5144 0.417663 0.147982  0.434355
5874 0.131228 0.280375  0.588397
5834 0.0591181 0.455987  0.484895
1661 0.402241 0.529858  0.0679007
4108 0.30761 0.0517898  0.6406
2589 0.174139 0.137452  0.688409
5490 0.474007 0.221786  0.304207
2740 0.396777 0.136504  0.466719
5750 0.407114 0.0412595  0.551626
2772 0.603955 0.313568  0.0824763
4758 0.255604 0.209138  0.535258
3109 0.486386 0.146073  0.367541
5517 0.346714 0.435418  0.217869
6007 0.793889 0.0141067  0.192005
3057 0.279979 0.458715  0.261306
3783 0.495247 0.387976  0.116777
5520 0.301544 0.421019  0.277437
4121 0.0215056 0.313382  0.665112
3797 0.357396 0.225515  0.417088
4270 0.367565 0.555254  0.0771804
1154 0.67572 0.22708  0.0971994
5382 0.416566 0.505682  0.0777517
4326 0.315905 0.294567  0.389529
5118 0.211869 0.170829  0.617302
5783 0.386916 0.526912  0.0861722
3915 0.212835 0.373512  0.413654
2590 0.0649275 0.909046  0.0260261
2616 0.0446168 0.731883  0.2235
4557 0.438522 0.215566  0.345912
702 0.389849 0.101896  0.508256
1897 0.455806 0.228485  0.315709
3262 0.33111 0.542371  0.126519
471 0.327497 0.288375  0.384128
1153 0.338845 0.419209  0.241946
4380 0.549507 0.0906147  0.359878
3561 0.761407 0.16317  0.075423
5480 0.359703 0.342875  0.297421
1517 0.103965 0.0861491  0.809886
1825 0.408201 0.403964  0.187835
234 0.321442 0.369838  0.30872
2651 0.448617 0.127623  0.42376
2367 0.107858 0.42643  0.465711
3690 0.140524 0.409415  0.450061
5723 0.298932 0.437907  0.26316
2832 0.435249 0.418263  0.146488
2773 0.548251 0.441675  0.0100739
3465 0.410583 0.17975  0.409667
2348 0.36824 0.303693  0.328066
491 0.0132731 0.402452  0.584275
4316 0.431495 0.216469  0.352036
970 0.522198 0.0868844  0.390918
1478 0.521803 0.221138  0.257059
2016 0.082883 0.221436  0.695681
5669 0.598683 0.14257  0.258746
3240 0.261001 0.583869  0.155129
5812 0.39678 0.202271  0.400949
1945 0.146445 0.219105  0.634449
2729 0.298297 0.430061  0.271642
1407 0.526403 0.271395  0.202202
5053 0.351526 0.572558  0.075916
641 0.518829 0.460147  0.0210243
2024 0.0495883 0.775735  0.174677
597 0.367116 0.22894  0.403944
1739 0.404363 0.303507  0.29213
136 0.763959 0.0995337  0.136507
3371 0.0405984 0.762321  0.19708
6138 0.270282 0.223289  0.506429
1061 0.426384 0.0965113  0.477105
193 0.437968 0.503784  0.0582484
1925 0.537791 0.396603  0.0656064
5572 0.0802002 0.749957  0.169843
1118 0.438952 0.37943  0.181618
5468 0.321125 0.480679  0.198197
94 0.198469 0.363566  0.437965
5646 0.37483 0.490426  0.134744
2515 0.386231 0.31372  0.300049
5475 0.0280412 0.773717  0.198242
3923 0.200522 0.233877  0.565601
5540 0.365863 0.422038  0.2121
138 0.259478 0.391769  0.348754
2933 0.0683565 0.731506  0.200137
4283 0.191131 0.160435  0.648434
219 0.53133 0.40525  0.0634198
5658 0.559945 0.384153  0.0559019
5772 0.370406 0.511412  0.118182
732 0.582577 0.226071  0.191352
5866 0.755374 0.220498  0.0241281
5294 0.0258163 0.730744  0.243439
147 0.65736 0.0982087  0.244431
2532 0.304543 0.346357  0.349099
1 0.380332 0.237556  0.382112
2055 0.127774 0.458073  0.414153
2319 0.122472 0.522801  0.354727
5213 0.365597 0.388578  0.245825
5 0.0648621 0.400754  0.534384
5797 0.163794 0.57089  0.265316
3796 0.490586 0.438732  0.0706819
4144 0.140423 0.665032  0.194545
3071 0.291221 0.658673  0.0501063
5351 0.277523 0.112506  0.609971
2269 0.137004 0.643934  0.219062
4040 0.129963 0.424404  0.445633
1139 0.146459 0.399381  0.454161
4172 0.127799 0.445732  0.426469
2754 0.288148 0.463223  0.248629
5410 0.573594 0.373232  0.0531736
1050 0.628651 0.0357157  0.335633
4166 0.269006 0.373689  0.357305
4842 0.451812 0.38582  0.162368
5170 0.292758 0.343403  0.363839
2515 0.5984 0.309573  0.0920267
5176 0.54662 0.127418  0.325962
5089 0.485227 0.0989314  0.415842
4468 0.448863 0.256019  0.295118
409 0.40135 0.213391  0.385259
2442 0.183232 0.802895  0.0138724
4088 0.459248 0.0461013  0.49465
5092 0.890358 0.0104585  0.0991839
291 0.188945 0.723569  0.087486
6107 0.583671 0.322016  0.0943133
2039 0.336478 0.103429  0.560092
1532 0.126861 0.620401  0.252738
4067 0.393267 0.0736518  0.533081
1746 0.233073 0.444456  0.322471
5665 0.0231392 0.741373  0.235488
2432 0.404691 0.483  0.112309
1236 0.420486 0.443182  0.136332
2996 0.332713 0.283047  0.38424
2313 0.245736 0.393316  0.360948
1256 0.252913 0.153272  0.593815
1569 0.335221 0.300759  0.36402
1655 0.612951 0.358012  0.0290364
1294 0.42036 0.374021  0.20562
3774 0.458873 0.18094  0.360186
3098 0.291576 0.517982  0.190442
2565 0.336437 0.390879  0.272684
1365 0.802651 0.140484  0.0568649
12 0.139151 0.386864  0.473985
4896 0.310974 0.423513  0.265514
391 0.289903 0.210907  0.49919
5343 0.303375 0.0953206  0.601305
3779 0.480122 0.442826  0.0770517
1124 0.555713 0.353149  0.091138
1334 0.392412 0.33115  0.276438
2288 0.426959 0.0249189  0.548122
534 0.261421 0.171177  0.567402
4375 0.320458 0.385399  0.294143
2546 0.491448 0.191506  0.317046
836 0.476721 0.307745  0.215534
5066 0.449577 0.0518551  0.498568
2309 0.320451 0.197413  0.482136
2412 0.639114 0.0252208  0.335665
1069 0.425669 0.075314  0.499017
2832 0.601413 0.222647  0.175939
2910 0.496767 0.121881  0.381352
899 0.404003 0.0713823  0.524614
1775 0.248205 0.0715667  0.680228
5959 0.284082 0.368706  0.347212
2786 0.260217 0.426881  0.312902
3992 0.343355 0.0143329  0.642312
592 0.244172 0.211848  0.54398
557 0.411464 0.264553  0.323984
2179 0.194165 0.235371  0.570464
4453 0.301393 0.212061  0.486546
5725 0.367187 0.36345  0.269362
5943 0.439821 0.282033  0.278146
1497 0.156064 0.347862  0.496074
2116 0.468457 0.101227  0.430317
500 0.357157 0.157539  0.485304
2711 0.346846 0.508648  0.144507
925 0.212272 0.363014  0.424714
3389 0.415638 0.33725  0.247112
4624 0.678707 0.0733098  0.247984
1010 0.723699 0.160198  0.116102
2754 0.137525 0.134383  0.728092
170 0.467823 0.41292  0.119256
3145 0.340546 0.215159  0.444296
3529 0.204426 0.244558  0.551016
5924 0.301394 0.29288  0.405727
2287 0.713772 0.0804678  0.205761
5151 0.685641 0.265712  0.0486468
3248 0.725585 0.220325  0.0540902
3697 0.295911 0.509679  0.194409
4871 0.228287 0.300567  0.471146
2232 0.412782 0.366767  0.220451
4232 0.130551 0.443344  0.426105
5772 0.440053 0.500741  0.0592061
4772 0.0151098 0.0509257  0.933965
3800 0.144028 0.665814  0.190158
2943 0.423906 0.117516  0.458578
379 0.257896 0.170979  0.571126
2424 0.514843 0.194873  0.290284
5355 0.431226 0.121218  0.447556
268 0.292383 0.473537  0.23408
5337 0.20869 0.225632  0.565678
5776 0.467678 0.402772  0.12955
4087 0.383169 0.037272  0.57956
2232 0.0444483 0.513638  0.441914
1604 0.043417 0.523257  0.433326
5703 0.642412 0.109043  0.248545
3775 0.759299 0.162453  0.0782478
2518 0.273672 0.361858  0.36447
601 0.447744 0.402522  0.149734
904 0.405886 0.228752  0.365362
4603 0.315969 0.334975  0.349057
2986 0.0056388 0.522761  0.4716
1603 0.0827465 0.458121  0.459133
680 0.215603 0.127915  0.656482
5038 0.178336 0.406349  0.415315
4769 0.0362491 0.351124  0.612627
989 0.594161 0.146786  0.259053
2803 0.350228 0.24176  0.408013
5574 0.196721 0.343442  0.459837
2110 0.424983 0.318826  0.256192
3748 0.0132288 0.496479  0.490292
1518 0.236953 0.283575  0.479472
384 0.717941 0.0800933  0.201966
5267 0.471715 0.196147  0.332138
3489 0.113842 0.508234  0.377924
4100 0.412498 0.452337  0.135165
4924 0.418804 0.242999  0.338198
4407 0.197806 0.48197  0.320225
3193 0.821344 0.129883  0.0487738
6 0.407423 0.368288  0.224288
3681 0.151326 0.518815  0.329859
3942 0.250469 0.633496  0.116036
3593 0.0102397 0.500697  0.489063
6081 0.123733 0.83679  0.039477
6113 0.0108707 0.57237  0.416759
2633 0.0959265 0.736885  0.167188
5515 0.453189 0.455204  0.0916077
2858 0.510759 0.32329  0.165951
4130 0.302681 0.252552  0.444767
3625 0.191397 0.438505  0.370098
5896 0.108118 0.473052  0.41883
712 0.179588 0.173017  0.647395
3857 0.361959 0.212799  0.425242
5033 0.353526 0.484568  0.161906
1157 0.2316 0.0978195  0.670581
1500 0.452792 0.398068  0.14914
3541 0.37315 0.247086  0.379764
2149 0.294719 0.376067  0.329215
3935 0.227553 0.462599  0.309848
86 0.220606 0.655474  0.12392
5493 0.232251 0.583832  0.183918
4828 0.28869 0.207926  0.503384
5902 0.305105 0.282196  0.412698
6096 0.589817 0.0141053  0.396078
5167 0.570774 0.170307  0.25892
3301 0.297554 0.454401  0.248044
3965 0.0400093 0.230324  0.729667
1609 0.0933461 0.535651  0.371003
5990 0.396971 0.192457  0.410571
5102 0.516001 0.477672  0.00632701
1890 0.398937 0.396927  0.204136
3940 0.477204 0.427625  0.0951705
5764 0.468323 0.196891  0.334786
3956 0.237623 0.549798  0.212579
4398 0.509617 0.238372  0.252012
4558 0.496462 0.174187  0.329351
5261 0.4583 0.225577  0.316123
1730 0.260437 0.560843  0.17872
4580 0.220283 0.583611  0.196106
1313 0.223689 0.280955  0.495355
1889 0.510495 0.088955  0.40055
3432 0.403529 0.265355  0.331116
1337 0.519742 0.161605  0.318652
2310 0.502516 0.252379  0.245105
2618 0.445935 0.430338  0.123727
4805 0.302066 0.508816  0.189118
1865 0.602252 0.159056  0.238692
3298 0.043024 0.400254  0.556722
4367 0.418892 0.321283  0.259825
1502 0.308577 0.28767  0.403753
4280 0.380984 0.326642  0.292373
4787 0.250434 0.157405  0.592161
3210 0.676967 0.178928  0.144104
92 0.188472 0.267611  0.543917
5165 0.160478 0.745125  0.0943965
1020 0.486566 0.0482451  0.465189
1092 0.0320367 0.731613  0.23635
1618 0.390134 0.144184  0.465682
6130 0.165306 0.521671  0.313023
756 0.735039 0.203591  0.0613696
2900 0.365288 0.299238  0.335473
3157 0.251665 0.464027  0.284309
3780 0.396487 0.426431  0.177082
2392 0.286239 0.143329  0.570431
6105 0.215251 0.725034  0.0597146
2170 0.349092 0.345527  0.305381
4428 0.310068 0.537174  0.152758
471 0.390236 0.184988  0.424776
1540 0.354167 0.418309  0.227525
3550 0.129561 0.260049  0.61039
1973 0.424097 0.0585327  0.51737
4400 0.251549 0.0562639  0.692187
2633 0.249648 0.371306  0.379046
5222 0.314985 0.389963  0.295052
1396 0.452451 0.269895  0.277654
3532 0.334053 0.299206  0.366741
900 0.475111 0.296464  0.228425
4486 0.486029 0.304852  0.209119
4589 0.160998 0.353846  0.485156
5458 0.134785 0.123825  0.74139
3013 0.544299 0.190961  0.26474
383 0.431317 0.420568  0.148115
1411 0.0309288 0.788605  0.180466
655 0.493498 0.179217  0.327285
3106 0.441228 0.495023  0.0637487
5698 0.182574 0.524723  0.292704
4763 0.39846 0.192928  0.408612
4122 0.18224 0.331562  0.486197
2553 0.317321 0.119338  0.563341
3935 0.38897 0.1949  0.41613
5017 0.181627 0.538214  0.280158
2794 0.527536 0.326478  0.145986
3053 0.284933 0.49041  0.224657
2255 0.362343 0.413891  0.223766
2244 0.243693 0.439363  0.316944
3271 0.479547 0.505566  0.0148869
1197 0.33651 0.240537  0.422954
4464 0.613876 0.23282  0.153304
728 0.160086 0.491346  0.348568
1484 0.518929 0.162898  0.318173
5934 0.49244 0.260441  0.247119
68 0.57214 0.0408569  0.387003
5039 0.208633 0.333674  0.457693
1604 0.159726 0.329983  0.510292
4501 0.13801 0.615774  0.246216
2287 0.596047 0.316153  0.0878002
825 0.197636 0.521664  0.2807
4055 0.502718 0.189924  0.307359
4116 0.0834335 0.146651  0.769915
54 0.2391 0.663548  0.097352
4440 0.639859 0.0546452  0.305496
6093 0.397407 0.30296  0.299634
2393 0.150598 0.455567  0.393835
2611 0.0239016 0.21134  0.764759
3005 0.37009 0.354032  0.275877
2322 0.256373 0.647641  0.0959865
2013 0.770687 0.198511  0.0308013
2807 0.47498 0.304447  0.220573
2910 0.113447 0.514981  0.371572
4802 0.195094 0.0742954  0.730611
2923 0.264383 0.292499  0.443117
5663 0.100936 0.666263  0.232802
2461 0.321229 0.368146  0.310625
950 0.551645 0.080448  0.367907
6067 0.399925 0.366783  0.233292
59 0.588396 0.334864  0.0767402
3775 0.0296187 0.0486835  0.921698
475 0.270783 0.431038  0.298178
5588 0.347197 0.116427  0.536376
5694 0.289374 0.0323549  0.678271
1502 0.0873927 0.625732  0.286875
5841 0.483641 0.383734  0.132626
3669 0.526255 0.399905  0.0738402
2653 0.112144 0.61195  0.275906
735 0.120477 0.421601  0.457922
5080 0.495409 0.195711  0.30888
2632 0.169013 0.420808  0.410179
3526 0.0992557 0.718152  0.182593
3782 0.216384 0.486665  0.296952
5398 0.0910708 0.17288  0.736049
2810 0.14037 0.532748  0.326882
1769 0.278763 0.443076  0.278161
463 0.454197 0.300768  0.245035
4995 0.190332 0.0826008  0.727067
4385 0.506995 0.390026  0.102979
5809 0.753368 0.125089  0.121543
367 0.453893 0.430907  0.1152
668 0.504703 0.26191  0.233387
5610 0.239178 0.573099  0.187723
5526 0.433073 0.283883  0.283045
3339 0.480686 0.248816  0.270498
1617 0.397926 0.269912  0.332162
4532 0.0798303 0.545184  0.374985
51 0.680967 0.208533  0.1105
5481 0.442213 0.25011  0.307677
1143 0.312919 0.403729  0.283351
2409 0.231098 0.179042  0.58986
4086 0.182415 0.632762  0.184823
4493 0.376357 0.363993  0.259649
4782 0.530641 0.43716  0.0321997
2885 0.0771827 0.543649  0.379168
2292 0.113087 0.536577  0.350335
5830 0.416471 0.403159  0.18037
5982 0.406216 0.469664  0.12412
276 0.77395 0.0590036  0.167046
727 0.346002 0.25019  0.403809
2107 0.602462 0.133554  0.263984
4491 0.345062 0.306573  0.348365
