1917 0.435503 0.019678  0.544819
9485 0.0983034 0.570862  0.330835
2980 0.0520543 0.17534  0.772606
4816 0.249552 0.570769  0.179679
6751 0.596029 0.265075  0.138896
831 0.50272 0.355598  0.141682
5153 0.32286 0.606582  0.0705587
6522 0.269396 0.710899  0.0197049
8113 0.470964 0.192744  0.336293
10668 0.19532 0.439763  0.364916
11894 0.477599 0.437576  0.0848242
4784 0.352808 0.262463  0.384729
1886 0.164565 0.266197  0.569238
360 0.233006 0.326791  0.440203
9572 0.121559 0.313093  0.565348
6278 0.484716 0.125214  0.390069
1451 0.233332 0.342132  0.424537
9446 0.503599 0.0162057  0.480196
2159 0.46733 0.375285  0.157385
2581 0.189133 0.551122  0.259745
7505 0.531933 0.0130528  0.455014
473 0.176582 0.164157  0.659261
4101 0.71229 0.135965  0.151745
8039 0.32443 0.120314  0.555256
2133 0.385586 0.259042  0.355372
3740 0.198978 0.638562  0.16246
1407 0.416799 0.543975  0.0392267
9790 0.247941 0.311057  0.441001
4064 0.13137 0.415134  0.453496
12377 0.359347 0.313748  0.326905
7176 0.217687 0.708277  0.0740353
2610 0.137766 0.452911  0.409323
8052 0.237126 0.546399  0.216475
11468 0.358145 0.46445  0.177406
11840 0.148975 0.541606  0.309419
11211 0.485998 0.325735  0.188267
9787 0.44913 0.02399  0.52688
9197 0.376377 0.430812  0.192811
4921 0.0336185 0.303195  0.663187
3412 0.219179 0.0624159  0.718405
8771 0.380165 0.125454  0.494381
11589 0.176844 0.432856  0.3903
633 0.220022 0.422495  0.357483
1138 0.0386116 0.591191  0.370198
12321 0.590614 0.119748  0.289638
2310 0.56137 0.0100772  0.428552
3511 0.0636424 0.514519  0.421838
1177 0.291629 0.238713  0.469658
10494 0.318834 0.299434  0.381732
10115 0.0560551 0.329132  0.614813
603 0.284616 0.526872  0.188512
6403 0.151043 0.0730128  0.775944
2923 0.167292 0.662566  0.170142
10429 0.240273 0.585605  0.174122
8536 0.331039 0.329312  0.339649
9099 0.0140775 0.519299  0.466624
4265 0.199118 0.450725  0.350157
11159 0.314568 0.394181  0.291251
8240 0.353679 0.332783  0.313539
7476 0.243508 0.536345  0.220147
3560 0.285006 0.112309  0.602685
10741 0.039522 0.156182  0.804296
2231 0.339869 0.320597  0.339534
7566 0.360192 0.337296  0.302512
6720 0.161735 0.0461691  0.792096
859 0.430458 0.139896  0.429646
4502 0.217428 0.390891  0.391681
6598 0.258676 0.695202  0.0461229
10776 0.524142 0.0337597  0.442099
4850 0.259023 0.636617  0.10436
10615 0.10599 0.323461  0.570549
3647 0.172265 0.206534  0.6212
5687 0.450529 0.520044  0.0294267
9619 0.364838 0.286619  0.348543
7408 0.745678 0.217922  0.0364002
5409 0.310791 0.212578  0.476631
8079 0.271352 0.437889  0.290759
6844 0.263978 0.717206  0.0188162
5820 0.148146 0.258097  0.593757
1404 0.116551 0.452896  0.430552
4876 0.245148 0.54105  0.213802
1628 0.554469 0.132901  0.31263
11922 0.46285 0.369366  0.167783
7763 0.251367 0.499019  0.249614
5502 0.416356 0.271559  0.312085
7505 0.044699 0.131472  0.823829
10743 0.359691 0.2243  0.416009
914 0.492721 0.192125  0.315154
10258 0.354135 0.36799  0.277874
4288 0.25325 0.518662  0.228088
12069 0.058743 0.505906  0.435351
4105 0.422023 0.363868  0.214109
265 0.270133 0.439287  0.29058
10868 0.155049 0.454144  0.390807
1141 0.373271 0.201313  0.425417
8335 0.207277 0.637474  0.155249
2298 0.118634 0.329888  0.551478
2405 0.358776 0.280017  0.361206
9662 0.332032 0.146191  0.521777
7796 0.250853 0.260725  0.488422
12129 0.629593 0.360902  0.00950499
9966 0.443584 0.213935  0.342481
10405 0.285654 0.428882  0.285465
11624 0.541245 0.390557  0.0681984
1050 0.0147214 0.557658  0.427621
9647 0.22193 0.229064  0.549006
4176 0.330339 0.503777  0.165884
9692 0.182135 0.233894  0.583971
4405 0.134589 0.784465  0.0809459
8677 0.218427 0.329627  0.451946
7833 0.203973 0.204042  0.591985
4022 0.885797 0.088745  0.0254583
4039 0.141343 0.331865  0.526792
4813 0.0942114 0.468148  0.437641
9448 0.497931 0.296701  0.205367
9567 0.477935 0.465146  0.0569195
3805 0.0339349 0.24894  0.717125
8968 0.392992 0.0701956  0.536813
2593 0.275576 0.435179  0.289245
11457 0.347597 0.358139  0.294264
5009 0.304779 0.0404213  0.6548
9805 0.213304 0.525874  0.260822
11139 0.399978 0.209003  0.391019
4172 0.498688 0.0745242  0.426788
4668 0.319175 0.474769  0.206055
6242 0.227602 0.747157  0.0252406
9008 0.504292 0.299433  0.196275
5710 0.348084 0.245018  0.406898
9545 0.133471 0.22505  0.641479
3209 0.161649 0.395374  0.442978
2687 0.165373 0.456862  0.377765
1705 0.17797 0.385126  0.436904
77 0.336979 0.388933  0.274089
212 0.523483 0.295839  0.180678
1846 0.593609 0.2294  0.176991
8582 0.290647 0.578497  0.130856
6056 0.457234 0.250469  0.292297
4303 0.369937 0.295919  0.334144
11762 0.283091 0.415934  0.300976
3941 0.335808 0.300634  0.363558
6699 0.165689 0.528826  0.305485
866 0.284804 0.294412  0.420785
5849 0.313611 0.345835  0.340553
5829 0.0569766 0.43401  0.509013
11597 0.276015 0.413508  0.310477
4713 0.121259 0.572822  0.305919
4756 0.241041 0.505305  0.253653
5053 0.195495 0.112441  0.692064
5924 0.702502 0.177219  0.120279
361 0.296131 0.369798  0.334071
2131 0.502759 0.450723  0.0465176
4072 0.597207 0.385886  0.0169072
7881 0.84202 0.092531  0.0654492
5689 0.583543 0.0517023  0.364755
7734 0.45 0.180082  0.369917
6775 0.413231 0.181121  0.405648
3511 0.387859 0.404423  0.207718
3361 0.212336 0.373502  0.414162
3799 0.311058 0.573735  0.115207
8487 0.823304 0.0914939  0.0852025
1798 0.339445 0.296021  0.364533
5095 0.0245297 0.645036  0.330434
3529 0.367101 0.4503  0.182599
10868 0.411861 0.198384  0.389755
4131 0.232355 0.39316  0.374486
9445 0.322588 0.339504  0.337908
1074 0.422816 0.360246  0.216937
5489 0.168587 0.452475  0.378938
3022 0.766116 0.0544517  0.179432
2526 0.536153 0.403354  0.060493
10302 0.122374 0.578262  0.299364
6382 0.458085 0.17453  0.367385
6657 0.204836 0.295971  0.499193
3851 0.0258581 0.166901  0.807241
11647 0.478703 0.372668  0.148629
6216 0.0267761 0.301316  0.671908
819 0.410291 0.424143  0.165567
2693 0.295881 0.0581156  0.646003
9599 0.273284 0.521275  0.20544
7087 0.282584 0.3866  0.330817
135 0.236163 0.382861  0.380976
1962 0.0267662 0.723041  0.250193
1231 0.494766 0.19113  0.314104
4723 0.456308 0.335212  0.208481
6071 0.657634 0.141903  0.200463
1003 0.06384 0.730182  0.205978
5722 0.532966 0.300547  0.166488
9063 0.343238 0.530061  0.1267
5637 0.151771 0.13623  0.711998
414 0.421721 0.318638  0.259641
8454 0.436191 0.202614  0.361195
10825 0.375056 0.120134  0.504809
7218 0.0430898 0.485804  0.471107
3907 0.0405371 0.903292  0.0561706
11048 0.261095 0.562158  0.176747
10594 0.404651 0.383326  0.212024
7802 0.38991 0.0713009  0.538789
7651 0.497611 0.307269  0.19512
2969 0.256216 0.487211  0.256573
10242 0.431733 0.400412  0.167856
3069 0.279682 0.105998  0.61432
7050 0.262273 0.484613  0.253114
11123 0.40047 0.0536268  0.545904
3468 0.152596 0.289071  0.558333
5103 0.753718 0.0719077  0.174375
6965 0.136151 0.317503  0.546346
11628 0.578163 0.0204801  0.401357
11059 0.486985 0.0373807  0.475634
10676 0.15161 0.525385  0.323005
7844 0.238533 0.409379  0.352087
6138 0.429975 0.469205  0.100821
705 0.303538 0.376923  0.319538
1528 0.47378 0.410907  0.115314
9420 0.3387 0.193304  0.467995
239 0.272736 0.208059  0.519205
6461 0.16826 0.164383  0.667357
3155 0.391717 0.267521  0.340762
12436 0.659844 0.253424  0.0867323
8078 0.275002 0.317398  0.4076
9530 0.233156 0.295161  0.471683
3134 0.290317 0.193392  0.516291
2965 0.49557 0.0667895  0.43764
378 0.387279 0.298986  0.313735
9496 0.3301 0.0875324  0.582367
7221 0.601076 0.0733795  0.325544
4579 0.596238 0.306904  0.0968577
558 0.447175 0.52416  0.028665
6157 0.392805 0.0183612  0.588834
7289 0.616342 0.10962  0.274039
4685 0.463681 0.426624  0.109695
3613 0.213153 0.304891  0.481957
4833 0.393408 0.214138  0.392453
6987 0.46195 0.212857  0.325193
6816 0.248838 0.500697  0.250465
4583 0.57481 0.298791  0.126398
3747 0.0164509 0.392847  0.590702
9381 0.592999 0.249115  0.157886
8634 0.313974 0.187159  0.498867
2002 0.38784 0.216327  0.395832
11445 0.353371 0.467646  0.178984
7268 0.269596 0.561299  0.169105
3560 0.0917843 0.426717  0.481498
8482 0.50539 0.150028  0.344582
9186 0.332683 0.488095  0.179222
11812 0.421979 0.27524  0.302781
10086 0.751283 0.124363  0.124354
5456 0.191109 0.738348  0.0705432
9876 0.452304 0.410128  0.137569
2827 0.337128 0.571184  0.0916888
7621 0.47645 0.0571567  0.466393
1081 0.356223 0.0755436  0.568233
11940 0.372645 0.391342  0.236013
4886 0.241273 0.401916  0.356811
3170 0.0544011 0.424392  0.521207
9027 0.366458 0.207423  0.426119
6220 0.26206 0.0268017  0.711138
7615 0.0599446 0.370244  0.569812
855 0.0879581 0.272863  0.639179
7687 0.351209 0.117914  0.530876
12164 0.120646 0.153543  0.725811
9713 0.494014 0.234417  0.271569
3781 0.409561 0.494643  0.0957959
9569 0.310395 0.443433  0.246173
205 0.0572445 0.488802  0.453954
2497 0.471744 0.454045  0.0742104
4383 0.329337 0.348437  0.322225
6918 0.361424 0.219239  0.419337
3924 0.473872 0.426839  0.0992889
4685 0.289505 0.357322  0.353172
7408 0.281157 0.415585  0.303258
10291 0.851861 0.0454767  0.102663
11831 0.248017 0.569919  0.182064
4715 0.197849 0.413571  0.38858
618 0.387953 0.24946  0.362586
8613 0.191845 0.631494  0.176662
10959 0.111527 0.285831  0.602642
5005 0.535543 0.397549  0.0669081
11195 0.0365434 0.322595  0.640862
1499 0.396452 0.229337  0.37421
1931 0.327395 0.500087  0.172518
6758 0.258384 0.45718  0.284437
6750 0.639621 0.114533  0.245845
1754 0.40941 0.127576  0.463014
3923 0.263429 0.146945  0.589626
10166 0.381731 0.456953  0.161316
7506 0.0249963 0.0568759  0.918128
816 0.123923 0.417904  0.458173
12220 0.825218 0.0322106  0.142571
11360 0.492755 0.414851  0.0923934
2313 0.0269069 0.922898  0.0501953
2332 0.324328 0.126457  0.549216
5812 0.125558 0.64115  0.233292
4360 0.229708 0.234989  0.535303
4560 0.366658 0.273644  0.359699
10138 0.555134 0.191207  0.253659
945 0.307735 0.539778  0.152487
10742 0.412618 0.101757  0.485625
7575 0.347186 0.269921  0.382893
7435 0.408515 0.152696  0.438789
4752 0.20969 0.418199  0.372111
2936 0.197978 0.335541  0.466482
6313 0.327239 0.249476  0.423285
6368 0.326488 0.396716  0.276796
8947 0.633094 0.0219048  0.345001
711 0.135521 0.497173  0.367306
2791 0.16887 0.128144  0.702986
11804 0.354202 0.388589  0.257209
4945 0.116548 0.347952  0.535499
10967 0.251125 0.326562  0.422313
6266 0.937464 0.0138907  0.0486455
9965 0.207405 0.243135  0.54946
9292 0.394363 0.0478771  0.55776
11833 0.289184 0.351929  0.358887
12045 0.383596 0.299566  0.316837
5416 0.562605 0.37184  0.0655557
9805 0.309118 0.341525  0.349357
4401 0.315196 0.372392  0.312412
3435 0.44018 0.504421  0.0553989
921 0.209558 0.758155  0.0322868
1260 0.439104 0.537566  0.0233303
3533 0.214085 0.206655  0.57926
2006 0.0399027 0.136615  0.823482
9165 0.638384 0.281384  0.0802321
5318 0.458322 0.493754  0.0479244
11132 0.123264 0.572144  0.304593
7473 0.206056 0.763524  0.0304202
192 0.404297 0.145445  0.450259
9627 0.287173 0.179166  0.533661
9642 0.886989 0.0940816  0.0189299
7646 0.106254 0.58744  0.306306
3604 0.286055 0.543185  0.17076
2357 0.405361 0.0641636  0.530475
885 0.442823 0.104382  0.452795
3007 0.508313 0.286063  0.205624
11150 0.332047 0.610899  0.0570542
7050 0.0152831 0.501652  0.483065
10219 0.414552 0.37078  0.214668
11278 0.398697 0.31895  0.282354
9192 0.296538 0.612937  0.0905248
1793 0.713093 0.163327  0.12358
815 0.0191882 0.59028  0.390532
3114 0.292036 0.140016  0.567948
1009 0.687682 0.206175  0.106143
2199 0.620655 0.126069  0.253276
7165 0.361937 0.385662  0.252401
11164 0.407752 0.100503  0.491745
8142 0.378922 0.253209  0.36787
6982 0.489299 0.31654  0.194161
7894 0.136712 0.487838  0.37545
12258 0.555518 0.0274576  0.417024
3362 0.104875 0.415426  0.479699
12449 0.223652 0.380339  0.39601
10651 0.0796524 0.396706  0.523642
3687 0.035674 0.39902  0.565306
5975 0.629524 0.227616  0.14286
11150 0.46926 0.0295523  0.501187
1932 0.151497 0.330786  0.517717
3909 0.0683632 0.468978  0.462659
1871 0.0707411 0.171544  0.757715
5339 0.34719 0.285142  0.367668
5010 0.421079 0.48638  0.0925404
8027 0.117636 0.478965  0.403399
10552 0.377538 0.162243  0.46022
3373 0.281293 0.492255  0.226451
3170 0.356644 0.324258  0.319098
6022 0.0502129 0.031563  0.918224
6824 0.276764 0.38511  0.338126
10203 0.324261 0.387228  0.288511
2051 0.413745 0.391722  0.194533
2789 0.391172 0.338002  0.270825
11281 0.122295 0.49585  0.381855
1689 0.315573 0.469713  0.214713
8686 0.266877 0.556358  0.176765
2761 0.204973 0.580898  0.214129
1436 0.0991913 0.832115  0.0686935
9911 0.0251039 0.835153  0.139743
9037 0.13777 0.372396  0.489834
5370 0.31763 0.184786  0.497585
2965 0.377332 0.589205  0.0334638
4896 0.1754 0.386781  0.437819
9436 0.331866 0.258625  0.409509
5894 0.415536 0.264818  0.319646
5975 0.549697 0.424773  0.0255299
5482 0.0827277 0.402674  0.514598
10775 0.391105 0.447504  0.161391
1422 0.561918 0.153391  0.284691
8391 0.527714 0.290562  0.181724
9391 0.154047 0.0974559  0.748497
10269 0.373414 0.554671  0.0719147
5249 0.651088 0.0342059  0.314706
11849 0.617312 0.0516329  0.331055
9671 0.35409 0.298116  0.347794
4109 0.248726 0.241144  0.510129
2702 0.251986 0.273672  0.474342
8554 0.501931 0.36683  0.131239
4671 0.327228 0.0633345  0.609438
7410 0.120984 0.56294  0.316076
1340 0.30549 0.320678  0.373832
9003 0.359252 0.206502  0.434246
11903 0.420268 0.396605  0.183127
6639 0.241317 0.406812  0.351871
7467 0.379819 0.415887  0.204294
9484 0.483416 0.387718  0.128866
11413 0.413474 0.29688  0.289646
4877 0.0798948 0.440938  0.479167
2827 0.0513085 0.501111  0.44758
5393 0.441841 0.0526738  0.505485
12202 0.0783808 0.544903  0.376716
7775 0.406834 0.24129  0.351876
1148 0.242462 0.392647  0.364891
3208 0.253763 0.396106  0.350131
10503 0.198905 0.1783  0.622795
1742 0.523865 0.27496  0.201175
9793 0.0999085 0.514343  0.385748
7169 0.185169 0.50143  0.313401
179 0.28564 0.31793  0.396429
5640 0.259125 0.182727  0.558148
6594 0.0414403 0.482755  0.475805
3854 0.747612 0.199247  0.0531405
63 0.0862663 0.853716  0.0600175
4578 0.549505 0.0398652  0.41063
8993 0.10767 0.644506  0.247824
11964 0.155998 0.435536  0.408466
2008 0.828889 0.0672703  0.103841
11603 0.104505 0.263467  0.632028
4663 0.165802 0.205724  0.628474
2513 0.551419 0.138881  0.3097
8822 0.352888 0.45285  0.194262
1077 0.598331 0.20767  0.193998
4539 0.5873 0.0888874  0.323813
1352 0.238343 0.0185944  0.743063
12258 0.253087 0.401935  0.344978
2591 0.149462 0.472527  0.378011
1180 0.250848 0.497325  0.251827
9174 0.137753 0.575031  0.287216
10242 0.0949343 0.0918463  0.813219
5124 0.381883 0.0452566  0.57286
1201 0.330562 0.110482  0.558956
9446 0.356172 0.561765  0.0820622
5285 0.295754 0.146559  0.557687
3368 0.539438 0.0862454  0.374317
129 0.428297 0.225742  0.345961
1866 0.353624 0.580127  0.0662494
6638 0.222421 0.369795  0.407784
3317 0.0844593 0.0953251  0.820216
6434 0.0203291 0.58095  0.398721
3529 0.498798 0.167617  0.333585
5143 0.385809 0.243023  0.371168
5511 0.305342 0.495231  0.199426
3345 0.39996 0.30362  0.29642
12329 0.125028 0.557476  0.317497
1291 0.421231 0.463805  0.114964
9786 0.0496836 0.434847  0.515469
1510 0.395058 0.0433001  0.561642
2878 0.17448 0.210132  0.615388
11233 0.26563 0.330081  0.404289
2821 0.277483 0.145706  0.576811
12473 0.205257 0.487572  0.307171
6941 0.346237 0.341542  0.31222
2059 0.233198 0.265759  0.501043
8034 0.330204 0.40943  0.260367
3865 0.28237 0.159397  0.558234
7985 0.489333 0.335883  0.174784
8246 0.167206 0.131281  0.701513
12325 0.640949 0.00956787  0.349483
7358 0.0814285 0.0690906  0.849481
3094 0.180329 0.41863  0.40104
2564 0.577448 0.337918  0.0846336
5037 0.313175 0.347199  0.339626
11411 0.222017 0.464984  0.312999
8447 0.186812 0.34793  0.465258
5064 0.299506 0.444301  0.256193
2001 0.180354 0.101108  0.718537
4145 0.247986 0.41846  0.333554
6022 0.353226 0.318179  0.328596
6198 0.361478 0.0984779  0.540044
6290 0.0255934 0.151727  0.82268
2122 0.3966 0.165224  0.438176
11767 0.45404 0.359454  0.186506
9901 0.255851 0.166857  0.577292
1446 0.492494 0.455158  0.0523483
490 0.649862 0.0237  0.326438
8151 0.272366 0.282962  0.444672
1909 0.0389183 0.339663  0.621419
4040 0.420736 0.394437  0.184827
12189 0.104723 0.0472716  0.848005
1697 0.16727 0.679072  0.153658
7124 0.579338 0.0171982  0.403464
7711 0.144313 0.433695  0.421992
409 0.337364 0.375835  0.286801
5876 0.365271 0.409243  0.225485
8606 0.424028 0.361318  0.214654
12408 0.232983 0.514483  0.252534
11669 0.183161 0.510432  0.306407
3638 0.614312 0.188275  0.197413
9891 0.202577 0.0391395  0.758283
920 0.15286 0.379843  0.467297
2606 0.313418 0.263525  0.423057
5690 0.239606 0.322445  0.437948
9682 0.516759 0.182432  0.300809
2930 0.093843 0.456335  0.449822
4904 0.288973 0.326375  0.384652
6656 0.16466 0.305329  0.530011
1133 0.564055 0.406518  0.0294277
836 0.190267 0.452368  0.357365
5149 0.162585 0.642373  0.195042
10170 0.617269 0.24193  0.140801
5016 0.328089 0.139374  0.532537
10593 0.439191 0.450638  0.110171
4212 0.376038 0.282449  0.341514
4083 0.315892 0.289018  0.39509
11709 0.547873 0.304809  0.147318
11825 0.0572075 0.704873  0.237919
10492 0.501492 0.0409595  0.457549
4417 0.334126 0.316056  0.349818
3272 0.243333 0.469057  0.28761
4741 0.255024 0.33553  0.409446
4846 0.352004 0.176836  0.471161
1937 0.0295874 0.598525  0.371887
2929 0.577583 0.28474  0.137677
9071 0.565566 0.371132  0.0633019
9821 0.351466 0.350695  0.297839
12208 0.288016 0.269237  0.442747
6469 0.334601 0.206142  0.459257
4592 0.10191 0.62116  0.27693
6835 0.258558 0.396688  0.344754
10242 0.470748 0.154887  0.374365
6446 0.0653557 0.190037  0.744607
9120 0.0251921 0.738868  0.23594
5568 0.307542 0.161614  0.530844
764 0.185308 0.330446  0.484246
10583 0.310417 0.321277  0.368306
9019 0.31398 0.319489  0.366531
1019 0.396265 0.218169  0.385566
2187 0.233401 0.463587  0.303012
9237 0.0245787 0.775201  0.200221
10581 0.0695031 0.67842  0.252077
1633 0.387925 0.238702  0.373373
4526 0.691105 0.0510598  0.257836
10965 0.578463 0.254972  0.166565
8951 0.278043 0.181127  0.54083
1325 0.18434 0.530828  0.284832
4747 0.272693 0.196798  0.530509
8360 0.466428 0.0591791  0.474393
6416 0.292905 0.354702  0.352393
3676 0.429943 0.456727  0.113329
1345 0.415246 0.264904  0.319851
10026 0.600519 0.310786  0.0886953
2497 0.315253 0.364757  0.31999
5249 0.220407 0.379288  0.400305
8244 0.372043 0.0983537  0.529603
9234 0.463625 0.481551  0.0548236
1346 0.0925688 0.426804  0.480627
3164 0.448554 0.477941  0.0735047
2864 0.0958784 0.324945  0.579177
5851 0.433783 0.416366  0.149851
3978 0.106302 0.466906  0.426793
106 0.293916 0.499589  0.206495
6938 0.328835 0.429513  0.241652
7501 0.325057 0.535061  0.139883
2369 0.0985657 0.0823418  0.819092
7116 0.59048 0.299032  0.110488
43 0.0379102 0.867976  0.094114
8142 0.510817 0.199602  0.289581
5629 0.0204126 0.663591  0.315997
7550 0.284442 0.150955  0.564603
8537 0.17866 0.769499  0.0518415
1487 0.0346233 0.402995  0.562382
3001 0.265383 0.186541  0.548075
1491 0.295791 0.344846  0.359363
11114 0.38223 0.427061  0.190709
9358 0.629977 0.0593345  0.310689
9049 0.247204 0.37399  0.378805
2300 0.307589 0.345317  0.347094
546 0.364542 0.213593  0.421866
103 0.571198 0.0238146  0.404987
1762 0.120293 0.186286  0.693421
10790 0.367625 0.223247  0.409128
6791 0.317804 0.0475049  0.634691
8334 0.616817 0.281014  0.102169
8120 0.463018 0.38977  0.147212
5160 0.395893 0.306963  0.297144
8783 0.110569 0.47781  0.411621
205 0.182354 0.381201  0.436445
931 0.611753 0.249076  0.139171
4246 0.479218 0.493197  0.027585
3084 0.0248084 0.732004  0.243188
2764 0.418206 0.399458  0.182337
5971 0.296796 0.686699  0.0165049
283 0.407775 0.302123  0.290102
2677 0.183398 0.667735  0.148868
8743 0.54794 0.267687  0.184373
4308 0.282943 0.381939  0.335118
10414 0.366723 0.232859  0.400418
4664 0.278954 0.534736  0.18631
7206 0.253323 0.403629  0.343047
7185 0.151627 0.70107  0.147303
1268 0.402542 0.0583863  0.539071
2946 0.166172 0.344149  0.489679
8219 0.473127 0.104689  0.422184
7307 0.39613 0.574198  0.0296718
1603 0.303022 0.576404  0.120574
5073 0.503427 0.0980227  0.39855
4139 0.270281 0.355382  0.374337
5927 0.419442 0.210013  0.370545
4006 0.400177 0.338183  0.26164
11856 0.347247 0.3476  0.305153
6710 0.306782 0.345649  0.347569
9108 0.570665 0.276562  0.152773
2133 0.188484 0.172881  0.638635
10691 0.643432 0.272735  0.0838336
7135 0.294871 0.43341  0.271719
892 0.155935 0.390438  0.453627
3459 0.0279469 0.481984  0.490069
9482 0.113754 0.763476  0.12277
4398 0.299961 0.344774  0.355265
5743 0.265604 0.223881  0.510515
2497 0.474138 0.129392  0.39647
9348 0.109931 0.444794  0.445275
7058 0.0166231 0.267415  0.715961
4578 0.698422 0.172681  0.128897
5141 0.56959 0.364074  0.0663355
7806 0.464714 0.503977  0.0313082
7791 0.32537 0.39337  0.28126
7430 0.406011 0.241937  0.352051
9671 0.0891376 0.0634592  0.847403
1581 0.330273 0.623618  0.0461092
6219 0.384931 0.398306  0.216764
6748 0.0683851 0.197613  0.734002
3905 0.611095 0.0868118  0.302094
10417 0.601868 0.358894  0.039238
10255 0.469106 0.274362  0.256532
8434 0.22341 0.0498118  0.726778
3124 0.465664 0.0777798  0.456556
192 0.285251 0.538634  0.176115
9625 0.546964 0.0637317  0.389304
4460 0.374589 0.403962  0.221449
6654 0.50284 0.24812  0.24904
4364 0.029719 0.407885  0.562396
8302 0.371937 0.519231  0.108831
7079 0.0617276 0.588855  0.349418
2930 0.114708 0.648725  0.236566
5410 0.226091 0.383325  0.390583
4346 0.392021 0.402694  0.205285
12023 0.298182 0.491954  0.209864
9280 0.453235 0.0705269  0.476238
6731 0.43079 0.385768  0.183443
8659 0.597993 0.0995955  0.302411
5551 0.787029 0.134258  0.0787126
5389 0.352123 0.312214  0.335663
10978 0.304036 0.60875  0.0872139
9536 0.0241725 0.791884  0.183943
2216 0.357274 0.201824  0.440902
5577 0.689277 0.124875  0.185848
7042 0.429122 0.0650398  0.505838
8399 0.448848 0.520881  0.0302706
6963 0.333627 0.0770216  0.589351
6180 0.112959 0.104464  0.782578
10012 0.306107 0.307122  0.38677
146 0.508954 0.129211  0.361835
11225 0.495615 0.0862915  0.418094
582 0.321766 0.0760424  0.602192
1386 0.510692 0.0159253  0.473383
4028 0.359917 0.370145  0.269938
5753 0.387592 0.379239  0.233169
2891 0.27899 0.563361  0.15765
7709 0.433168 0.446831  0.120001
2696 0.27446 0.389343  0.336197
3670 0.627308 0.232335  0.140357
4521 0.602185 0.207066  0.190749
9529 0.343285 0.280652  0.376063
10825 0.314241 0.417337  0.268422
1403 0.385107 0.399862  0.21503
10273 0.406787 0.0448534  0.54836
9293 0.0156449 0.165649  0.818706
2548 0.223973 0.578596  0.197431
11124 0.37731 0.209277  0.413413
8306 0.693701 0.0095953  0.296703
9861 0.240119 0.482122  0.27776
10674 0.409535 0.469366  0.121099
3276 0.644312 0.141416  0.214272
5869 0.0711709 0.501145  0.427684
748 0.476646 0.325792  0.197562
9165 0.0850215 0.248774  0.666205
6115 0.312464 0.251832  0.435704
731 0.148131 0.415116  0.436753
6421 0.0353722 0.254546  0.710082
10701 0.090036 0.526974  0.38299
11324 0.154506 0.582764  0.26273
12088 0.0726395 0.711746  0.215614
5333 0.507665 0.409657  0.082678
9278 0.0553624 0.308389  0.636248
1328 0.168432 0.750114  0.0814541
3572 0.134529 0.531015  0.334456
924 0.379077 0.188804  0.432119
5617 0.0146053 0.615988  0.369407
11484 0.645365 0.0859737  0.268662
9028 0.415957 0.308971  0.275072
9816 0.279375 0.352125  0.3685
2498 0.432063 0.30045  0.267487
6570 0.607378 0.288887  0.103735
2571 0.593806 0.104433  0.301761
9925 0.469878 0.0706493  0.459473
454 0.281145 0.34727  0.371585
8473 0.222474 0.320087  0.457439
8439 0.304137 0.272746  0.423117
448 0.22299 0.193847  0.583163
12324 0.63213 0.356904  0.0109663
1824 0.403599 0.116218  0.480182
3858 0.349259 0.404282  0.246459
105 0.321803 0.29759  0.380607
11130 0.541693 0.0430696  0.415237
271 0.494783 0.0183995  0.486817
9776 0.225793 0.40401  0.370197
8219 0.157302 0.222829  0.619869
4901 0.150387 0.67292  0.176693
2181 0.547649 0.372598  0.0797532
1557 0.42078 0.217828  0.361392
5353 0.473416 0.265573  0.26101
2890 0.025781 0.757932  0.216287
1742 0.331514 0.428552  0.239935
3629 0.200416 0.123775  0.675809
2997 0.459635 0.261887  0.278478
7698 0.685431 0.228014  0.0865553
2927 0.166443 0.23276  0.600797
7828 0.405416 0.440889  0.153695
11554 0.401884 0.170322  0.427794
4051 0.501982 0.142145  0.355872
9630 0.242156 0.244124  0.51372
7062 0.305724 0.314102  0.380174
5729 0.278038 0.135761  0.586201
10749 0.361237 0.4396  0.199164
5198 0.359593 0.313557  0.326851
6671 0.00617198 0.557828  0.436
11843 0.44502 0.514793  0.0401867
8483 0.470092 0.160324  0.369584
4339 0.189616 0.233137  0.577248
9997 0.465495 0.426427  0.108078
2237 0.292903 0.250772  0.456326
6663 0.120309 0.526983  0.352708
6904 0.17631 0.531172  0.292517
7772 0.488923 0.176647  0.33443
3677 0.219094 0.492338  0.288568
4084 0.362794 0.0274084  0.609797
6036 0.446501 0.38985  0.163648
2124 0.103359 0.559485  0.337156
11248 0.225065 0.302681  0.472253
11903 0.507669 0.339547  0.152783
555 0.0408485 0.600877  0.358274
10122 0.806287 0.0671344  0.126579
6887 0.334035 0.235715  0.43025
1678 0.137865 0.406787  0.455349
3860 0.203836 0.303183  0.492981
11868 0.234672 0.520963  0.244364
5276 0.173174 0.482002  0.344824
2113 0.381185 0.213706  0.405109
10716 0.420309 0.421362  0.158329
5491 0.45884 0.274635  0.266525
10811 0.268591 0.44688  0.284529
2434 0.14326 0.390584  0.466156
3255 0.387984 0.166799  0.445216
1630 0.338342 0.57814  0.0835179
10068 0.603561 0.348285  0.0481546
3276 0.510701 0.0350193  0.45428
2935 0.381126 0.414695  0.204179
3219 0.22126 0.373741  0.405
4950 0.266543 0.119672  0.613785
3545 0.433695 0.122835  0.44347
8609 0.371777 0.380539  0.247684
9594 0.343858 0.471503  0.184638
5213 0.513438 0.0631573  0.423405
10935 0.269599 0.264354  0.466048
4173 0.619003 0.0693847  0.311612
6263 0.0723506 0.48676  0.440889
1361 0.218972 0.453975  0.327054
5555 0.402483 0.315605  0.281912
10859 0.23675 0.420262  0.342989
903 0.500927 0.335974  0.1631
7098 0.23011 0.191844  0.578045
1885 0.055068 0.64077  0.304162
8951 0.132983 0.259344  0.607672
10192 0.349252 0.0499439  0.600804
2066 0.51732 0.141629  0.341051
5883 0.333338 0.266278  0.400384
11375 0.687616 0.0155471  0.296837
2106 0.2089 0.307293  0.483807
12267 0.340145 0.290103  0.369752
9545 0.18221 0.803843  0.0139476
9495 0.231864 0.208619  0.559517
2922 0.887516 0.0105024  0.101982
9967 0.286976 0.479359  0.233665
8647 0.121287 0.367284  0.511429
12301 0.447752 0.220791  0.331457
5954 0.509693 0.223054  0.267252
11411 0.239246 0.471485  0.289269
7916 0.51606 0.092352  0.391588
11024 0.564793 0.285531  0.149675
11460 0.443766 0.303224  0.25301
9313 0.464367 0.26173  0.273904
6842 0.333338 0.225739  0.440923
6218 0.233782 0.0598897  0.706328
12024 0.341129 0.336291  0.322581
2456 0.436736 0.491876  0.0713879
6996 0.615298 0.0860758  0.298626
10020 0.347691 0.250567  0.401742
1359 0.0833347 0.181366  0.735299
7 0.493373 0.0735682  0.433059
7136 0.470205 0.242575  0.28722
7358 0.543542 0.310608  0.14585
10205 0.640063 0.183851  0.176086
10028 0.366695 0.120007  0.513298
6421 0.123704 0.359307  0.516989
4638 0.131837 0.0526083  0.815555
7993 0.168491 0.0236712  0.807838
4435 0.666425 0.255231  0.0783446
904 0.372748 0.415765  0.211487
7042 0.0874832 0.264662  0.647855
1165 0.774003 0.086522  0.139475
5576 0.530722 0.32847  0.140808
11714 0.771693 0.183126  0.0451806
8940 0.175629 0.288618  0.535753
10781 0.0229399 0.496362  0.480698
2048 0.192218 0.108023  0.699759
1965 0.315324 0.440178  0.244498
8178 0.46 0.527256  0.0127442
9884 0.185122 0.331618  0.483261
8282 0.117066 0.532325  0.350609
8612 0.473062 0.151249  0.375688
9569 0.146439 0.410915  0.442646
725 0.355231 0.441752  0.203018
9896 0.0371822 0.29958  0.663238
8456 0.423573 0.392038  0.184389
8389 0.0125499 0.78443  0.20302
11542 0.260499 0.384335  0.355167
10482 0.299926 0.524827  0.175247
11597 0.0849779 0.506926  0.408096
1946 0.172463 0.49408  0.333456
1214 0.219511 0.386494  0.393995
6193 0.48021 0.463608  0.0561822
4460 0.114425 0.369  0.516575
943 0.102817 0.0712203  0.825963
11794 0.293127 0.508035  0.198838
10804 0.289307 0.434139  0.276555
9411 0.44205 0.342887  0.215063
6943 0.400008 0.0413231  0.558669
10946 0.462461 0.481784  0.0557546
11023 0.433659 0.356672  0.209669
10298 0.589678 0.247498  0.162824
10493 0.0338759 0.617232  0.348892
1935 0.225192 0.506859  0.267949
8707 0.247982 0.336586  0.415431
8453 0.433938 0.18017  0.385893
3770 0.476543 0.0478995  0.475558
11023 0.369576 0.253002  0.377422
8818 0.252267 0.161416  0.586316
10832 0.377539 0.422183  0.200278
10405 0.321663 0.28373  0.394607
6475 0.377873 0.551462  0.0706651
5292 0.642001 0.119235  0.238764
10936 0.312107 0.373308  0.314586
5922 0.293419 0.281252  0.425329
4808 0.655428 0.204573  0.139999
4573 0.117214 0.46068  0.422106
8031 0.343691 0.0365088  0.6198
11230 0.776872 0.16503  0.0580983
6866 0.13777 0.408486  0.453744
5495 0.400865 0.296558  0.302578
4824 0.0568425 0.500484  0.442673
3427 0.561078 0.220923  0.217999
11766 0.289314 0.314772  0.395914
9896 0.380694 0.221955  0.39735
955 0.098342 0.354331  0.547327
6050 0.072865 0.329816  0.597319
5601 0.478395 0.408566  0.113039
12026 0.0731464 0.0419256  0.884928
11299 0.288102 0.288601  0.423296
11298 0.094492 0.347741  0.557767
6378 0.286945 0.400218  0.312837
10664 0.49609 0.356063  0.147847
1552 0.435215 0.414098  0.150687
403 0.286839 0.115167  0.597994
3951 0.363448 0.263909  0.372643
8851 0.175291 0.311985  0.512724
7844 0.311083 0.594602  0.0943148
8536 0.453897 0.484273  0.0618297
9841 0.373761 0.197156  0.429084
3388 0.282032 0.425184  0.292784
4755 0.546035 0.0111342  0.442831
9797 0.778041 0.147902  0.0740569
9506 0.476558 0.239752  0.283689
11495 0.370929 0.356353  0.272719
8772 0.00850386 0.393795  0.597701
8334 0.247588 0.340808  0.411604
2775 0.189733 0.209334  0.600933
1351 0.339389 0.278939  0.381672
6285 0.328778 0.0628594  0.608362
6526 0.358767 0.0330366  0.608196
5323 0.217733 0.576134  0.206134
7473 0.259329 0.401271  0.3394
8859 0.0440662 0.481574  0.47436
6604 0.354169 0.317074  0.328757
3103 0.34787 0.297568  0.354561
6850 0.336478 0.555915  0.107607
10414 0.217198 0.308885  0.473917
7598 0.320057 0.366645  0.313298
962 0.142462 0.530375  0.327163
179 0.297349 0.611047  0.0916038
9141 0.432583 0.248305  0.319112
12229 0.164654 0.0875683  0.747778
2234 0.14355 0.386092  0.470358
6937 0.0233958 0.0462212  0.930383
80 0.421613 0.185428  0.392959
11461 0.201986 0.767533  0.0304808
4693 0.377459 0.58789  0.0346516
4535 0.674205 0.256661  0.0691337
5804 0.561681 0.0882879  0.350031
4243 0.444431 0.181668  0.373902
3468 0.420455 0.185359  0.394186
7119 0.838971 0.0871745  0.073854
9685 0.109057 0.449414  0.441528
2522 0.472241 0.32817  0.199589
5794 0.334143 0.265834  0.400023
11691 0.570374 0.235503  0.194123
11791 0.173586 0.553808  0.272606
9497 0.088116 0.608034  0.30385
7490 0.102964 0.263364  0.633671
1898 0.422323 0.217641  0.360037
8315 0.38268 0.260438  0.356883
3148 0.385742 0.174643  0.439614
1529 0.282328 0.210098  0.507574
2362 0.563425 0.202894  0.233681
3264 0.0719556 0.285693  0.642352
6412 0.549891 0.399946  0.0501634
11496 0.0744469 0.774628  0.150925
9096 0.304271 0.375409  0.320319
12075 0.178102 0.398063  0.423835
6594 0.431191 0.127237  0.441572
6984 0.403849 0.18011  0.416041
4620 0.32119 0.325331  0.353479
11135 0.457093 0.0448028  0.498105
509 0.269316 0.539603  0.191082
5376 0.422243 0.139731  0.438026
3149 0.393194 0.591178  0.015628
6782 0.409222 0.446894  0.143883
7614 0.439083 0.387072  0.173845
2776 0.217521 0.748596  0.0338828
3186 0.341309 0.319333  0.339358
1834 0.434097 0.1569  0.409003
11584 0.346572 0.378014  0.275414
7391 0.350272 0.425902  0.223826
12070 0.420661 0.318324  0.261014
11184 0.236764 0.527149  0.236087
348 0.376169 0.271052  0.352778
9942 0.10243 0.54259  0.35498
1954 0.219809 0.264071  0.51612
410 0.151509 0.46403  0.384461
9541 0.387917 0.237696  0.374386
8644 0.433602 0.401478  0.16492
458 0.240599 0.359584  0.399817
1933 0.607999 0.0843428  0.307658
12132 0.0541454 0.436319  0.509536
4751 0.25885 0.374889  0.366261
1901 0.0633601 0.179698  0.756941
4503 0.226081 0.305157  0.468762
10567 0.451313 0.0969829  0.451704
7052 0.335538 0.389148  0.275314
3539 0.607746 0.0104051  0.381849
3109 0.240823 0.228457  0.53072
5757 0.334534 0.198765  0.4667
282 0.367063 0.216921  0.416016
8990 0.474722 0.312404  0.212874
4131 0.0300336 0.719519  0.250448
9720 0.433277 0.399899  0.166824
1290 0.28631 0.378634  0.335056
11410 0.62566 0.280058  0.0942822
886 0.138391 0.298217  0.563392
3097 0.236151 0.16564  0.598208
1302 0.480351 0.14011  0.379539
4693 0.242946 0.420839  0.336215
1738 0.537575 0.350661  0.111764
12334 0.0757989 0.28157  0.642631
9469 0.227734 0.16205  0.610216
3264 0.131469 0.0402355  0.828296
9251 0.422126 0.259664  0.31821
2502 0.187053 0.724005  0.0889414
4014 0.243973 0.457203  0.298824
10873 0.122919 0.661788  0.215292
2536 0.44455 0.222239  0.333211
703 0.307611 0.414348  0.278041
12290 0.22658 0.364493  0.408927
4951 0.562553 0.336166  0.101281
11125 0.596154 0.318138  0.0857082
6907 0.426915 0.243018  0.330067
6965 0.421982 0.0823005  0.495717
3476 0.0862364 0.316375  0.597389
6545 0.137827 0.42578  0.436393
11823 0.102706 0.392227  0.505067
8776 0.443639 0.306777  0.249584
582 0.14024 0.235648  0.624112
1951 0.645873 0.281593  0.0725343
6666 0.539863 0.222427  0.23771
1435 0.56201 0.0433993  0.394591
9077 0.504861 0.189347  0.305792
6037 0.63123 0.352589  0.0161802
2269 0.0677103 0.540655  0.391635
5504 0.337284 0.445777  0.216939
908 0.487297 0.478968  0.0337348
5258 0.297292 0.666453  0.0362545
10341 0.348619 0.281922  0.369459
11625 0.563652 0.0187054  0.417643
355 0.448602 0.350602  0.200796
9749 0.0824462 0.44636  0.471194
9712 0.289186 0.325827  0.384987
10570 0.562142 0.167862  0.269997
5493 0.248607 0.342263  0.409131
7732 0.298809 0.368941  0.33225
5733 0.334119 0.589787  0.0760947
4693 0.429955 0.230929  0.339116
10896 0.405262 0.297823  0.296914
11176 0.255346 0.180327  0.564327
1720 0.258506 0.462001  0.279493
8224 0.359572 0.269334  0.371094
10310 0.0382536 0.540419  0.421327
546 0.363643 0.178401  0.457956
7209 0.124388 0.45383  0.421782
9405 0.473844 0.194674  0.331482
275 0.489361 0.143896  0.366743
9030 0.115153 0.285337  0.59951
10539 0.405982 0.37722  0.216798
711 0.0205469 0.433788  0.545665
4815 0.0448749 0.589125  0.366
2316 0.134235 0.363844  0.501922
6830 0.266519 0.448401  0.28508
4553 0.283768 0.114892  0.601339
11452 0.586548 0.23979  0.173662
7250 0.325214 0.385243  0.289542
3003 0.434775 0.305423  0.259803
7074 0.448802 0.0235528  0.527645
6188 0.0545952 0.412003  0.533401
4306 0.299163 0.172259  0.528579
12248 0.380232 0.555259  0.0645092
7599 0.371025 0.281657  0.347317
5743 0.355525 0.19873  0.445744
6508 0.450173 0.395161  0.154666
6 0.092918 0.792881  0.114201
3930 0.272994 0.367677  0.35933
6591 0.455383 0.346678  0.197938
6718 0.157707 0.13437  0.707923
1827 0.453116 0.289781  0.257103
3795 0.397515 0.31635  0.286135
1775 0.442991 0.102417  0.454592
12257 0.361982 0.2087  0.429318
5468 0.517895 0.370699  0.111406
9670 0.399025 0.267238  0.333737
6752 0.103204 0.204678  0.692118
2244 0.423479 0.29483  0.281691
2141 0.285969 0.23798  0.476051
1946 0.419086 0.405478  0.175436
2584 0.459627 0.166574  0.373799
8511 0.0133227 0.75563  0.231047
11251 0.124074 0.335968  0.539959
10535 0.315353 0.365298  0.31935
1862 0.39662 0.366342  0.237038
1829 0.405922 0.339597  0.254481
9739 0.380603 0.148553  0.470844
6365 0.486042 0.470225  0.0437326
5455 0.469784 0.38497  0.145246
11715 0.514177 0.438809  0.0470144
9759 0.243662 0.625351  0.130987
7650 0.169858 0.505131  0.325011
1436 0.0984994 0.166601  0.7349
8121 0.435133 0.190925  0.373942
9535 0.0870147 0.0901355  0.82285
2695 0.363387 0.544583  0.0920299
10020 0.131516 0.812443  0.0560411
2732 0.444636 0.162033  0.39333
8217 0.296042 0.683525  0.020433
3094 0.235241 0.414641  0.350118
3662 0.0919206 0.394769  0.51331
5185 0.434027 0.372339  0.193634
11108 0.369257 0.365169  0.265574
9120 0.260065 0.532911  0.207025
7860 0.154411 0.261382  0.584207
688 0.639433 0.0374591  0.323108
1654 0.142583 0.507597  0.34982
7614 0.380237 0.194041  0.425722
3489 0.385443 0.286599  0.327958
8363 0.360662 0.429176  0.210162
9093 0.00869128 0.486294  0.505014
3963 0.0862259 0.335252  0.578522
10924 0.0873275 0.631325  0.281348
2361 0.388051 0.437812  0.174138
8330 0.474746 0.340392  0.184862
1213 0.312416 0.389022  0.298562
3077 0.258561 0.625001  0.116438
4844 0.348476 0.199614  0.451911
9227 0.358592 0.413597  0.227811
8312 0.283311 0.456073  0.260615
10089 0.401368 0.0118765  0.586755
2969 0.326014 0.567592  0.106395
2539 0.384646 0.0876259  0.527728
919 0.144594 0.402903  0.452503
7981 0.0515176 0.470494  0.477988
6701 0.530411 0.385921  0.0836688
4731 0.273042 0.565568  0.16139
4247 0.558032 0.3771  0.0648687
8889 0.601281 0.0419796  0.356739
4689 0.309849 0.557861  0.13229
9609 0.594279 0.12034  0.285381
7858 0.273326 0.257681  0.468993
1089 0.333629 0.233229  0.433142
4943 0.500606 0.252629  0.246766
6682 0.401056 0.563538  0.0354068
10602 0.401348 0.265621  0.333031
1577 0.312816 0.065389  0.621795
8289 0.124935 0.711841  0.163225
10027 0.488264 0.394946  0.11679
11770 0.236034 0.370008  0.393958
104 0.13649 0.258129  0.605382
11291 0.176182 0.438442  0.385376
9453 0.255598 0.37253  0.371871
5861 0.376546 0.325394  0.29806
724 0.27001 0.406836  0.323154
4086 0.195235 0.415333  0.389432
7275 0.242165 0.169321  0.588514
10487 0.311967 0.6451  0.0429336
7633 0.158894 0.494868  0.346238
2257 0.219621 0.362062  0.418317
12032 0.467911 0.234455  0.297633
8520 0.0305231 0.340514  0.628963
8882 0.359168 0.192888  0.447945
9764 0.333729 0.264472  0.401798
3646 0.0816126 0.303806  0.614581
616 0.13947 0.469016  0.391514
6053 0.100806 0.307833  0.591361
11344 0.247642 0.483106  0.269252
984 0.182307 0.337418  0.480275
4830 0.910755 0.0717556  0.017489
2899 0.232307 0.480594  0.287099
6321 0.175722 0.44713  0.377148
2210 0.341452 0.303342  0.355206
8237 0.478302 0.400958  0.12074
6867 0.469944 0.195626  0.334429
1556 0.325227 0.343274  0.331499
10044 0.28805 0.350278  0.361672
9355 0.514865 0.346909  0.138226
11476 0.517668 0.472304  0.0100277
8782 0.244656 0.0163946  0.73895
4452 0.358852 0.593642  0.0475059
3916 0.305839 0.0690078  0.625153
9214 0.622727 0.359536  0.0177365
7514 0.404591 0.143548  0.451861
7689 0.160577 0.435886  0.403537
9354 0.343633 0.431824  0.224543
6082 0.31007 0.390284  0.299646
10218 0.275052 0.0863808  0.638567
10530 0.302131 0.188567  0.509303
6183 0.426646 0.383566  0.189788
10994 0.516067 0.068388  0.415545
10536 0.133225 0.153736  0.71304
10529 0.36316 0.255297  0.381543
5004 0.494627 0.27938  0.225993
9871 0.0500682 0.751791  0.198141
10060 0.514053 0.364128  0.12182
12442 0.647613 0.0723671  0.28002
7057 0.101963 0.45066  0.447377
5842 0.0364423 0.425293  0.538265
7652 0.657746 0.139062  0.203193
9714 0.692597 0.138581  0.168822
10179 0.409977 0.159857  0.430166
6963 0.473252 0.176326  0.350423
4000 0.369225 0.262022  0.368753
3996 0.291712 0.410661  0.297627
93 0.409262 0.345949  0.244789
6458 0.379493 0.203609  0.416898
12133 0.0186676 0.480055  0.501277
1556 0.435562 0.358628  0.20581
7680 0.359936 0.488135  0.151929
8857 0.307339 0.0986549  0.594006
7256 0.0823248 0.11592  0.801755
9381 0.228924 0.429564  0.341512
3759 0.281199 0.224456  0.494345
3515 0.497241 0.311241  0.191518
901 0.375799 0.226398  0.397803
3983 0.609832 0.100817  0.289351
5955 0.221298 0.319831  0.458871
6338 0.160849 0.52142  0.317731
2825 0.043189 0.58742  0.369391
1373 0.401028 0.584395  0.0145772
1080 0.115704 0.458876  0.42542
2597 0.427264 0.511768  0.060968
2317 0.265814 0.506062  0.228125
3704 0.603617 0.368156  0.0282271
12158 0.702048 0.0404304  0.257522
5219 0.299916 0.352222  0.347862
9455 0.185239 0.210058  0.604703
2501 0.483124 0.220428  0.296448
10759 0.319108 0.443665  0.237227
7681 0.486717 0.181725  0.331558
9197 0.0413442 0.664761  0.293895
12435 0.299226 0.27891  0.421865
5055 0.492039 0.476922  0.0310394
10243 0.347735 0.530386  0.121879
1130 0.266685 0.31395  0.419365
758 0.470005 0.174182  0.355814
1409 0.283098 0.0936222  0.62328
8416 0.519715 0.0721753  0.40811
5599 0.536582 0.359047  0.104371
