2681 0.226347 0.37647  0.397184
2610 0.276234 0.70631  0.0174565
678 0.367982 0.511015  0.121003
2019 0.0966064 0.749588  0.153806
4632 0.109296 0.331387  0.559317
4505 0.288009 0.503895  0.208096
4280 0.0372565 0.837092  0.125652
4115 0.363581 0.442905  0.193514
4155 0.381911 0.403783  0.214306
4416 0.332665 0.325348  0.341987
249 0.499527 0.048291  0.452182
1365 0.182713 0.625283  0.192004
4836 0.582264 0.202068  0.215669
672 0.304788 0.445557  0.249655
4700 0.0803267 0.426907  0.492767
4051 0.208144 0.475633  0.316223
3330 0.0779369 0.398482  0.523581
4116 0.48679 0.2289  0.28431
2317 0.589039 0.1915  0.219461
4126 0.290732 0.472289  0.236979
3256 0.212447 0.348719  0.438834
4848 0.407839 0.135305  0.456855
3552 0.104537 0.380723  0.51474
3175 0.0905381 0.431046  0.478415
3356 0.316253 0.378035  0.305712
4646 0.325937 0.325951  0.348112
3251 0.365678 0.51062  0.123703
831 0.121633 0.369161  0.509206
4257 0.304587 0.168271  0.527141
2885 0.449274 0.172126  0.3786
1366 0.249558 0.370858  0.379584
4064 0.17687 0.40247  0.42066
568 0.0425558 0.494761  0.462683
4657 0.183472 0.30065  0.515878
1702 0.201261 0.54193  0.256809
3339 0.617224 0.0991334  0.283643
2104 0.250402 0.280046  0.469552
3910 0.180852 0.245255  0.573893
4254 0.432259 0.414449  0.153292
894 0.557362 0.182974  0.259665
4936 0.540573 0.332851  0.126576
3424 0.0836944 0.347886  0.568419
4073 0.0578275 0.190183  0.75199
2788 0.441859 0.499472  0.0586686
3549 0.552236 0.398152  0.0496113
1845 0.629118 0.169045  0.201836
2218 0.475787 0.228772  0.295442
4707 0.0867337 0.711201  0.202065
4836 0.58584 0.0125533  0.401606
1290 0.334151 0.202458  0.463392
4163 0.0211992 0.387691  0.59111
819 0.295556 0.3931  0.311344
3694 0.401673 0.359759  0.238568
3840 0.464166 0.281  0.254834
1146 0.377115 0.419495  0.20339
3216 0.56549 0.109289  0.325221
3605 0.284457 0.455076  0.260467
1490 0.405391 0.408624  0.185985
3407 0.662504 0.207812  0.129684
2525 0.173026 0.0325858  0.794388
1826 0.800567 0.0194722  0.179961
2090 0.26578 0.390941  0.343279
4751 0.46403 0.181219  0.354751
4648 0.429686 0.330414  0.2399
244 0.347008 0.515986  0.137006
4835 0.819531 0.13752  0.0429487
2602 0.370198 0.351448  0.278354
1717 0.20541 0.288369  0.506222
3373 0.336183 0.329189  0.334628
4826 0.40992 0.152062  0.438019
1385 0.20953 0.686977  0.103493
3529 0.402027 0.0803501  0.517623
1490 0.551281 0.182312  0.266407
3651 0.3397 0.121555  0.538746
4198 0.595845 0.0691514  0.335004
4640 0.399671 0.380336  0.219993
4614 0.147686 0.254014  0.5983
3499 0.137717 0.815999  0.046284
3145 0.350003 0.335604  0.314393
932 0.490442 0.131571  0.377988
4482 0.106036 0.711133  0.182831
2670 0.335504 0.179165  0.485331
4074 0.215451 0.359645  0.424904
375 0.0995884 0.685692  0.21472
277 0.457465 0.3881  0.154435
4072 0.207768 0.189994  0.602238
3924 0.0837322 0.0565516  0.859716
590 0.115944 0.0239097  0.860146
4859 0.428837 0.328652  0.242511
4612 0.321068 0.366724  0.312209
3091 0.398233 0.186182  0.415585
3542 0.0249713 0.46734  0.507688
587 0.379531 0.501388  0.119081
1321 0.154824 0.472251  0.372924
1655 0.285533 0.0892131  0.625254
4177 0.210137 0.385904  0.403959
569 0.395529 0.296745  0.307726
3005 0.193839 0.43833  0.367831
1614 0.338038 0.229966  0.431995
3768 0.538507 0.422019  0.039474
1448 0.196108 0.178372  0.62552
1927 0.190186 0.203406  0.606408
3271 0.383567 0.300173  0.316261
2759 0.437569 0.243091  0.319341
4837 0.343774 0.144408  0.511818
2030 0.271103 0.167444  0.561453
2023 0.446029 0.0646955  0.489275
4453 0.462503 0.468733  0.0687639
2829 0.303563 0.357353  0.339084
3095 0.374223 0.0525722  0.573205
750 0.0135791 0.585302  0.401118
4904 0.31566 0.18065  0.503689
775 0.488723 0.189251  0.322027
9 0.300073 0.108524  0.591403
2845 0.351587 0.344126  0.304287
4012 0.0527085 0.241224  0.706067
1056 0.286425 0.409305  0.304271
2602 0.257665 0.154663  0.587672
4857 0.297748 0.374758  0.327494
2099 0.585262 0.0507007  0.364037
4389 0.0602114 0.899682  0.0401067
4735 0.464801 0.0247171  0.510482
3185 0.399088 0.141422  0.459489
18 0.108497 0.189213  0.702289
2697 0.430254 0.0592255  0.510521
2851 0.322133 0.396243  0.281624
4825 0.211089 0.752394  0.0365177
1866 0.577205 0.13336  0.289435
4193 0.361843 0.191333  0.446825
1971 0.383507 0.332265  0.284229
1452 0.225864 0.16778  0.606356
3651 0.397896 0.566903  0.0352011
3369 0.613376 0.252317  0.134307
3903 0.238687 0.268948  0.492365
4836 0.432938 0.137461  0.429602
2 0.0337057 0.599301  0.366993
3540 0.205855 0.505095  0.28905
4715 0.620967 0.0277843  0.351248
2707 0.51313 0.300019  0.186852
2165 0.399982 0.368023  0.231995
856 0.424644 0.177621  0.397735
2118 0.679096 0.265667  0.0552364
1756 0.276797 0.318233  0.40497
1105 0.0244653 0.45438  0.521154
2995 0.339695 0.585543  0.074762
3846 0.284422 0.264099  0.451479
2087 0.305784 0.14577  0.548446
3153 0.214934 0.494238  0.290827
520 0.838953 0.144181  0.0168656
2986 0.45813 0.407895  0.133975
4496 0.0403306 0.670572  0.289098
1569 0.418072 0.396502  0.185426
629 0.26488 0.688132  0.0469879
3263 0.572681 0.0204766  0.406842
1592 0.284068 0.367482  0.34845
2967 0.333392 0.23426  0.432348
3704 0.383475 0.370871  0.245653
3226 0.32036 0.551677  0.127963
3993 0.48092 0.293307  0.225773
286 0.463219 0.0959339  0.440847
2679 0.362753 0.287197  0.35005
3198 0.285772 0.291764  0.422464
2118 0.45293 0.517995  0.0290751
4656 0.257442 0.388289  0.354269
2608 0.369114 0.393816  0.237069
4126 0.144824 0.55589  0.299286
1408 0.289717 0.420763  0.28952
1178 0.35875 0.289669  0.351581
568 0.66476 0.0279841  0.307256
588 0.214029 0.336753  0.449218
4645 0.536431 0.416996  0.0465735
4229 0.184676 0.286685  0.528638
3625 0.420574 0.184143  0.395283
3852 0.35942 0.416332  0.224248
2106 0.0556291 0.487547  0.456824
2941 0.279844 0.143168  0.576988
1428 0.210199 0.451049  0.338753
2641 0.733242 0.0943457  0.172412
3704 0.431899 0.0551606  0.51294
1995 0.353287 0.303556  0.343157
1455 0.0290969 0.563389  0.407514
2928 0.564178 0.110897  0.324926
627 0.320835 0.333237  0.345929
4247 0.178164 0.415236  0.406601
1196 0.62093 0.316895  0.0621743
1829 0.0463934 0.0833825  0.870224
2551 0.20879 0.771118  0.0200912
3585 0.20809 0.406362  0.385548
4631 0.153152 0.563766  0.283082
1082 0.463397 0.0679957  0.468607
4078 0.0870687 0.144881  0.768051
3108 0.127723 0.454786  0.417492
3841 0.456838 0.194412  0.348751
3687 0.223205 0.653  0.123795
4622 0.368856 0.347788  0.283357
2526 0.226251 0.348518  0.425232
4288 0.317153 0.263474  0.419372
4908 0.359241 0.310487  0.330272
1806 0.178616 0.426562  0.394822
2454 0.392537 0.57382  0.0336431
3831 0.332543 0.570243  0.0972143
4622 0.191251 0.307967  0.500782
822 0.202189 0.424317  0.373494
4886 0.293856 0.180467  0.525677
3098 0.467192 0.444466  0.0883419
3358 0.659316 0.0456596  0.295025
3565 0.265194 0.284587  0.450219
2092 0.254798 0.445342  0.29986
4592 0.180222 0.249948  0.569831
4590 0.348875 0.548783  0.102342
2825 0.243263 0.121465  0.635272
4544 0.858044 0.0173099  0.124647
1704 0.253906 0.131436  0.614658
4763 0.345129 0.196545  0.458326
764 0.0452104 0.416742  0.538048
2080 0.610007 0.244051  0.145942
4128 0.567539 0.205663  0.226798
2901 0.682546 0.0199465  0.297507
3549 0.083688 0.346491  0.569821
1940 0.317977 0.530977  0.151046
4663 0.212062 0.321078  0.46686
4028 0.472031 0.338818  0.18915
3561 0.447272 0.263766  0.288962
1833 0.325319 0.18096  0.493721
2787 0.0573137 0.128259  0.814428
345 0.529601 0.446649  0.0237504
2053 0.461075 0.209193  0.329731
2623 0.300719 0.171011  0.52827
4589 0.278727 0.344655  0.376619
813 0.634257 0.197859  0.167884
1459 0.310248 0.303123  0.386629
1092 0.408134 0.108178  0.483689
4631 0.43605 0.355398  0.208552
2613 0.315772 0.363315  0.320912
3584 0.34927 0.350521  0.300209
3347 0.196452 0.37577  0.427778
3689 0.352801 0.387587  0.259611
4116 0.38572 0.402497  0.211783
1578 0.274381 0.267088  0.458532
4647 0.418889 0.312793  0.268319
905 0.575282 0.137514  0.287203
3573 0.471522 0.164196  0.364282
1490 0.369167 0.0963745  0.534459
4765 0.407193 0.406056  0.186751
4073 0.320849 0.492199  0.186951
4196 0.259986 0.363896  0.376118
4396 0.330621 0.259222  0.410157
4368 0.339424 0.076437  0.584139
3373 0.433933 0.189229  0.376837
2322 0.552462 0.245878  0.20166
1341 0.729268 0.219671  0.0510607
3873 0.107195 0.518137  0.374667
4496 0.175978 0.228174  0.595847
3018 0.147895 0.291088  0.561017
1157 0.024331 0.393084  0.582585
2904 0.214222 0.238327  0.547451
3481 0.380234 0.271331  0.348435
561 0.0812369 0.484612  0.434151
4633 0.345786 0.440432  0.213782
302 0.478614 0.45779  0.0635958
3372 0.360335 0.415071  0.224594
1547 0.327687 0.206312  0.466001
4870 0.43845 0.422218  0.139333
1589 0.378064 0.0274456  0.59449
1129 0.588101 0.0613153  0.350583
4062 0.535625 0.018535  0.44584
1278 0.159844 0.463775  0.376381
877 0.0543491 0.62908  0.316571
2418 0.510529 0.0849832  0.404488
568 0.290408 0.362225  0.347367
4314 0.347691 0.254756  0.397554
3119 0.414728 0.423366  0.161906
3143 0.663725 0.220625  0.11565
2759 0.314079 0.0583122  0.627608
4122 0.51381 0.271364  0.214827
4017 0.146658 0.483016  0.370326
4718 0.5127 0.15148  0.335821
2984 0.206463 0.414705  0.378832
2513 0.420578 0.0635666  0.515856
845 0.136075 0.264498  0.599427
1032 0.381305 0.322981  0.295714
3172 0.661195 0.0247512  0.314054
4820 0.348159 0.143738  0.508102
3843 0.279822 0.284152  0.436026
4936 0.309669 0.351232  0.339099
4596 0.396643 0.415137  0.18822
489 0.0978277 0.394017  0.508155
4471 0.0416529 0.228957  0.72939
4212 0.262002 0.41028  0.327719
2750 0.29133 0.484638  0.224032
3547 0.25883 0.437201  0.303968
2366 0.479473 0.139168  0.381359
3012 0.469377 0.342383  0.188239
1821 0.222428 0.310015  0.467557
1025 0.332015 0.0905208  0.577464
4716 0.0939643 0.370094  0.535941
3333 0.407754 0.463454  0.128792
2422 0.378578 0.474091  0.147331
2187 0.796566 0.0287632  0.174671
3678 0.654079 0.0647966  0.281124
4858 0.373608 0.364995  0.261397
3605 0.285791 0.518343  0.195867
1946 0.605898 0.296192  0.0979108
3952 0.172991 0.786917  0.0400923
1364 0.244659 0.395854  0.359487
3262 0.148015 0.435017  0.416968
4590 0.340117 0.592947  0.0669366
4935 0.584646 0.289947  0.125407
3775 0.362922 0.307346  0.329732
2625 0.381376 0.133143  0.485482
4860 0.42291 0.332447  0.244643
1805 0.0455833 0.591211  0.363205
3556 0.489267 0.142769  0.367964
4865 0.34468 0.435551  0.21977
4616 0.241029 0.38389  0.375081
1052 0.171265 0.322983  0.505752
3771 0.0156301 0.462496  0.521874
4276 0.191056 0.308541  0.500402
4073 0.4598 0.374122  0.166078
1241 0.496415 0.219783  0.283802
1352 0.654626 0.327211  0.0181624
2932 0.115414 0.271733  0.612853
4483 0.435272 0.513207  0.0515212
4116 0.474852 0.343794  0.181354
3373 0.633234 0.35902  0.00774596
1174 0.0306462 0.444303  0.525051
3754 0.463612 0.0734415  0.462947
2255 0.16784 0.470865  0.361294
4026 0.503183 0.0586439  0.438173
3369 0.377195 0.19904  0.423766
1858 0.604926 0.150646  0.244428
4051 0.524199 0.0137475  0.462054
3585 0.34433 0.537914  0.117756
1242 0.159362 0.724166  0.116472
4357 0.322656 0.333413  0.343932
4377 0.311928 0.116772  0.5713
4624 0.350734 0.332195  0.31707
4631 0.250192 0.386118  0.36369
1728 0.46126 0.419597  0.119143
3290 0.471097 0.0365037  0.492399
213 0.410449 0.142863  0.446687
853 0.468706 0.317645  0.213649
3467 0.477285 0.506172  0.0165428
4283 0.379377 0.383615  0.237008
3271 0.201089 0.54867  0.250242
4011 0.442586 0.415823  0.141591
618 0.286137 0.325637  0.388226
1335 0.159832 0.426987  0.413181
4471 0.526724 0.336508  0.136767
4560 0.345475 0.0489137  0.605612
864 0.158207 0.441669  0.400124
3427 0.356092 0.486708  0.1572
2627 0.554137 0.435382  0.0104814
2543 0.114706 0.625606  0.259687
1386 0.355183 0.288656  0.35616
983 0.517946 0.361999  0.120055
4935 0.490673 0.175276  0.334051
883 0.289902 0.324175  0.385923
4106 0.561094 0.120343  0.318563
4034 0.249554 0.391985  0.358461
3273 0.293366 0.370603  0.336031
3027 0.220323 0.610652  0.169025
3624 0.240096 0.569808  0.190096
4338 0.568223 0.0543081  0.377469
915 0.138917 0.227263  0.63382
1941 0.336517 0.453963  0.209521
1991 0.350196 0.0728253  0.576978
170 0.353174 0.0935416  0.553284
2755 0.147686 0.0686109  0.783703
3392 0.332644 0.038305  0.629051
1254 0.26331 0.360718  0.375972
1935 0.105669 0.415309  0.479022
1275 0.159889 0.463993  0.376118
3439 0.393175 0.0337469  0.573079
4214 0.430874 0.196743  0.372383
4822 0.67242 0.0340739  0.293506
3542 0.0434192 0.522417  0.434164
3946 0.659699 0.197641  0.14266
2488 0.600432 0.115681  0.283887
3099 0.393387 0.359275  0.247338
15 0.18575 0.374546  0.439704
4051 0.267987 0.448373  0.28364
2786 0.191748 0.615797  0.192455
3903 0.469555 0.422473  0.107972
275 0.286158 0.565447  0.148394
3549 0.395159 0.380654  0.224187
2437 0.106317 0.369595  0.524088
2004 0.365652 0.336825  0.297523
4616 0.39195 0.241566  0.366484
4835 0.370918 0.284592  0.34449
3220 0.470754 0.444635  0.0846109
3698 0.257983 0.368267  0.37375
4860 0.503122 0.0493173  0.447561
3295 0.0292435 0.513806  0.45695
1511 0.1897 0.470557  0.339742
3302 0.373862 0.379125  0.247013
3732 0.27203 0.399628  0.328341
4126 0.443859 0.110595  0.445546
2865 0.315062 0.515007  0.169931
4126 0.0353218 0.244029  0.720649
3909 0.332221 0.486876  0.180904
4624 0.237326 0.581843  0.18083
2116 0.471175 0.172564  0.356261
3964 0.22296 0.265277  0.511762
1060 0.263758 0.209432  0.52681
3268 0.320362 0.447277  0.232361
3131 0.185569 0.479963  0.334467
126 0.442727 0.247991  0.309282
2964 0.368014 0.563447  0.0685395
2330 0.411174 0.349839  0.238987
1859 0.356863 0.321352  0.321785
2941 0.250779 0.721396  0.0278241
548 0.30823 0.353457  0.338313
2021 0.210619 0.397453  0.391927
4860 0.198339 0.411518  0.390142
4897 0.383089 0.231074  0.385838
3586 0.315483 0.168649  0.515868
4867 0.287757 0.373253  0.33899
4116 0.16643 0.25894  0.57463
1341 0.336921 0.588167  0.0749126
703 0.259755 0.253044  0.487202
2509 0.443706 0.226081  0.330213
4724 0.564839 0.403108  0.032053
2737 0.298974 0.420797  0.28023
4485 0.208767 0.69135  0.099883
4027 0.513693 0.270914  0.215393
4520 0.293912 0.469941  0.236147
294 0.851977 0.123315  0.0247089
3558 0.422638 0.147328  0.430034
4115 0.421204 0.0935289  0.485267
2281 0.0579791 0.18429  0.757731
4622 0.282249 0.368384  0.349367
2195 0.200138 0.515265  0.284596
4358 0.236484 0.541561  0.221955
3373 0.381825 0.275291  0.342884
4871 0.421167 0.453592  0.12524
3369 0.0572159 0.511326  0.431458
3906 0.528695 0.35249  0.118816
4483 0.116175 0.729841  0.153984
3543 0.499566 0.160626  0.339808
3256 0.161414 0.74883  0.0897556
4126 0.327799 0.518295  0.153907
3549 0.343354 0.0767784  0.579868
3895 0.442004 0.515726  0.0422695
4496 0.902808 0.0133667  0.0838253
1225 0.154658 0.0324643  0.812877
4590 0.43229 0.506266  0.0614443
845 0.183858 0.538921  0.277221
2682 0.0218147 0.567087  0.411098
845 0.405239 0.313011  0.28175
2100 0.142879 0.561275  0.295847
1054 0.471077 0.140531  0.388392
4913 0.0169867 0.655209  0.327804
1471 0.0486192 0.35598  0.595401
2767 0.794877 0.189254  0.0158692
1821 0.437911 0.525289  0.0367999
3269 0.0989513 0.645988  0.255061
4126 0.415431 0.42193  0.16264
699 0.89091 0.0488362  0.0602536
813 0.314292 0.0394703  0.646237
2383 0.342725 0.268244  0.389031
1268 0.12148 0.715263  0.163257
2244 0.424566 0.327322  0.248112
844 0.412632 0.110887  0.47648
3538 0.367326 0.150181  0.482492
1029 0.477077 0.37598  0.146943
4046 0.357022 0.11936  0.523618
2686 0.418231 0.193299  0.388471
3184 0.170566 0.496305  0.333129
633 0.556936 0.192604  0.25046
4422 0.555418 0.278903  0.165679
4608 0.882839 0.0575835  0.0595772
3758 0.429734 0.127478  0.442787
4730 0.32916 0.373369  0.297472
2414 0.53753 0.0337705  0.4287
600 0.426361 0.0678787  0.505761
1044 0.585312 0.164464  0.250224
3805 0.153286 0.671289  0.175425
4567 0.202403 0.343523  0.454074
643 0.433799 0.374264  0.191937
644 0.387938 0.331469  0.280593
3547 0.235828 0.5077  0.256472
2864 0.306604 0.252735  0.440661
1222 0.468352 0.36829  0.163357
1907 0.0354212 0.496059  0.46852
4106 0.0994652 0.534566  0.365969
4456 0.513165 0.0983497  0.388486
3719 0.334658 0.597745  0.0675968
4618 0.19466 0.306459  0.498881
3258 0.320552 0.390199  0.289249
518 0.0640685 0.343198  0.592733
3456 0.133199 0.540437  0.326365
4935 0.644499 0.340373  0.0151281
4904 0.690973 0.231848  0.0771784
4311 0.345679 0.357927  0.296394
862 0.291928 0.614325  0.093747
503 0.0415082 0.471073  0.487419
4606 0.207973 0.306724  0.485303
2183 0.569734 0.316488  0.113778
3549 0.381997 0.182885  0.435118
1569 0.371787 0.403504  0.224709
1821 0.560169 0.364592  0.0752385
1330 0.280078 0.152188  0.567734
4631 0.49822 0.496114  0.00566618
647 0.262252 0.238282  0.499466
976 0.0908115 0.365124  0.544064
3062 0.539448 0.154366  0.306187
1343 0.143382 0.578078  0.278541
2270 0.13618 0.847705  0.0161146
2209 0.191232 0.130779  0.677988
914 0.50171 0.161474  0.336816
3555 0.532312 0.383257  0.0844304
3266 0.68623 0.152613  0.161157
2621 0.0999799 0.208581  0.691439
3543 0.0377927 0.469616  0.492591
1893 0.432549 0.340391  0.22706
4129 0.561831 0.0973092  0.34086
4647 0.467262 0.0538305  0.478908
4886 0.477066 0.296264  0.226671
3273 0.433653 0.5448  0.0215469
4646 0.187515 0.398837  0.413649
1742 0.199205 0.584716  0.216079
1280 0.203802 0.1029  0.693298
3616 0.326033 0.478636  0.195331
1231 0.320848 0.28341  0.395742
2482 0.368394 0.414235  0.217372
4612 0.412225 0.488719  0.0990562
4836 0.522409 0.299364  0.178227
2608 0.371404 0.25606  0.372535
2839 0.578911 0.275099  0.145991
3222 0.34904 0.486823  0.164137
4279 0.204012 0.578971  0.217017
4860 0.441925 0.417278  0.140796
4106 0.368646 0.210842  0.420512
1341 0.193697 0.389166  0.417137
4608 0.575425 0.130674  0.293901
416 0.259991 0.194022  0.545987
1029 0.449377 0.0510615  0.499562
3547 0.218894 0.237552  0.543554
3543 0.619707 0.250339  0.129954
1893 0.112385 0.226607  0.661008
983 0.353341 0.376624  0.270035
4977 0.301052 0.194217  0.50473
2736 0.168722 0.458134  0.373144
4051 0.0779176 0.44135  0.480732
4946 0.306923 0.264956  0.42812
1240 0.206902 0.632548  0.16055
4143 0.062656 0.563295  0.374049
412 0.27696 0.454379  0.268661
4078 0.518733 0.0591283  0.422139
3953 0.683463 0.0872353  0.229302
3903 0.668666 0.18209  0.149245
3373 0.507787 0.187302  0.304911
4483 0.296779 0.496169  0.207052
474 0.380515 0.262814  0.356671
4829 0.214844 0.452406  0.33275
4469 0.434555 0.18738  0.378065
861 0.349377 0.0685611  0.582062
2210 0.320463 0.285431  0.394106
2078 0.26643 0.240231  0.493339
1806 0.422265 0.376266  0.201469
4982 0.195606 0.182284  0.62211
3636 0.483491 0.364336  0.152173
739 0.491182 0.200904  0.307914
4121 0.30868 0.316906  0.374413
229 0.512409 0.326841  0.16075
2269 0.497801 0.0310152  0.471184
2886 0.0154663 0.0953352  0.889199
3859 0.419481 0.331303  0.249216
3252 0.228134 0.366208  0.405658
4620 0.354705 0.302374  0.342921
4990 0.539704 0.312081  0.148215
4886 0.0444362 0.372119  0.583444
3991 0.287526 0.352639  0.359835
4583 0.290735 0.49656  0.212705
2852 0.441458 0.187133  0.371408
2473 0.276913 0.509965  0.213123
4270 0.262819 0.344358  0.392822
1623 0.331351 0.0588622  0.609786
2639 0.32377 0.273319  0.402912
2784 0.223665 0.333221  0.443114
2766 0.519964 0.407311  0.0727243
2639 0.620325 0.34899  0.0306855
4818 0.361628 0.220862  0.41751
3490 0.257817 0.539077  0.203105
652 0.344696 0.627035  0.0282683
597 0.367587 0.358256  0.274156
1114 0.730878 0.0230328  0.246089
11 0.140807 0.253855  0.605338
4351 0.13536 0.564467  0.300174
1841 0.40733 0.242731  0.349939
4116 0.136259 0.116166  0.747575
4835 0.00744588 0.33121  0.661345
4106 0.0865596 0.507532  0.405909
1269 0.465921 0.0689636  0.465116
4374 0.719941 0.164971  0.115088
660 0.461187 0.172157  0.366656
1166 0.145102 0.400024  0.454874
1341 0.3165 0.441426  0.242074
4878 0.334475 0.439791  0.225735
4116 0.27277 0.192165  0.535066
4678 0.354757 0.129974  0.515269
4136 0.452652 0.473526  0.0738217
3834 0.427752 0.548508  0.0237405
2947 0.515142 0.0946542  0.390204
3958 0.457867 0.273561  0.268571
4125 0.261331 0.299415  0.439254
1270 0.459195 0.288918  0.251887
4484 0.139226 0.316095  0.544679
1821 0.301651 0.311893  0.386456
2376 0.250281 0.436268  0.313451
4494 0.560185 0.323091  0.116725
3834 0.4002 0.451533  0.148268
4486 0.408905 0.478446  0.112648
4936 0.414687 0.265106  0.320207
3181 0.447396 0.0351645  0.51744
1521 0.370545 0.167571  0.461884
279 0.554813 0.0216754  0.423512
2413 0.0942076 0.443933  0.461859
4677 0.101678 0.578877  0.319445
3820 0.609732 0.0321786  0.358089
1337 0.0797606 0.808328  0.111911
4819 0.265013 0.388108  0.346879
4828 0.0548396 0.370343  0.574817
1807 0.331214 0.102571  0.566215
542 0.410959 0.240448  0.348593
3050 0.108806 0.215989  0.675205
4056 0.190379 0.385429  0.424192
4483 0.0143381 0.485255  0.500407
4387 0.284406 0.563187  0.152407
1257 0.438989 0.181326  0.379685
4436 0.557598 0.36279  0.0796125
2751 0.228275 0.439721  0.332003
2178 0.32518 0.526822  0.147998
4017 0.466222 0.267656  0.266122
3525 0.20961 0.627247  0.163144
3180 0.342443 0.549342  0.108215
204 0.342075 0.490774  0.167151
1941 0.279839 0.485372  0.234789
4652 0.847852 0.111342  0.0408065
4265 0.622329 0.331795  0.0458758
2628 0.432564 0.175783  0.391653
2353 0.296453 0.363771  0.339776
4311 0.423601 0.280855  0.295544
3898 0.46827 0.443718  0.0880123
3513 0.386714 0.243462  0.369823
3543 0.556874 0.212986  0.23014
1306 0.271773 0.48571  0.242517
133 0.221772 0.473061  0.305167
1548 0.272449 0.477798  0.249753
3194 0.21267 0.40115  0.38618
2629 0.265315 0.356972  0.377714
2394 0.164122 0.344405  0.491473
2823 0.189143 0.597454  0.213404
3259 0.563239 0.163345  0.273416
1197 0.164577 0.418632  0.416791
1569 0.357492 0.310438  0.33207
4936 0.426525 0.209926  0.363549
3265 0.190066 0.489301  0.320633
2102 0.395497 0.537276  0.0672271
4836 0.341888 0.0993467  0.558765
3775 0.371995 0.129624  0.498381
1971 0.358517 0.283005  0.358477
3508 0.443133 0.0962838  0.460583
845 0.350732 0.509594  0.139674
2671 0.128976 0.288008  0.583016
637 0.306829 0.305221  0.38795
4590 0.295903 0.290124  0.413973
2745 0.353645 0.315936  0.330418
1080 0.356581 0.364184  0.279235
2752 0.406382 0.199034  0.394583
502 0.173404 0.111697  0.714899
554 0.154116 0.336235  0.509649
4487 0.448195 0.291975  0.25983
669 0.248933 0.0946432  0.656424
2526 0.312511 0.464153  0.223336
2623 0.28892 0.620493  0.0905866
2905 0.59225 0.288579  0.119171
2276 0.145268 0.799856  0.0548753
4138 0.353441 0.260125  0.386434
3680 0.345284 0.522777  0.131939
4860 0.279048 0.457018  0.263934
1914 0.807599 0.0941669  0.0982343
2899 0.261828 0.244997  0.493175
914 0.214279 0.283673  0.502048
2486 0.389625 0.425108  0.185266
4630 0.351533 0.370797  0.27767
1893 0.530076 0.296273  0.173652
4673 0.270183 0.398512  0.331305
2759 0.437227 0.152978  0.409796
4116 0.301687 0.300236  0.398077
1183 0.328423 0.499907  0.171669
2116 0.241921 0.143876  0.614203
3663 0.426668 0.222889  0.350443
4961 0.265822 0.344939  0.389239
3114 0.43992 0.112943  0.447137
1087 0.456015 0.536032  0.00795262
4037 0.39661 0.159105  0.444285
4376 0.219345 0.589056  0.191599
4691 0.409829 0.389108  0.201064
4624 0.242806 0.207641  0.549554
2262 0.297409 0.225774  0.476817
1271 0.316846 0.0924254  0.590729
2438 0.0671171 0.644621  0.288262
2698 0.352045 0.130615  0.51734
1578 0.363468 0.304879  0.331653
1410 0.430098 0.156319  0.413584
2506 0.320555 0.338036  0.341409
3274 0.332673 0.196906  0.470421
3538 0.427302 0.424183  0.148515
1166 0.0187217 0.288147  0.693132
1175 0.24029 0.189727  0.569983
3543 0.161092 0.644886  0.194022
3823 0.240567 0.134769  0.624664
3260 0.171041 0.415907  0.413052
4633 0.257419 0.249815  0.492766
1275 0.507545 0.382366  0.110089
4398 0.190019 0.600049  0.209931
2750 0.231191 0.311941  0.456868
1807 0.329567 0.594304  0.0761292
1532 0.217243 0.228597  0.55416
2285 0.443872 0.142038  0.41409
4116 0.328049 0.245775  0.426176
608 0.279171 0.444544  0.276285
2751 0.824246 0.032161  0.143593
1450 0.177493 0.417915  0.404592
4648 0.41429 0.295985  0.289725
3277 0.0156421 0.924984  0.0593734
3824 0.408669 0.453071  0.13826
4935 0.078305 0.26467  0.657025
1866 0.69815 0.228464  0.0733865
4304 0.387447 0.317203  0.295351
3841 0.442474 0.148719  0.408808
170 0.485921 0.279101  0.234977
2865 0.593602 0.330478  0.0759204
2019 0.371028 0.451872  0.1771
2159 0.227079 0.523468  0.249452
3127 0.521938 0.41717  0.0608928
4976 0.255197 0.349633  0.39517
3186 0.264707 0.388358  0.346935
2283 0.277625 0.365962  0.356412
4589 0.193122 0.399108  0.40777
3269 0.313493 0.167287  0.51922
4409 0.16361 0.547741  0.288648
664 0.333477 0.575748  0.0907747
4975 0.753007 0.156328  0.0906651
4469 0.338756 0.387798  0.273445
4484 0.396319 0.272155  0.331525
4265 0.432755 0.481937  0.0853076
4378 0.402327 0.553649  0.044024
4133 0.0257331 0.288719  0.685548
2420 0.553816 0.202407  0.243778
3679 0.44077 0.22278  0.33645
1179 0.701719 0.157476  0.140805
1158 0.812195 0.176126  0.0116785
2968 0.467499 0.484702  0.0477993
1545 0.374638 0.155861  0.469501
3883 0.207239 0.426145  0.366617
3463 0.256324 0.579334  0.164341
4623 0.338913 0.36079  0.300297
2289 0.287486 0.0245957  0.687919
3210 0.242502 0.656801  0.100698
346 0.121642 0.0271315  0.851227
2923 0.124425 0.219337  0.656239
2749 0.518267 0.043954  0.437779
4860 0.336922 0.00717873  0.6559
4399 0.191261 0.251445  0.557293
1747 0.0867436 0.494443  0.418814
4136 0.341368 0.331129  0.327503
790 0.0127702 0.59398  0.39325
1096 0.41641 0.340748  0.242842
3977 0.269772 0.522636  0.207591
2765 0.713551 0.183828  0.102621
587 0.368789 0.579072  0.0521383
2110 0.31927 0.080996  0.599734
4694 0.406755 0.307095  0.28615
3901 0.502292 0.0398545  0.457853
2288 0.268391 0.644381  0.0872286
2457 0.238758 0.304802  0.45644
4633 0.340651 0.0271391  0.63221
4835 0.178327 0.344127  0.477546
4836 0.103051 0.666032  0.230918
3424 0.312172 0.240622  0.447206
2664 0.218063 0.354011  0.427926
492 0.820744 0.0437252  0.135531
4858 0.576651 0.368721  0.0546287
2407 0.64545 0.0725219  0.282028
3712 0.451488 0.281443  0.267069
4646 0.478917 0.144731  0.376352
2778 0.145956 0.470001  0.384043
2338 0.24424 0.539166  0.216594
813 0.348398 0.41759  0.234012
1269 0.148675 0.476471  0.374854
1783 0.280324 0.119124  0.600551
3525 0.274244 0.0283115  0.697445
537 0.476258 0.427422  0.0963206
3087 0.0603358 0.435357  0.504307
3880 0.356802 0.303103  0.340094
1818 0.477125 0.115048  0.407827
4332 0.28796 0.162769  0.549271
4769 0.397083 0.415104  0.187813
2289 0.34177 0.0584978  0.599732
2773 0.409636 0.133894  0.45647
2756 0.413799 0.2339  0.352301
3210 0.484316 0.468447  0.0472364
1737 0.420277 0.348927  0.230795
3258 0.282454 0.52645  0.191096
3998 0.556448 0.370127  0.0734251
1622 0.324208 0.224472  0.45132
4723 0.245315 0.407522  0.347163
4055 0.398509 0.274315  0.327176
3373 0.50143 0.0445762  0.453994
1930 0.182985 0.199863  0.617152
3900 0.3535 0.444967  0.201533
2639 0.287137 0.287859  0.425004
768 0.253134 0.0794184  0.667448
2976 0.487962 0.308974  0.203064
4585 0.374233 0.349584  0.276182
2047 0.59963 0.22454  0.17583
552 0.0694794 0.549951  0.38057
3773 0.136323 0.65596  0.207716
1803 0.26874 0.144709  0.586551
627 0.376515 0.315286  0.308199
2585 0.560628 0.0956457  0.343727
1776 0.0846674 0.515165  0.400168
1961 0.614643 0.038151  0.347206
1543 0.022024 0.563752  0.414224
1328 0.0551047 0.495599  0.449297
3636 0.275174 0.607012  0.117814
3297 0.258241 0.72354  0.0182193
528 0.213007 0.458408  0.328585
560 0.41437 0.449838  0.135792
993 0.461866 0.0978478  0.440286
3837 0.29406 0.62444  0.0814997
3663 0.352624 0.396062  0.251314
4757 0.446781 0.0598033  0.493416
1329 0.501482 0.279708  0.21881
4983 0.252175 0.519377  0.228447
301 0.28592 0.0131893  0.70089
4106 0.670078 0.0961783  0.233744
3372 0.611629 0.270296  0.118075
1241 0.163446 0.324664  0.51189
3277 0.406868 0.2495  0.343632
2663 0.385402 0.380441  0.234157
4019 0.310832 0.360018  0.329151
3014 0.359708 0.406449  0.233843
2456 0.199801 0.254325  0.545874
1744 0.555945 0.0714196  0.372636
4616 0.364128 0.189422  0.44645
1189 0.483742 0.473624  0.0426332
1905 0.24288 0.240661  0.516459
3358 0.610623 0.257246  0.132132
3036 0.191363 0.350973  0.457664
3549 0.21118 0.336238  0.452582
4622 0.40597 0.333779  0.260251
4871 0.192917 0.341652  0.465431
3441 0.263256 0.303926  0.432819
4958 0.161355 0.51686  0.321785
4074 0.461977 0.467358  0.0706651
1678 0.41514 0.557282  0.0275779
4633 0.132189 0.560975  0.306836
1577 0.301015 0.394942  0.304043
2542 0.160566 0.353002  0.486432
4696 0.244912 0.646074  0.109014
3001 0.152676 0.503461  0.343863
4613 0.356123 0.347983  0.295894
1696 0.260637 0.0313459  0.708017
3258 0.229301 0.565946  0.204754
4265 0.179013 0.248037  0.57295
4103 0.315642 0.32914  0.355218
2918 0.148857 0.752649  0.0984941
1180 0.524324 0.356596  0.11908
1807 0.775374 0.183991  0.0406354
4913 0.369189 0.290853  0.339958
2826 0.313516 0.554827  0.131657
2617 0.446136 0.133306  0.420557
1838 0.160553 0.40562  0.433827
1526 0.396716 0.0341032  0.569181
4957 0.351391 0.063501  0.585108
1174 0.0911588 0.554553  0.354289
4913 0.583321 0.318074  0.098605
4116 0.0942428 0.417627  0.488131
3867 0.171934 0.541936  0.28613
4094 0.313885 0.420036  0.266079
4650 0.205967 0.469144  0.324889
4601 0.382093 0.218556  0.399351
544 0.414549 0.233795  0.351656
1998 0.134065 0.283688  0.582247
4336 0.600031 0.218417  0.181551
2452 0.509491 0.22328  0.267229
1331 0.28859 0.365718  0.345692
3542 0.355185 0.362414  0.282401
2091 0.402969 0.194253  0.402777
4684 0.271053 0.184458  0.54449
1945 0.391737 0.214484  0.39378
2249 0.169058 0.0607424  0.770199
3898 0.343538 0.286436  0.370026
3015 0.517016 0.328356  0.154628
1769 0.319887 0.406447  0.273666
4590 0.370278 0.323943  0.305779
413 0.477987 0.0568522  0.465161
4608 0.155551 0.464138  0.380311
4616 0.519518 0.132152  0.34833
464 0.257715 0.431438  0.310847
3197 0.406431 0.243606  0.349963
183 0.460798 0.288812  0.25039
4116 0.0879208 0.446874  0.465205
1277 0.15286 0.462353  0.384787
4822 0.552234 0.21993  0.227836
2947 0.373477 0.243692  0.382831
4955 0.361926 0.114985  0.523089
4236 0.501781 0.158885  0.339334
4931 0.42205 0.151597  0.426353
1971 0.189604 0.493459  0.316937
4212 0.0971 0.484257  0.418643
1085 0.301812 0.339219  0.358968
4590 0.226821 0.396865  0.376314
3858 0.615656 0.126762  0.257582
3904 0.369011 0.441465  0.189524
2270 0.560016 0.155692  0.284292
294 0.164347 0.339185  0.496468
1814 0.463274 0.446358  0.0903675
4515 0.513464 0.160626  0.32591
4848 0.545259 0.231233  0.223507
4106 0.173712 0.481425  0.344863
3440 0.448873 0.0906521  0.460475
2322 0.365988 0.287947  0.346065
3613 0.0798886 0.432731  0.48738
4618 0.372569 0.340582  0.286848
4646 0.420843 0.154384  0.424773
4825 0.482879 0.387911  0.12921
1805 0.252103 0.515268  0.232629
4836 0.357514 0.520364  0.122122
1971 0.402005 0.535258  0.0627377
3714 0.24374 0.340063  0.416197
3535 0.435034 0.440266  0.1247
4264 0.297071 0.192362  0.510568
4822 0.253314 0.116082  0.630604
1539 0.410989 0.0360791  0.552931
2320 0.399284 0.0481772  0.552539
2571 0.469324 0.334692  0.195984
3901 0.182518 0.383174  0.434308
254 0.283024 0.419858  0.297119
643 0.380992 0.297036  0.321972
2517 0.0371727 0.275206  0.687621
3569 0.274865 0.213228  0.511907
3358 0.328778 0.232511  0.438711
3720 0.768743 0.0791591  0.152098
2543 0.21326 0.29053  0.496209
1145 0.328282 0.342913  0.328805
3344 0.250041 0.565307  0.184653
4607 0.428895 0.216583  0.354522
3549 0.114733 0.841209  0.044058
4118 0.382251 0.207926  0.409824
4126 0.536944 0.174805  0.288251
3730 0.386393 0.316081  0.297525
3356 0.394731 0.114347  0.490923
1838 0.209628 0.0995498  0.690822
3108 0.484114 0.0992525  0.416633
4074 0.166451 0.33192  0.50163
2525 0.219627 0.470369  0.310003
4590 0.296378 0.622488  0.0811346
3919 0.0778586 0.285543  0.636598
4756 0.305624 0.399481  0.294895
3423 0.401989 0.549598  0.0484131
3150 0.286869 0.453756  0.259375
1117 0.360016 0.0639268  0.576057
3125 0.31585 0.239983  0.444167
4078 0.352719 0.433903  0.213378
4126 0.249471 0.426999  0.32353
4818 0.0382864 0.314665  0.647049
4106 0.145522 0.419107  0.435371
4078 0.605699 0.353684  0.0406173
3428 0.365195 0.539778  0.0950276
2963 0.32951 0.483268  0.187221
1854 0.326233 0.330731  0.343036
4057 0.373274 0.22379  0.402936
4590 0.207392 0.112569  0.680039
2827 0.377405 0.0744183  0.548176
3719 0.312807 0.536712  0.150481
2771 0.100118 0.446105  0.453777
1571 0.421089 0.284433  0.294478
4510 0.418892 0.308648  0.27246
4206 0.136444 0.275014  0.588542
4622 0.154788 0.431513  0.413699
1955 0.350317 0.297128  0.352555
3694 0.239256 0.409927  0.350818
4483 0.401096 0.183254  0.41565
3358 0.186777 0.401376  0.411847
2699 0.430809 0.0883474  0.480844
4134 0.485851 0.260977  0.253172
2928 0.331349 0.090807  0.577844
2796 0.407172 0.516714  0.0761138
3432 0.38689 0.0640329  0.549077
3854 0.0115829 0.551507  0.43691
1826 0.372929 0.262289  0.364782
4063 0.515928 0.290736  0.193336
4618 0.251865 0.326935  0.4212
3463 0.208867 0.361438  0.429695
920 0.262276 0.497076  0.240649
4543 0.464337 0.229119  0.306545
4977 0.102407 0.440333  0.45726
4952 0.770261 0.183075  0.0466638
3870 0.443484 0.404508  0.152009
2080 0.212043 0.391581  0.396376
2328 0.0729853 0.417649  0.509366
1604 0.432825 0.258796  0.308379
1225 0.375774 0.121566  0.50266
2615 0.431066 0.518926  0.0500078
4616 0.425109 0.170947  0.403945
921 0.205795 0.0841088  0.710096
2498 0.422952 0.388702  0.188346
3732 0.292674 0.398262  0.309065
4633 0.192436 0.367516  0.440048
4904 0.689562 0.0362037  0.274234
1891 0.425413 0.334624  0.239963
18 0.368207 0.365528  0.266265
1146 0.0525655 0.473894  0.47354
3907 0.296121 0.32892  0.37496
4484 0.355209 0.0113478  0.633443
3771 0.191874 0.411505  0.396621
604 0.0620669 0.470618  0.467315
961 0.0944521 0.821743  0.083805
4616 0.227719 0.220907  0.551374
489 0.212974 0.0737904  0.713235
547 0.352598 0.464528  0.182874
4115 0.133872 0.373329  0.492799
1253 0.0346458 0.301959  0.663395
4352 0.245606 0.4906  0.263794
874 0.112561 0.122618  0.764821
4207 0.387882 0.244638  0.36748
4631 0.551686 0.131126  0.317187
2505 0.0619851 0.415267  0.522748
1267 0.0132815 0.687341  0.299377
2196 0.0860593 0.679343  0.234597
2093 0.377723 0.381587  0.24069
3478 0.544865 0.441212  0.0139224
4935 0.401944 0.176191  0.421865
3295 0.377979 0.283383  0.338637
2354 0.747504 0.109552  0.142944
2991 0.124099 0.426534  0.449367
2802 0.0234742 0.517809  0.458717
1862 0.549852 0.292717  0.157431
1307 0.182568 0.572022  0.24541
1277 0.630176 0.170749  0.199075
3258 0.437178 0.322917  0.239905
2537 0.142317 0.446289  0.411394
1960 0.374064 0.211356  0.41458
4047 0.59647 0.150146  0.253384
3358 0.426551 0.424058  0.149391
1831 0.507796 0.431672  0.0605321
2794 0.259761 0.221004  0.519235
4021 0.305538 0.205244  0.489218
1412 0.366231 0.30823  0.32554
1702 0.32238 0.368899  0.308721
3181 0.269106 0.593756  0.137138
4090 0.269157 0.355  0.375843
2634 0.535395 0.205918  0.258687
1014 0.501127 0.138918  0.359954
1879 0.144434 0.103446  0.75212
3582 0.4647 0.295243  0.240057
1999 0.51104 0.46091  0.0280496
4681 0.500064 0.0915631  0.408373
3263 0.524661 0.052798  0.422542
4905 0.460016 0.350912  0.189072
4553 0.248212 0.384094  0.367694
3018 0.411699 0.184314  0.403987
4622 0.437098 0.123985  0.438917
4116 0.306867 0.359364  0.333769
3358 0.331352 0.370006  0.298642
3903 0.440711 0.128407  0.430882
3401 0.010849 0.551889  0.437262
2474 0.243868 0.518288  0.237844
3274 0.363319 0.627434  0.00924635
2695 0.307295 0.34481  0.347895
4484 0.472982 0.514034  0.0129836
2653 0.10298 0.335379  0.56164
653 0.213535 0.436313  0.350152
1573 0.471615 0.278063  0.250323
3710 0.123139 0.0295536  0.847307
571 0.316026 0.153745  0.53023
486 0.0121833 0.340318  0.647499
4246 0.357899 0.367048  0.275053
968 0.612227 0.233117  0.154656
1707 0.0885201 0.49305  0.41843
275 0.240806 0.373966  0.385227
1729 0.93518 0.020818  0.0440017
3423 0.49365 0.250123  0.256228
1971 0.416765 0.463924  0.119311
754 0.265455 0.352361  0.382184
1979 0.39984 0.322953  0.277207
1830 0.510408 0.295385  0.194208
881 0.36312 0.441717  0.195163
2505 0.577252 0.302625  0.120122
2489 0.401617 0.188161  0.410222
1893 0.0985086 0.710918  0.190574
3543 0.429564 0.350087  0.22035
699 0.392987 0.410251  0.196762
2293 0.383439 0.310736  0.305824
4828 0.578142 0.0134629  0.408395
3550 0.348637 0.153028  0.498335
2751 0.366743 0.178753  0.454504
4428 0.513728 0.141111  0.345161
4789 0.386823 0.572514  0.0406632
4130 0.0375997 0.210901  0.751499
3894 0.0420103 0.441288  0.516702
3565 0.340704 0.528924  0.130372
4126 0.403332 0.376296  0.220372
4136 0.0803471 0.445577  0.474076
2974 0.300514 0.181671  0.517815
1752 0.378113 0.295278  0.326609
2525 0.429704 0.211534  0.358762
1831 0.586563 0.112618  0.300819
4111 0.147477 0.354786  0.497737
2470 0.70957 0.205294  0.0851362
2566 0.636005 0.192225  0.17177
1986 0.213471 0.0426769  0.743852
1380 0.278716 0.176116  0.545168
3239 0.122046 0.433042  0.444913
2657 0.152714 0.408135  0.439151
3850 0.0153849 0.436292  0.548323
1589 0.318771 0.364012  0.317217
3821 0.143393 0.39604  0.460567
1149 0.255674 0.343617  0.400709
1084 0.0305334 0.383001  0.586465
1957 0.0482497 0.879395  0.0723555
3030 0.216431 0.724924  0.0586453
1961 0.149994 0.210244  0.639762
1236 0.225968 0.418426  0.355605
3605 0.623708 0.33425  0.0420418
538 0.57347 0.115755  0.310775
4123 0.475494 0.302116  0.222391
2468 0.215624 0.498042  0.286334
3649 0.33907 0.364994  0.295936
4116 0.196281 0.47743  0.326289
1677 0.358017 0.321857  0.320126
1536 0.222677 0.229025  0.548298
1227 0.188101 0.400428  0.411471
2182 0.40843 0.348399  0.243171
2105 0.445642 0.0109845  0.543374
3116 0.165156 0.676693  0.158151
4294 0.514648 0.0299915  0.45536
3338 0.0810815 0.431825  0.487093
419 0.93343 0.021199  0.0453709
3101 0.0511372 0.829285  0.119578
3540 0.422614 0.411646  0.16574
4265 0.385017 0.482359  0.132624
4955 0.17069 0.391382  0.437928
1275 0.79199 0.100652  0.107359
1273 0.017302 0.0534  0.929298
2888 0.821721 0.023535  0.154744
3549 0.613683 0.201562  0.184755
3551 0.706336 0.0526907  0.240974
4590 0.150559 0.141336  0.708105
2637 0.310523 0.262278  0.4272
3263 0.15023 0.249959  0.599811
1932 0.419313 0.0531135  0.527574
2382 0.223283 0.391087  0.38563
1759 0.343044 0.550319  0.106637
4496 0.440315 0.479023  0.0806622
2910 0.254413 0.363262  0.382325
1650 0.472704 0.40094  0.126356
3685 0.344349 0.470349  0.185302
2638 0.109545 0.224238  0.666217
2533 0.260602 0.383971  0.355427
880 0.367029 0.459573  0.173398
3888 0.382474 0.112631  0.504895
1726 0.417953 0.356802  0.225245
1103 0.517239 0.183685  0.299076
2353 0.294385 0.661106  0.0445092
1200 0.461833 0.445488  0.0926798
1319 0.239489 0.423598  0.336913
2865 0.675133 0.0770659  0.247801
3630 0.068925 0.445064  0.486011
2039 0.123959 0.579275  0.296765
4801 0.239776 0.365404  0.39482
3273 0.416658 0.369478  0.213863
4116 0.382914 0.140776  0.476309
670 0.619921 0.285724  0.0943552
1975 0.387495 0.15671  0.455795
1485 0.270824 0.311381  0.417795
2801 0.401378 0.400586  0.198035
1965 0.279632 0.450276  0.270092
2597 0.428332 0.390706  0.180962
3271 0.235149 0.149804  0.615046
1735 0.246359 0.449178  0.304463
1557 0.402603 0.0687868  0.52861
4612 0.357724 0.499049  0.143227
3615 0.0761705 0.450456  0.473374
3139 0.308894 0.352993  0.338112
1818 0.166211 0.0506347  0.783154
3545 0.153006 0.338297  0.508697
4432 0.237267 0.435673  0.32706
4824 0.171599 0.3803  0.448101
4631 0.0400851 0.208824  0.751091
1817 0.238554 0.537023  0.224423
4772 0.218319 0.415727  0.365953
4886 0.683499 0.153206  0.163295
588 0.368531 0.264028  0.367441
4819 0.438065 0.34479  0.217145
2767 0.374796 0.0774031  0.547801
4835 0.0404172 0.505338  0.454245
3621 0.415998 0.369897  0.214105
3252 0.381937 0.457158  0.160906
4613 0.489984 0.30681  0.203207
2105 0.0834736 0.745949  0.170578
3727 0.263041 0.0724511  0.664508
2883 0.500871 0.280452  0.218677
4115 0.260284 0.333274  0.406442
3974 0.693148 0.0388625  0.267989
2892 0.566214 0.219912  0.213874
2905 0.516482 0.13954  0.343978
3501 0.91586 0.0361205  0.0480196
4393 0.128032 0.385358  0.48661
4606 0.242699 0.627858  0.129444
4582 0.622836 0.0164826  0.360681
1835 0.0413307 0.706021  0.252649
