1633 0.100812 0.668835  0.230353
3500 0.113341 0.195218  0.69144
979 0.285639 0.507918  0.206443
4121 0.420595 0.251962  0.327442
2211 0.0436938 0.313162  0.643145
2725 0.381945 0.0119808  0.606075
4596 0.0519724 0.205921  0.742107
3734 0.658543 0.282812  0.0586451
3325 0.565736 0.0154788  0.418785
4056 0.12148 0.523403  0.355117
2752 0.270279 0.380275  0.349446
1575 0.412921 0.396333  0.190746
1407 0.397532 0.267294  0.335174
1027 0.0872362 0.482775  0.429988
2705 0.288477 0.263633  0.44789
2726 0.406659 0.320543  0.272798
1149 0.465405 0.298696  0.235899
4556 0.0798067 0.646793  0.2734
4791 0.0478117 0.330225  0.621963
1610 0.508998 0.156773  0.33423
1511 0.16071 0.158929  0.680361
965 0.428892 0.241755  0.329353
973 0.153255 0.211865  0.63488
4476 0.228025 0.524647  0.247328
1596 0.0245985 0.889132  0.0862693
3836 0.602613 0.0494907  0.347896
1610 0.140861 0.158682  0.700457
921 0.0858792 0.727726  0.186394
2715 0.486835 0.342827  0.170338
2567 0.0336883 0.611078  0.355234
4422 0.119274 0.738243  0.142483
4082 0.568005 0.313924  0.118071
1610 0.303238 0.612926  0.0838358
2067 0.232391 0.384422  0.383186
1708 0.22193 0.404188  0.373882
1511 0.309928 0.595377  0.0946951
5083 0.187266 0.479427  0.333307
1681 0.0349735 0.321027  0.643999
2217 0.663577 0.168474  0.167948
1596 0.05111 0.51313  0.43576
1596 0.700482 0.0299163  0.269601
3032 0.16014 0.124018  0.715842
5098 0.261831 0.271427  0.466742
4324 0.313593 0.416547  0.26986
4517 0.0956542 0.498622  0.405724
980 0.460014 0.510588  0.0293984
975 0.371226 0.529669  0.0991048
1030 0.14766 0.50562  0.34672
1508 0.174436 0.357609  0.467955
1553 0.330708 0.154175  0.515117
1610 0.407339 0.459983  0.132678
1609 0.0425542 0.597107  0.360339
4933 0.29616 0.305259  0.398581
4634 0.24374 0.601358  0.154903
3518 0.0507539 0.597059  0.352187
977 0.725735 0.134354  0.139911
1511 0.703299 0.241219  0.055482
1051 0.531754 0.391074  0.0771722
1688 0.201413 0.473595  0.324992
2829 0.0481186 0.52794  0.423941
3302 0.0384522 0.510164  0.451383
2459 0.0801924 0.521864  0.397944
1662 0.774941 0.0791201  0.145939
935 0.334142 0.464533  0.201325
1596 0.374193 0.582777  0.0430295
4702 0.202091 0.246605  0.551304
3728 0.291311 0.318492  0.390197
1610 0.390428 0.419763  0.189809
1511 0.511795 0.197444  0.290761
1691 0.512885 0.194005  0.29311
1720 0.136817 0.416606  0.446578
2491 0.430175 0.440936  0.128889
3871 0.436634 0.0670305  0.496335
1569 0.461088 0.390012  0.1489
1603 0.372494 0.204104  0.423402
1511 0.245054 0.322264  0.432682
1511 0.356168 0.284846  0.358986
1607 0.170222 0.718216  0.111563
988 0.679303 0.180835  0.139862
3017 0.762318 0.119716  0.117967
1610 0.122911 0.0708652  0.806224
2701 0.687891 0.0493825  0.262726
1610 0.721684 0.120286  0.15803
1511 0.0536605 0.645544  0.300795
966 0.453888 0.27007  0.276042
4486 0.320705 0.165918  0.513376
1511 0.341791 0.332305  0.325903
1607 0.655879 0.112799  0.231322
1049 0.248759 0.440999  0.310242
1672 0.408125 0.0118632  0.580012
1511 0.360766 0.289373  0.349862
923 0.145515 0.515066  0.339419
1574 0.331241 0.310927  0.357832
4949 0.47312 0.386013  0.140867
2886 0.0529626 0.522027  0.425011
910 0.522659 0.345987  0.131354
1111 0.175948 0.729753  0.0942993
3869 0.226317 0.0629123  0.710771
2442 0.0324718 0.311181  0.656347
3297 0.369554 0.106069  0.524377
1599 0.00922707 0.401191  0.589582
1610 0.334737 0.353635  0.311628
1525 0.388972 0.242034  0.368994
4037 0.582331 0.0730247  0.344644
1752 0.29129 0.554486  0.154224
1511 0.204222 0.427491  0.368287
1544 0.478493 0.34546  0.176047
960 0.472499 0.452172  0.0753283
1610 0.213771 0.602201  0.184027
3363 0.311936 0.139737  0.548327
2273 0.618245 0.0766476  0.305108
611 0.615897 0.155498  0.228605
5406 0.498749 0.435218  0.0660333
1610 0.466462 0.212106  0.321432
1246 0.206671 0.386559  0.40677
1194 0.26448 0.495866  0.239653
1541 0.729928 0.190966  0.0791062
1541 0.256725 0.329964  0.413311
1831 0.360141 0.276099  0.36376
1015 0.198571 0.511276  0.290153
1610 0.565817 0.347105  0.0870787
4630 0.36136 0.20158  0.437059
1511 0.0153383 0.94386  0.0408015
2059 0.110977 0.429699  0.459324
193 0.64363 0.0266332  0.329737
941 0.107262 0.449589  0.443148
1511 0.331438 0.175989  0.492574
4610 0.405783 0.0177344  0.576483
2498 0.247744 0.141201  0.611055
1134 0.044279 0.512336  0.443385
2742 0.161885 0.27222  0.565894
71 0.541118 0.0320879  0.426794
2726 0.560653 0.382547  0.0567997
1607 0.533652 0.277024  0.189324
1511 0.364055 0.245367  0.390579
1610 0.424572 0.341388  0.23404
986 0.589001 0.113403  0.297596
4495 0.161454 0.325031  0.513514
5093 0.208213 0.461775  0.330013
1609 0.0925054 0.0253208  0.882174
993 0.414397 0.507591  0.0780119
1610 0.303751 0.316469  0.37978
3529 0.448171 0.259551  0.292278
4854 0.41379 0.172716  0.413494
2052 0.305765 0.327072  0.367163
2474 0.353492 0.138851  0.507657
1487 0.503233 0.252823  0.243943
4185 0.401425 0.344579  0.253995
4964 0.352367 0.40497  0.242663
1511 0.487959 0.405204  0.106838
2041 0.793655 0.0870074  0.119338
1511 0.509933 0.289488  0.200579
1331 0.633671 0.155541  0.210789
2603 0.684762 0.0221707  0.293067
963 0.305786 0.364892  0.329322
1041 0.147374 0.53847  0.314156
732 0.461951 0.284326  0.253723
2234 0.660261 0.143651  0.196088
983 0.575325 0.366198  0.0584765
1511 0.453266 0.254539  0.292195
666 0.210842 0.476772  0.312386
1515 0.400544 0.121927  0.477529
862 0.468166 0.151581  0.380253
1008 0.420125 0.158418  0.421457
5293 0.141229 0.702502  0.15627
1042 0.226574 0.689352  0.0840747
1515 0.0171454 0.709224  0.273631
2252 0.570549 0.132652  0.296799
2586 0.503559 0.0367133  0.459728
4323 0.340714 0.174477  0.484809
987 0.333694 0.258927  0.407378
4592 0.400052 0.254432  0.345516
1511 0.0517264 0.787701  0.160572
1540 0.177933 0.667353  0.154714
373 0.355357 0.150659  0.493984
1549 0.553103 0.143634  0.303263
2587 0.239106 0.461425  0.299469
1463 0.353135 0.476276  0.170589
5456 0.560841 0.0955874  0.343572
982 0.0853223 0.408138  0.506539
1591 0.527935 0.256866  0.215199
1511 0.154165 0.448181  0.397654
1066 0.43905 0.250506  0.310444
921 0.463321 0.360287  0.176392
5243 0.585828 0.118111  0.296061
1610 0.437609 0.128279  0.434112
2260 0.565555 0.142745  0.2917
2995 0.302921 0.6274  0.069679
3665 0.446445 0.426513  0.127042
1575 0.486931 0.400868  0.1122
1653 0.0431618 0.535395  0.421443
4587 0.21361 0.542455  0.243934
1260 0.614835 0.0331019  0.352063
4546 0.600061 0.160755  0.239185
1038 0.086957 0.52674  0.386303
1252 0.276662 0.233605  0.489733
1661 0.52053 0.255382  0.224088
1511 0.491161 0.392099  0.116741
1610 0.244472 0.311415  0.444113
3599 0.136354 0.433469  0.430177
1618 0.507399 0.0422887  0.450313
1626 0.25688 0.376508  0.366612
1575 0.0577228 0.907365  0.0349117
1511 0.435753 0.130511  0.433735
1610 0.157117 0.510472  0.332411
1706 0.0471432 0.273766  0.679091
4530 0.36471 0.508099  0.127191
4517 0.261434 0.263074  0.475492
4556 0.381952 0.106171  0.511877
983 0.0630385 0.663353  0.273609
1798 0.112159 0.846858  0.0409824
5008 0.100357 0.433094  0.46655
1610 0.590062 0.187905  0.222034
979 0.189361 0.320653  0.489987
526 0.404185 0.241936  0.353879
4090 0.420219 0.120811  0.458969
1610 0.275712 0.163162  0.561126
3795 0.25446 0.697672  0.0478688
2083 0.604466 0.251122  0.144412
640 0.116961 0.411786  0.471253
692 0.227732 0.433011  0.339257
4823 0.174009 0.323627  0.502364
1051 0.394709 0.3121  0.293191
1575 0.0221737 0.0533499  0.924476
1308 0.194762 0.32773  0.477508
1409 0.203848 0.0816076  0.714544
2375 0.158712 0.403308  0.43798
3034 0.305965 0.232704  0.461331
1928 0.0890335 0.526503  0.384464
3143 0.30508 0.409798  0.285121
5456 0.183585 0.355515  0.4609
2072 0.263865 0.344295  0.39184
1511 0.127733 0.309766  0.562501
5432 0.517224 0.315733  0.167043
1596 0.338009 0.296448  0.365544
1689 0.252847 0.175373  0.57178
4452 0.417154 0.389922  0.192924
4733 0.473996 0.447862  0.0781418
1685 0.140466 0.798907  0.0606278
3534 0.48715 0.463033  0.0498176
937 0.31097 0.304085  0.384946
5163 0.297646 0.148343  0.55401
2260 0.33858 0.369775  0.291646
1042 0.391863 0.28228  0.325857
4553 0.274056 0.456933  0.269011
2877 0.740298 0.233509  0.0261925
922 0.204711 0.436956  0.358334
3240 0.320809 0.205211  0.473979
2053 0.173131 0.485533  0.341336
125 0.183051 0.241361  0.575588
1610 0.61208 0.271987  0.115933
1681 0.397467 0.336749  0.265784
985 0.278196 0.0535293  0.668274
2324 0.48881 0.329262  0.181928
945 0.227466 0.335875  0.436659
5239 0.22568 0.568692  0.205628
922 0.0673256 0.301943  0.630731
5233 0.284271 0.599905  0.115824
3710 0.557217 0.301804  0.140978
3636 0.468497 0.211597  0.319906
1041 0.250998 0.573997  0.175004
2129 0.449563 0.162626  0.387811
4508 0.0475285 0.364125  0.588346
5081 0.208283 0.320251  0.471465
2436 0.359215 0.517655  0.12313
1610 0.201453 0.461536  0.33701
946 0.276875 0.207484  0.515642
1145 0.541426 0.138589  0.319986
3618 0.0911832 0.497988  0.410828
1601 0.498512 0.0734359  0.428052
3612 0.525043 0.353348  0.12161
1575 0.403141 0.409503  0.187356
4537 0.19651 0.599581  0.203909
2361 0.248323 0.238046  0.513631
480 0.270273 0.653822  0.0759042
1029 0.720891 0.0888548  0.190254
468 0.199142 0.180751  0.620107
2726 0.609961 0.0739006  0.316138
2110 0.204441 0.479484  0.316075
3273 0.114631 0.476837  0.408532
5283 0.416812 0.453046  0.130142
3676 0.153856 0.280625  0.56552
1009 0.338288 0.26318  0.398532
1045 0.28121 0.464062  0.254729
1618 0.354773 0.565643  0.0795844
213 0.44778 0.173676  0.378544
5317 0.322654 0.411358  0.265988
1977 0.446182 0.39405  0.159768
1610 0.545743 0.156593  0.297664
4483 0.478246 0.175121  0.346633
3322 0.220189 0.160596  0.619215
2270 0.395003 0.185382  0.419615
963 0.723877 0.194105  0.082018
5364 0.450286 0.148976  0.400738
4204 0.108029 0.194381  0.69759
1511 0.0545437 0.378637  0.566819
2627 0.490408 0.0129076  0.496685
3266 0.450636 0.363366  0.185999
839 0.554807 0.125848  0.319345
1610 0.179951 0.52425  0.2958
2502 0.345784 0.0662606  0.587955
1511 0.234221 0.353534  0.412245
2516 0.206583 0.657305  0.136112
1691 0.393993 0.398028  0.207979
2484 0.635522 0.354886  0.00959206
1609 0.524991 0.211784  0.263224
3813 0.45268 0.338974  0.208346
4084 0.162572 0.543479  0.293949
4121 0.332411 0.59005  0.0775383
1710 0.0712659 0.324908  0.603826
4585 0.365707 0.398849  0.235444
278 0.403116 0.410094  0.186789
4716 0.473891 0.0713238  0.454785
1511 0.435521 0.0831597  0.481319
3929 0.340038 0.257539  0.402423
466 0.436582 0.298093  0.265325
1696 0.310462 0.300071  0.389467
979 0.244239 0.741647  0.014114
1608 0.647771 0.334413  0.0178153
977 0.42202 0.258165  0.319815
3844 0.0186784 0.39557  0.585751
1589 0.298108 0.483828  0.218064
364 0.519071 0.203442  0.277487
3376 0.261451 0.356108  0.382441
1526 0.312876 0.319178  0.367946
4984 0.756263 0.0539244  0.189812
213 0.208593 0.3879  0.403507
4326 0.539797 0.293043  0.167161
1009 0.287192 0.363326  0.349481
5432 0.345821 0.309447  0.344731
2653 0.316225 0.524679  0.159096
946 0.268765 0.506516  0.22472
3812 0.173092 0.542341  0.284567
1610 0.578888 0.337726  0.0833861
1591 0.186589 0.37541  0.438001
2340 0.448872 0.167894  0.383235
976 0.172421 0.0545893  0.77299
2254 0.124101 0.405387  0.470512
2825 0.342528 0.269586  0.387886
409 0.453652 0.204804  0.341544
1655 0.230321 0.595639  0.17404
49 0.449574 0.535677  0.0147483
973 0.245858 0.646684  0.107458
1096 0.223263 0.400382  0.376355
945 0.305019 0.341548  0.353433
2505 0.567339 0.423917  0.0087433
2472 0.371385 0.226104  0.40251
1470 0.627049 0.304709  0.0682415
1538 0.249659 0.257473  0.492869
2972 0.0851924 0.476293  0.438515
1827 0.413535 0.490507  0.0959578
3789 0.07021 0.0585474  0.871243
3023 0.388195 0.317123  0.294681
4607 0.242586 0.368319  0.389095
1591 0.334516 0.386183  0.279301
1051 0.0475529 0.211456  0.740991
1511 0.343981 0.24271  0.413309
4039 0.190348 0.57872  0.230932
2729 0.169779 0.132815  0.697405
5259 0.317716 0.186017  0.496268
995 0.35728 0.355641  0.287079
2126 0.258934 0.340485  0.400581
2502 0.608505 0.248741  0.142754
1707 0.540933 0.301832  0.157235
983 0.293644 0.301143  0.405213
1805 0.649536 0.0941156  0.256349
981 0.352982 0.123482  0.523536
4958 0.396859 0.47046  0.132681
1511 0.758553 0.162433  0.0790136
1047 0.391372 0.598858  0.00976992
982 0.365749 0.249634  0.384618
4083 0.301906 0.656523  0.0415707
1575 0.396012 0.3022  0.301788
978 0.324286 0.335784  0.33993
4635 0.231715 0.34281  0.425475
3268 0.598702 0.348044  0.0532539
1511 0.154267 0.0841217  0.761611
4725 0.382817 0.217077  0.400107
2249 0.286778 0.286667  0.426554
2703 0.332107 0.230873  0.43702
2444 0.439762 0.0827734  0.477465
1661 0.603758 0.0308058  0.365436
2576 0.461827 0.181903  0.35627
1550 0.516383 0.295025  0.188592
5153 0.0379709 0.642281  0.319748
4696 0.351692 0.518485  0.129823
2369 0.22223 0.464213  0.313557
5009 0.84795 0.0221046  0.129946
981 0.214027 0.412076  0.373897
2073 0.618771 0.181095  0.200134
982 0.105812 0.621019  0.273169
1578 0.0520234 0.505576  0.4424
3321 0.137421 0.604372  0.258207
946 0.265658 0.48427  0.250072
5057 0.425955 0.295963  0.278082
2725 0.390854 0.349774  0.259372
75 0.343837 0.357195  0.298968
1610 0.234502 0.463557  0.301941
2258 0.31368 0.222689  0.463631
700 0.21789 0.345582  0.436528
1049 0.289725 0.462654  0.247621
3149 0.481193 0.462709  0.0560985
4711 0.507308 0.413239  0.0794532
4052 0.353482 0.232114  0.414405
1811 0.546536 0.163552  0.289912
3628 0.0755635 0.0862953  0.838141
1575 0.30296 0.311508  0.385532
5058 0.416615 0.279258  0.304127
1511 0.3494 0.358719  0.291881
2730 0.375328 0.457353  0.167319
1511 0.128575 0.380223  0.491201
3970 0.113601 0.408753  0.477646
1511 0.400277 0.453742  0.145981
2664 0.181036 0.273742  0.545222
982 0.0911012 0.258645  0.650254
1610 0.485406 0.0359765  0.478618
1315 0.317495 0.314959  0.367546
1596 0.608972 0.251285  0.139743
1282 0.277366 0.476092  0.246542
5453 0.467472 0.303989  0.228539
4165 0.280114 0.250311  0.469575
289 0.0454424 0.487638  0.46692
1596 0.0888837 0.22705  0.684066
1618 0.572892 0.415395  0.0117129
3872 0.47281 0.258641  0.268549
1710 0.345112 0.0439456  0.610943
1618 0.363889 0.377574  0.258536
2725 0.44029 0.338047  0.221664
4537 0.0343859 0.945971  0.0196428
2268 0.03842 0.541213  0.420367
925 0.384022 0.160282  0.455696
5063 0.432857 0.136262  0.430881
2270 0.154758 0.0646453  0.780597
1181 0.604149 0.0808335  0.315018
719 0.262589 0.68121  0.0562007
1520 0.677847 0.24349  0.0786637
3956 0.0405651 0.242706  0.716729
3740 0.912429 0.0299912  0.0575794
3482 0.519089 0.31377  0.167141
2261 0.203338 0.484218  0.312444
2724 0.452916 0.320915  0.226169
975 0.76614 0.112113  0.121747
3420 0.298029 0.325918  0.376054
1596 0.232846 0.344731  0.422423
1511 0.565522 0.305895  0.128584
3539 0.609662 0.127079  0.263259
1314 0.0165542 0.271791  0.711655
4454 0.144237 0.498877  0.356887
4588 0.201321 0.303314  0.495365
984 0.563385 0.323077  0.113538
1569 0.467227 0.29691  0.235862
3860 0.130295 0.430335  0.439369
5059 0.19816 0.561472  0.240368
961 0.380974 0.251109  0.367917
979 0.142732 0.568223  0.289045
2879 0.325495 0.192032  0.482473
4830 0.126243 0.529401  0.344356
4546 0.313675 0.110632  0.575693
497 0.537894 0.0242194  0.437886
1610 0.143792 0.329837  0.526371
1511 0.660121 0.226522  0.113357
4797 0.447021 0.140609  0.41237
5430 0.46384 0.0429433  0.493216
1609 0.262265 0.277507  0.460228
4486 0.026023 0.449491  0.524486
2749 0.192792 0.650704  0.156504
1609 0.561018 0.392495  0.0464864
4005 0.378148 0.334115  0.287737
1526 0.539757 0.0276544  0.432589
1511 0.287992 0.336871  0.375138
983 0.667815 0.263553  0.0686317
134 0.0606082 0.431188  0.508204
1576 0.41724 0.476138  0.106621
1539 0.13977 0.797076  0.0631532
34 0.501819 0.19825  0.299931
1610 0.269712 0.341661  0.388627
2798 0.315918 0.656218  0.0278637
1511 0.0436949 0.275668  0.680637
4558 0.263318 0.509049  0.227633
2729 0.6282 0.082869  0.288931
3217 0.177047 0.42455  0.398403
4004 0.299977 0.0762784  0.623744
1610 0.349591 0.196255  0.454154
1717 0.503983 0.476804  0.0192128
1511 0.368591 0.400234  0.231175
1042 0.209311 0.404433  0.386256
1009 0.304853 0.478175  0.216972
1635 0.34575 0.282383  0.371867
685 0.234682 0.104294  0.661025
925 0.502174 0.171357  0.32647
3477 0.0770402 0.0411599  0.8818
981 0.0761255 0.45062  0.473255
1596 0.0449679 0.189658  0.765374
1610 0.607275 0.0460025  0.346722
4291 0.0948246 0.408902  0.496273
1578 0.155332 0.176767  0.667901
2743 0.0562706 0.662328  0.281401
1042 0.461458 0.312145  0.226398
4080 0.109252 0.653844  0.236904
5094 0.191226 0.411466  0.397308
1917 0.80875 0.0487455  0.142504
946 0.390189 0.415263  0.194549
1605 0.40725 0.176904  0.415846
1511 0.387746 0.33213  0.280124
3733 0.469112 0.223375  0.307513
4164 0.0736382 0.267634  0.658727
983 0.521576 0.19043  0.287994
3443 0.43348 0.492605  0.0739152
4463 0.356008 0.332701  0.311291
5349 0.577741 0.182403  0.239855
1511 0.166107 0.794621  0.0392724
3629 0.366428 0.308885  0.324687
3686 0.447477 0.354792  0.197731
1630 0.238498 0.714461  0.0470405
1049 0.310767 0.297017  0.392216
1519 0.186939 0.468576  0.344485
3019 0.245929 0.328209  0.425861
1607 0.172165 0.436668  0.391167
1706 0.201825 0.578528  0.219647
954 0.350658 0.493892  0.15545
1511 0.137183 0.746272  0.116545
1609 0.613847 0.236432  0.149721
1081 0.115938 0.229898  0.654164
3891 0.43838 0.154702  0.406918
856 0.354948 0.21368  0.431372
2709 0.257093 0.6717  0.0712063
5058 0.23919 0.39791  0.3629
4926 0.422151 0.115872  0.461977
4553 0.368594 0.534602  0.0968036
1511 0.221615 0.665657  0.112727
1578 0.0547793 0.635458  0.309762
978 0.46238 0.518285  0.0193354
3861 0.387887 0.0469639  0.565149
2565 0.177652 0.468374  0.353973
187 0.321368 0.297002  0.38163
4585 0.477454 0.236885  0.285662
1257 0.225947 0.0571723  0.716881
1596 0.394308 0.252415  0.353277
4964 0.329967 0.369642  0.300391
4078 0.39793 0.251593  0.350476
3890 0.0726344 0.396124  0.531242
4283 0.0970659 0.359795  0.543139
973 0.643903 0.311329  0.0447675
5053 0.250706 0.393978  0.355316
973 0.481285 0.140798  0.377917
4373 0.280769 0.056488  0.662743
271 0.254957 0.212527  0.532517
2420 0.452129 0.0162534  0.531617
460 0.341225 0.554098  0.104677
4963 0.143491 0.331298  0.525211
1037 0.439048 0.257272  0.303681
1511 0.214178 0.430728  0.355094
3535 0.296444 0.0441747  0.659382
919 0.341203 0.42004  0.238757
982 0.443757 0.423088  0.133155
1596 0.439884 0.0907371  0.469379
1511 0.377641 0.0801541  0.542205
1511 0.486105 0.207914  0.305981
993 0.237141 0.436648  0.326212
4546 0.15492 0.810052  0.0350282
1131 0.338574 0.289972  0.371454
1511 0.422925 0.227538  0.349538
2515 0.531765 0.426876  0.0413589
1706 0.0840148 0.286007  0.629978
1042 0.421455 0.126241  0.452304
3198 0.544359 0.317772  0.137869
1610 0.515131 0.292231  0.192638
1610 0.263289 0.215651  0.52106
316 0.103206 0.423151  0.473643
3891 0.11737 0.372475  0.510155
2752 0.31204 0.502912  0.185048
2373 0.0786168 0.507928  0.413455
2744 0.41128 0.263645  0.325075
2889 0.340298 0.236586  0.423116
2306 0.489568 0.344648  0.165785
1511 0.130204 0.38098  0.488815
2131 0.0721299 0.432253  0.495617
1511 0.366039 0.443256  0.190705
982 0.431892 0.219489  0.348618
1511 0.196848 0.291116  0.512036
2604 0.396544 0.298888  0.304568
852 0.186066 0.577759  0.236175
2573 0.465522 0.130494  0.403984
923 0.29418 0.360901  0.344919
1511 0.49712 0.495723  0.00715666
4011 0.763066 0.125699  0.111235
784 0.33442 0.322993  0.342587
2354 0.395561 0.290451  0.313987
1511 0.505652 0.270427  0.223922
1021 0.221733 0.663763  0.114504
2893 0.276832 0.359392  0.363776
4637 0.366469 0.294735  0.338796
982 0.631411 0.132682  0.235907
1681 0.393829 0.286445  0.319726
1035 0.378412 0.223525  0.398064
2743 0.396728 0.242091  0.361182
1593 0.411595 0.465621  0.122784
1596 0.476568 0.34747  0.175962
1706 0.12435 0.462777  0.412873
2176 0.306976 0.668623  0.024401
118 0.343432 0.243822  0.412746
3710 0.0216344 0.463437  0.514929
4731 0.378727 0.20798  0.413293
1610 0.17368 0.288165  0.538155
2363 0.496089 0.324963  0.178948
1511 0.0831691 0.76424  0.152591
952 0.567443 0.227714  0.204844
1607 0.0134776 0.36901  0.617512
2730 0.102899 0.795683  0.101417
2270 0.323094 0.315934  0.360972
1255 0.370209 0.174925  0.454866
926 0.347876 0.247487  0.404637
1603 0.481675 0.0234178  0.494907
3186 0.169448 0.45689  0.373661
5061 0.465362 0.111495  0.423144
3646 0.102344 0.200138  0.697518
1495 0.766797 0.0363867  0.196817
4709 0.696103 0.0313982  0.272499
1058 0.22434 0.588489  0.187171
1511 0.221005 0.283762  0.495234
937 0.0895818 0.525725  0.384693
980 0.258721 0.366614  0.374665
5076 0.215205 0.238643  0.546152
4535 0.456477 0.42694  0.116583
1614 0.735563 0.247732  0.0167052
1610 0.155709 0.365072  0.479219
1610 0.49613 0.184563  0.319307
1596 0.0155409 0.519482  0.464977
1596 0.715428 0.166097  0.118475
1762 0.47339 0.286908  0.239702
3562 0.22932 0.66709  0.10359
2725 0.294457 0.125654  0.579888
1610 0.361216 0.525739  0.113045
1605 0.560207 0.255445  0.184348
1511 0.739131 0.1364  0.124469
1681 0.247592 0.38687  0.365537
1661 0.230223 0.394001  0.375776
2659 0.302133 0.230761  0.467106
1418 0.247717 0.334275  0.418008
3844 0.19993 0.384584  0.415487
1029 0.272554 0.411726  0.31572
3427 0.396528 0.391986  0.211487
1511 0.474536 0.113379  0.412085
4284 0.241198 0.194721  0.564081
1606 0.638284 0.3003  0.0614161
3077 0.33681 0.318851  0.344339
1511 0.447528 0.349093  0.20338
1511 0.319684 0.294154  0.386162
1546 0.308954 0.181773  0.509272
118 0.493007 0.333223  0.17377
1511 0.442218 0.214381  0.343401
2725 0.583508 0.291596  0.124896
1585 0.514807 0.310058  0.175134
1599 0.11278 0.488071  0.399148
1179 0.433018 0.0405689  0.526413
973 0.503795 0.40141  0.0947953
1684 0.411658 0.104965  0.483377
1511 0.448178 0.155098  0.396724
2703 0.033175 0.252427  0.714398
1572 0.548035 0.294424  0.157541
1511 0.381219 0.0964844  0.522296
4851 0.431992 0.371953  0.196055
1291 0.711907 0.0879332  0.20016
1610 0.652594 0.280349  0.0670571
199 0.134564 0.111709  0.753727
1949 0.346385 0.329975  0.32364
1029 0.424116 0.169596  0.406288
140 0.3793 0.204161  0.416539
4371 0.149169 0.57939  0.271441
1587 0.0753402 0.267857  0.656803
1034 0.546778 0.183371  0.269851
4563 0.271966 0.532101  0.195934
919 0.0318589 0.718421  0.24972
1617 0.63861 0.214612  0.146778
1271 0.314408 0.348642  0.33695
4394 0.12174 0.372547  0.505713
3212 0.540366 0.0315129  0.428121
4676 0.078689 0.587875  0.333436
921 0.226265 0.337612  0.436123
2501 0.331676 0.261426  0.406898
1575 0.557917 0.0282778  0.413805
1610 0.295015 0.61363  0.0913547
1511 0.186393 0.378533  0.435073
3572 0.0517568 0.806081  0.142162
1547 0.630237 0.1169  0.252863
921 0.373982 0.177902  0.448116
1672 0.69734 0.190335  0.112325
2485 0.467606 0.461541  0.0708528
1596 0.256312 0.71301  0.0306776
921 0.198144 0.712644  0.0892121
1357 0.227289 0.460896  0.311814
1207 0.427783 0.129365  0.442852
852 0.0404123 0.819016  0.140571
2226 0.137377 0.385656  0.476967
2059 0.434841 0.0852612  0.479898
1511 0.363432 0.324406  0.312162
440 0.208664 0.524301  0.267035
4381 0.165602 0.279367  0.555031
3515 0.107942 0.183852  0.708207
1605 0.409899 0.345454  0.244647
1587 0.0315959 0.471937  0.496467
4615 0.302287 0.488819  0.208894
453 0.65376 0.291249  0.0549911
2316 0.454747 0.376955  0.168299
1049 0.0896283 0.474844  0.435528
2980 0.524808 0.0919494  0.383243
4631 0.352975 0.378882  0.268143
84 0.168586 0.471519  0.359895
977 0.12893 0.200282  0.670788
2442 0.493443 0.125985  0.380571
1031 0.19359 0.141222  0.665188
3637 0.0904981 0.590309  0.319193
5000 0.321444 0.324423  0.354133
5031 0.349528 0.326831  0.32364
357 0.410931 0.0647284  0.524341
1610 0.401707 0.30173  0.296563
1574 0.144969 0.795536  0.0594953
5092 0.444922 0.267878  0.2872
1511 0.510541 0.371127  0.118331
1715 0.238824 0.44022  0.320956
983 0.448153 0.122775  0.429072
3882 0.212273 0.0763552  0.711372
108 0.305733 0.263245  0.431023
4944 0.135178 0.33371  0.531112
1511 0.0263881 0.0156385  0.957973
993 0.242803 0.214696  0.542502
1610 0.282546 0.556694  0.16076
1596 0.351826 0.234385  0.413789
3842 0.224585 0.320744  0.454671
1033 0.596731 0.374467  0.0288024
1607 0.121697 0.726216  0.152088
352 0.388317 0.517634  0.0940498
496 0.391388 0.246085  0.362527
3218 0.286228 0.528342  0.185431
3891 0.419205 0.389766  0.191029
1691 0.372202 0.424928  0.20287
1051 0.034332 0.643287  0.322381
1511 0.203793 0.0357783  0.760428
2844 0.0551922 0.343403  0.601405
975 0.365211 0.321601  0.313188
71 0.171067 0.220261  0.608672
3922 0.372625 0.207586  0.419789
1511 0.243949 0.256519  0.499532
1434 0.57137 0.108314  0.320315
1514 0.206272 0.149925  0.643803
994 0.050782 0.266967  0.682251
1511 0.338891 0.334187  0.326922
928 0.87806 0.0480233  0.0739166
3757 0.0983988 0.62699  0.274611
1511 0.122937 0.11218  0.764883
1607 0.551302 0.310791  0.137907
1114 0.398392 0.339401  0.262208
1511 0.67551 0.285029  0.0394616
973 0.57462 0.362627  0.0627534
2606 0.284478 0.288114  0.427408
731 0.0214026 0.397772  0.580826
982 0.269587 0.487019  0.243394
335 0.477985 0.510838  0.0111768
3077 0.163473 0.570883  0.265645
5083 0.0818303 0.117476  0.800694
982 0.271703 0.355791  0.372506
4735 0.57094 0.107718  0.321342
5225 0.469591 0.411547  0.118862
4003 0.3041 0.597236  0.098664
1734 0.0611272 0.716495  0.222377
3641 0.348961 0.0606315  0.590408
1197 0.329804 0.310782  0.359415
1021 0.286946 0.199483  0.513571
994 0.398054 0.0278687  0.574077
919 0.438722 0.410819  0.150459
1542 0.691374 0.188563  0.120063
1511 0.0492377 0.417085  0.533677
966 0.21894 0.363703  0.417357
1596 0.330881 0.292134  0.376985
1608 0.217554 0.548269  0.234177
1602 0.120859 0.85183  0.0273111
1511 0.136951 0.279611  0.583438
2263 0.516055 0.088612  0.395333
1596 0.566268 0.300372  0.13336
1511 0.484287 0.288677  0.227036
3307 0.380828 0.419089  0.200083
3872 0.436391 0.314763  0.248846
2511 0.415006 0.284586  0.300409
2263 0.363496 0.593635  0.0428688
423 0.0411047 0.635947  0.322948
1015 0.295279 0.0848068  0.619914
3311 0.28356 0.103662  0.612778
5247 0.352729 0.196959  0.450312
4256 0.181597 0.49836  0.320043
3090 0.0994613 0.474323  0.426216
2620 0.805637 0.027696  0.166667
2589 0.249803 0.349152  0.401045
982 0.350968 0.0872488  0.561783
1049 0.0245932 0.254752  0.720654
5039 0.174528 0.519933  0.30554
982 0.528662 0.380081  0.0912574
1596 0.0163923 0.548924  0.434684
2357 0.301224 0.638943  0.0598334
1596 0.522811 0.330274  0.146915
1292 0.0991286 0.177189  0.723682
1591 0.194866 0.391884  0.413249
1385 0.467733 0.030009  0.502258
4539 0.463837 0.112686  0.423477
743 0.444121 0.138089  0.41779
1469 0.0266483 0.788603  0.184749
2340 0.135733 0.483184  0.381083
2788 0.0832516 0.440482  0.476266
2630 0.368162 0.288143  0.343695
4540 0.148607 0.391413  0.45998
2699 0.261894 0.286232  0.451873
920 0.254538 0.365567  0.379895
3482 0.343813 0.30665  0.349537
4879 0.463636 0.298005  0.238359
322 0.260251 0.0563173  0.683432
2041 0.107401 0.504954  0.387646
1633 0.30613 0.603489  0.0903818
1511 0.49557 0.305074  0.199356
1058 0.132784 0.130181  0.737035
1511 0.0882072 0.410296  0.501496
1511 0.181461 0.219946  0.598593
3683 0.142171 0.374456  0.483372
986 0.499484 0.329592  0.170923
1511 0.323254 0.337491  0.339254
4431 0.173293 0.177011  0.649696
446 0.0133596 0.140514  0.846127
1049 0.186825 0.725993  0.0871821
3704 0.225914 0.418919  0.355167
2699 0.732184 0.132835  0.134981
1689 0.11382 0.586775  0.299405
4126 0.270146 0.223454  0.5064
3183 0.330599 0.183729  0.485672
5320 0.636915 0.154118  0.208968
1511 0.23807 0.400314  0.361616
1610 0.479054 0.312366  0.20858
981 0.320329 0.471443  0.208229
3996 0.346205 0.320412  0.333383
1145 0.360638 0.453044  0.186318
977 0.301681 0.095164  0.603155
921 0.120963 0.483082  0.395955
2256 0.370694 0.485099  0.144207
4588 0.433858 0.439152  0.12699
4555 0.503226 0.470225  0.0265492
322 0.452704 0.486281  0.0610151
981 0.0851824 0.424453  0.490364
1607 0.725328 0.0147625  0.25991
1797 0.0778584 0.249444  0.672698
1619 0.500133 0.092604  0.407263
4861 0.596766 0.154329  0.248905
1578 0.370113 0.324066  0.30582
2886 0.305084 0.500514  0.194402
3612 0.536346 0.0330375  0.430616
5096 0.294283 0.543865  0.161852
235 0.246281 0.492258  0.261461
4563 0.376755 0.367238  0.256007
5067 0.153023 0.289014  0.557963
4635 0.00680133 0.411566  0.581633
4926 0.403938 0.34345  0.252612
1602 0.511283 0.465996  0.0227205
1548 0.277514 0.271387  0.451098
4788 0.183156 0.452062  0.364782
920 0.162614 0.369308  0.468078
1049 0.444831 0.272054  0.283115
1610 0.12081 0.387537  0.491653
1587 0.195156 0.792735  0.0121088
1240 0.505698 0.149014  0.345288
2742 0.460289 0.144312  0.395399
2986 0.861231 0.0728303  0.0659385
587 0.280354 0.0820438  0.637602
1596 0.377165 0.365327  0.257508
1596 0.167948 0.471106  0.360946
1511 0.0297634 0.615319  0.354917
1881 0.325703 0.426431  0.247867
980 0.506313 0.171981  0.321706
1511 0.120428 0.395278  0.484294
417 0.483337 0.407642  0.10902
1681 0.131673 0.775354  0.0929726
1609 0.154082 0.660265  0.185653
1605 0.113868 0.601983  0.284148
966 0.501894 0.236097  0.262009
1182 0.275108 0.0965642  0.628328
72 0.384477 0.328024  0.287499
2285 0.299655 0.195323  0.505021
2478 0.283251 0.0120435  0.704705
3218 0.359376 0.105004  0.535621
1318 0.301063 0.327987  0.370949
1610 0.481165 0.0226016  0.496233
5090 0.143268 0.430913  0.425819
1551 0.456159 0.508227  0.0356139
2522 0.251097 0.407164  0.341739
127 0.438401 0.0833733  0.478225
5329 0.408383 0.160358  0.431259
1601 0.228491 0.37946  0.392049
990 0.400878 0.26925  0.329872
257 0.534386 0.346038  0.119576
4575 0.408095 0.134107  0.457797
2003 0.0142139 0.844618  0.141169
4790 0.355499 0.246598  0.397903
1610 0.216273 0.720883  0.0628446
3540 0.361229 0.250446  0.388325
1610 0.348125 0.420639  0.231236
3054 0.221588 0.32403  0.454382
983 0.0341934 0.909993  0.0558133
2418 0.384064 0.266434  0.349501
3159 0.41588 0.239598  0.344522
4192 0.257252 0.431486  0.311262
2729 0.255324 0.628655  0.116021
1623 0.636856 0.2284  0.134744
3335 0.0605811 0.538566  0.400853
906 0.120741 0.440227  0.439032
1511 0.40817 0.169254  0.422576
993 0.26596 0.496687  0.237353
1610 0.428937 0.380136  0.190927
1610 0.266011 0.219475  0.514514
3714 0.429978 0.317667  0.252354
1511 0.101501 0.445704  0.452796
1511 0.160078 0.427641  0.412281
1616 0.349004 0.294094  0.356902
2383 0.318704 0.524106  0.15719
1907 0.409488 0.418338  0.172174
1511 0.406626 0.196691  0.396684
1574 0.463586 0.0333386  0.503076
4619 0.230594 0.586931  0.182475
4661 0.0897972 0.456617  0.453586
317 0.022077 0.397749  0.580174
3675 0.799563 0.0616556  0.138781
1547 0.243938 0.539853  0.216209
2270 0.256991 0.388596  0.354413
5087 0.209825 0.474019  0.316156
2682 0.285268 0.284087  0.430646
1609 0.276677 0.299415  0.423907
2703 0.0135037 0.59097  0.395527
1853 0.173049 0.611304  0.215647
1279 0.338917 0.34831  0.312773
1189 0.0508057 0.0548728  0.894322
1610 0.525312 0.0218956  0.452793
1595 0.150283 0.213699  0.636018
2749 0.430961 0.149394  0.419645
3878 0.192329 0.429758  0.377913
1596 0.51775 0.395913  0.0863373
1607 0.134741 0.265889  0.599369
381 0.261967 0.148335  0.589698
4007 0.785641 0.174881  0.0394776
1610 0.339765 0.394063  0.266172
4415 0.132358 0.423018  0.444624
1610 0.50367 0.399039  0.097291
973 0.384599 0.442743  0.172658
5383 0.512523 0.210688  0.276789
1783 0.713877 0.250316  0.0358061
5308 0.168238 0.44707  0.384692
2363 0.0674086 0.39913  0.533461
2729 0.493371 0.273006  0.233623
3381 0.549553 0.31669  0.133757
2297 0.119689 0.769261  0.111051
1511 0.143382 0.311386  0.545231
1577 0.704457 0.180609  0.114934
975 0.459553 0.434236  0.106211
1609 0.312474 0.57125  0.116275
1609 0.576107 0.0506877  0.373205
2895 0.208671 0.406249  0.38508
2220 0.334826 0.444986  0.220188
4499 0.553424 0.0834692  0.363106
1596 0.558264 0.117265  0.32447
4869 0.297127 0.508584  0.194289
2498 0.38401 0.202395  0.413595
1010 0.0219651 0.304573  0.673461
1511 0.350529 0.165363  0.484108
1596 0.499454 0.183947  0.3166
1596 0.470083 0.414756  0.115161
1591 0.0890937 0.320026  0.59088
3905 0.404938 0.439963  0.155099
4531 0.319806 0.246227  0.433967
2418 0.487407 0.439049  0.0735435
2236 0.75458 0.0906635  0.154757
3622 0.176408 0.394902  0.42869
1724 0.295656 0.278353  0.425991
2479 0.0664485 0.534164  0.399387
2698 0.471966 0.146136  0.381898
4553 0.502571 0.47904  0.0183887
973 0.54831 0.0514773  0.400213
981 0.20073 0.411079  0.38819
3151 0.195505 0.747687  0.0568079
1610 0.0859388 0.516569  0.397492
2244 0.195394 0.164886  0.63972
1692 0.562049 0.117495  0.320456
3924 0.52736 0.352542  0.120098
4508 0.546832 0.238702  0.214466
1344 0.30445 0.334112  0.361438
177 0.192511 0.205865  0.601624
978 0.837552 0.135019  0.0274289
3930 0.590199 0.119451  0.29035
1511 0.162809 0.446134  0.391057
1610 0.360986 0.250273  0.388741
4927 0.408712 0.25887  0.332417
3223 0.147856 0.429754  0.42239
4531 0.230631 0.470077  0.299292
1236 0.249437 0.735819  0.014744
1596 0.541296 0.011869  0.446835
5232 0.483055 0.119406  0.397538
3122 0.550677 0.0150778  0.434245
1511 0.260221 0.575169  0.16461
2473 0.267754 0.400919  0.331328
1590 0.493196 0.0941937  0.41261
1010 0.0382133 0.618376  0.343411
3473 0.396638 0.342091  0.26127
1511 0.256082 0.595652  0.148266
1609 0.260762 0.176866  0.562372
1607 0.695669 0.0943915  0.209939
3443 0.443979 0.217261  0.33876
1789 0.373465 0.438529  0.188006
959 0.351882 0.611766  0.0363517
1616 0.0319651 0.775409  0.192625
1511 0.0403543 0.646389  0.313257
1625 0.230559 0.374578  0.394863
1596 0.480655 0.2856  0.233745
4563 0.261173 0.0671576  0.671669
982 0.425645 0.0272009  0.547154
1511 0.431701 0.332661  0.235638
4620 0.236809 0.335799  0.427393
3812 0.562854 0.383227  0.0539191
1015 0.116969 0.535798  0.347233
3789 0.0285587 0.113276  0.858165
2469 0.225768 0.35093  0.423303
2427 0.486544 0.354409  0.159048
3172 0.507624 0.334543  0.157832
5426 0.129517 0.558902  0.311581
1610 0.0716504 0.536  0.39235
1610 0.113993 0.0657281  0.820279
1531 0.16117 0.510994  0.327835
1984 0.385625 0.330026  0.284349
4837 0.517155 0.0626304  0.420215
1511 0.379194 0.343721  0.277086
1636 0.102157 0.359255  0.538589
3313 0.146794 0.314332  0.538874
982 0.371131 0.228956  0.399913
1511 0.518952 0.467265  0.0137831
921 0.154178 0.684925  0.160897
2449 0.251505 0.282331  0.466164
582 0.484316 0.509955  0.00572889
1610 0.435183 0.257077  0.30774
4633 0.13348 0.393603  0.472916
1511 0.177196 0.0835427  0.739261
2249 0.0602361 0.71088  0.228884
409 0.552627 0.0590927  0.38828
2553 0.446593 0.0520138  0.501393
2447 0.109577 0.29319  0.597234
3836 0.514524 0.126348  0.359128
935 0.204712 0.117681  0.677607
1681 0.408557 0.214771  0.376673
3882 0.319488 0.330695  0.349817
3828 0.324215 0.348319  0.327465
1681 0.268578 0.225635  0.505786
1610 0.257568 0.0445485  0.697884
1606 0.0439635 0.57816  0.377877
252 0.420641 0.401539  0.177819
1511 0.295339 0.26864  0.436022
121 0.0420961 0.648186  0.309718
2670 0.119563 0.581024  0.299412
137 0.368312 0.331339  0.300349
941 0.572857 0.338606  0.0885377
3813 0.534683 0.268862  0.196456
1681 0.238875 0.212457  0.548667
1609 0.199457 0.266276  0.534267
2545 0.0219197 0.60134  0.37674
5321 0.117303 0.378897  0.5038
1610 0.244258 0.321531  0.434211
3483 0.477836 0.417005  0.105159
5231 0.0566264 0.547538  0.395836
4896 0.459335 0.322468  0.218197
5092 0.438877 0.458339  0.102784
2709 0.405656 0.202638  0.391706
975 0.165252 0.465397  0.369351
155 0.387387 0.143626  0.468987
1730 0.359607 0.356651  0.283742
1813 0.350931 0.37868  0.270388
1500 0.257627 0.676489  0.0658845
5105 0.0821562 0.182853  0.734991
1919 0.40088 0.199039  0.400082
3792 0.283758 0.537042  0.1792
1610 0.439834 0.432791  0.127374
2787 0.289148 0.320819  0.390033
2543 0.297526 0.439631  0.262844
1049 0.351474 0.159388  0.489138
5258 0.217611 0.668727  0.113663
2232 0.231712 0.512958  0.255331
3559 0.280924 0.173054  0.546022
1511 0.240144 0.206923  0.552933
3216 0.0730489 0.757017  0.169934
2857 0.0113717 0.587974  0.400654
4615 0.119058 0.471477  0.409465
3822 0.256215 0.297703  0.446081
1511 0.281804 0.291062  0.427134
1511 0.276023 0.284134  0.439843
1511 0.454639 0.325537  0.219824
2237 0.396599 0.32668  0.276721
960 0.171091 0.703142  0.125767
732 0.782048 0.163962  0.0539902
5131 0.519971 0.160786  0.319243
1596 0.449393 0.541308  0.00929867
1058 0.40067 0.452865  0.146464
913 0.205875 0.30079  0.493336
1111 0.343202 0.147266  0.509532
4491 0.474873 0.199143  0.325984
1926 0.546789 0.357904  0.0953064
1463 0.277206 0.178634  0.54416
8 0.484935 0.128075  0.38699
2176 0.47204 0.105685  0.422274
1605 0.0238687 0.418389  0.557742
4004 0.238644 0.470311  0.291045
4575 0.106905 0.429498  0.463597
1596 0.158324 0.491778  0.349898
4788 0.435013 0.364162  0.200826
3722 0.22812 0.0627148  0.709165
980 0.563978 0.0180457  0.417976
1546 0.412034 0.263484  0.324482
1596 0.0385958 0.362221  0.599183
964 0.464224 0.392552  0.143224
4424 0.512762 0.27405  0.213188
1046 0.142378 0.373257  0.484366
1511 0.479315 0.307008  0.213678
1135 0.15719 0.416853  0.425957
3583 0.0163284 0.788641  0.195031
982 0.241619 0.444544  0.313836
2216 0.0707337 0.404907  0.524359
969 0.314435 0.371035  0.314531
413 0.0806518 0.433191  0.486157
1602 0.256894 0.374034  0.369072
977 0.0532329 0.639062  0.307705
5446 0.410867 0.48765  0.101482
1161 0.306479 0.208782  0.48474
112 0.338532 0.302535  0.358934
1437 0.589722 0.0109584  0.39932
3758 0.161134 0.328652  0.510214
3320 0.503347 0.154463  0.34219
3806 0.0447482 0.450178  0.505074
3857 0.281127 0.670185  0.0486883
2258 0.589133 0.0475959  0.363271
1574 0.31934 0.515296  0.165364
978 0.203057 0.565891  0.231053
982 0.317982 0.085988  0.59603
3610 0.037951 0.439214  0.522835
5307 0.543237 0.266487  0.190277
4520 0.281786 0.357894  0.36032
2725 0.117084 0.632597  0.250318
1610 0.482162 0.023583  0.494255
1610 0.396344 0.0165714  0.587085
1578 0.0969455 0.204833  0.698221
2748 0.0925255 0.290103  0.617371
4517 0.275337 0.57188  0.152782
1049 0.116614 0.320564  0.562821
1553 0.468809 0.167361  0.36383
2049 0.0261301 0.66071  0.31316
1511 0.18112 0.629811  0.189069
965 0.0709251 0.871907  0.057168
1029 0.328353 0.36274  0.308907
1511 0.189642 0.787273  0.0230849
4114 0.44283 0.501089  0.0560805
1482 0.222027 0.266835  0.511138
1591 0.609891 0.0113871  0.378722
4588 0.110132 0.150996  0.738872
1042 0.568756 0.011761  0.419483
1015 0.66639 0.106091  0.227518
1596 0.0524634 0.749654  0.197882
1511 0.23062 0.179797  0.589583
1553 0.585931 0.0529958  0.361073
5137 0.202267 0.402007  0.395727
1610 0.0312337 0.762179  0.206587
1013 0.384707 0.0759935  0.539299
4639 0.331124 0.254384  0.414491
1094 0.258981 0.386362  0.354657
2338 0.241405 0.413432  0.345163
882 0.288397 0.685823  0.0257797
1638 0.388637 0.0770528  0.53431
3821 0.208184 0.328617  0.463198
4596 0.296941 0.327758  0.375301
429 0.390841 0.0890569  0.520102
1035 0.292827 0.339851  0.367322
3214 0.278332 0.263099  0.458569
1610 0.389888 0.141017  0.469094
134 0.444833 0.305395  0.249772
1595 0.136868 0.386199  0.476932
1315 0.31481 0.413183  0.272007
1596 0.157946 0.388781  0.453272
5002 0.43044 0.115468  0.454092
1511 0.146678 0.396421  0.456901
1610 0.331483 0.333901  0.334616
1511 0.333198 0.35975  0.307052
1574 0.138307 0.436656  0.425037
985 0.477354 0.414869  0.107777
1460 0.278939 0.310476  0.410585
1681 0.398067 0.370327  0.231606
979 0.443135 0.516991  0.0398746
1610 0.539547 0.319371  0.141082
1511 0.212929 0.105757  0.681313
3752 0.143674 0.438879  0.417446
1027 0.104446 0.722616  0.172938
1511 0.102718 0.350923  0.546358
1511 0.447404 0.394931  0.157665
1159 0.260601 0.23395  0.505449
1042 0.262365 0.428022  0.309613
1511 0.240094 0.386509  0.373397
1682 0.44681 0.32693  0.22626
4902 0.237058 0.302062  0.46088
4499 0.413919 0.552978  0.0331028
1590 0.301294 0.225791  0.472915
3148 0.275796 0.345304  0.378901
4959 0.0129083 0.639132  0.34796
1095 0.309988 0.477981  0.212032
1609 0.243425 0.0355232  0.721052
1397 0.317469 0.558317  0.124214
1511 0.0967336 0.45172  0.451547
2730 0.649155 0.153966  0.19688
5387 0.482009 0.0352402  0.482751
1511 0.229386 0.38985  0.380764
1463 0.525269 0.166339  0.308392
1511 0.312216 0.26536  0.422424
1610 0.515666 0.163647  0.320687
4251 0.47793 0.467529  0.0545415
1590 0.389564 0.150466  0.45997
