4786 0.349028 0.231834  0.419138
2681 0.361953 0.538013  0.100034
4220 0.158058 0.522347  0.319595
5026 0.143734 0.561405  0.294861
4120 0.341476 0.290876  0.367649
3932 0.408105 0.247008  0.344888
4726 0.0368684 0.292051  0.671081
3755 0.130594 0.679159  0.190247
6334 0.29499 0.551578  0.153431
1476 0.215278 0.541749  0.242973
3778 0.261928 0.335548  0.402523
5026 0.472654 0.392497  0.134849
167 0.278571 0.170751  0.550678
2280 0.0673171 0.592819  0.339864
4597 0.0454632 0.462117  0.49242
4449 0.329436 0.287263  0.383301
2678 0.103213 0.433632  0.463154
5112 0.343417 0.289493  0.36709
6003 0.39964 0.238891  0.361469
636 0.0865326 0.852814  0.0606535
5012 0.393939 0.55068  0.0553812
5132 0.177465 0.36707  0.455465
540 0.481524 0.476061  0.0424148
2454 0.393132 0.408538  0.198331
3580 0.399395 0.486178  0.114427
6552 0.545357 0.440058  0.0145849
2020 0.740954 0.0674363  0.19161
4643 0.360147 0.250338  0.389516
5667 0.170359 0.425457  0.404184
1274 0.366009 0.421587  0.212405
3744 0.469163 0.303627  0.22721
1341 0.375881 0.237624  0.386496
3906 0.134413 0.219909  0.645677
6348 0.267549 0.33859  0.393861
114 0.398162 0.279655  0.322184
6103 0.456551 0.368189  0.175259
6330 0.314997 0.161889  0.523114
2323 0.5101 0.181779  0.308121
6068 0.427008 0.377753  0.19524
530 0.560458 0.219897  0.219645
4563 0.441819 0.266264  0.291917
1393 0.368487 0.39327  0.238243
6448 0.119626 0.487767  0.392607
2282 0.497499 0.41605  0.0864505
5589 0.542246 0.203727  0.254027
4541 0.449885 0.0577275  0.492388
6238 0.602221 0.2162  0.18158
4096 0.325097 0.186963  0.48794
5653 0.528032 0.400435  0.0715328
73 0.0355855 0.28819  0.676224
27 0.307953 0.4037  0.288347
5790 0.413919 0.370638  0.215442
546 0.185289 0.0379846  0.776726
5056 0.353273 0.423503  0.223224
450 0.29319 0.281435  0.425375
5974 0.387866 0.421382  0.190752
2870 0.386105 0.309242  0.304653
313 0.0553433 0.334627  0.61003
3643 0.0204603 0.511973  0.467567
749 0.281537 0.207932  0.510532
2220 0.314992 0.44245  0.242558
2388 0.389726 0.15485  0.455424
2556 0.182644 0.281742  0.535614
5309 0.336047 0.340652  0.323301
2813 0.399471 0.335918  0.264611
549 0.113786 0.824585  0.0616295
2514 0.387172 0.255445  0.357384
485 0.0360167 0.424204  0.539779
4876 0.37813 0.177617  0.444253
5410 0.502069 0.354797  0.143134
381 0.139183 0.722204  0.138613
6521 0.352215 0.318926  0.328859
465 0.228111 0.249689  0.5222
429 0.501382 0.426709  0.071909
5052 0.406556 0.35046  0.242984
1553 0.292242 0.507832  0.199927
6343 0.118281 0.428637  0.453081
6496 0.381595 0.328856  0.289549
3035 0.387988 0.132154  0.479857
2762 0.471126 0.432095  0.0967786
2825 0.142724 0.570017  0.287259
802 0.226633 0.51556  0.257807
4824 0.0229857 0.246625  0.730389
5548 0.184905 0.417701  0.397395
2449 0.158216 0.435426  0.406358
2966 0.201257 0.269451  0.529293
4165 0.570997 0.0910981  0.337905
2147 0.466394 0.439356  0.0942503
2092 0.675813 0.282711  0.0414755
520 0.49498 0.161797  0.343223
5088 0.374797 0.0594203  0.565783
3812 0.0700242 0.173943  0.756032
5639 0.559836 0.0641331  0.376031
2797 0.00898754 0.421535  0.569478
2601 0.320434 0.42627  0.253296
6355 0.115462 0.0857847  0.798753
452 0.857557 0.0207872  0.121656
5515 0.138233 0.448015  0.413752
3663 0.45429 0.0234589  0.522251
3962 0.307084 0.38309  0.309827
4518 0.473294 0.170801  0.355905
5109 0.187317 0.0499  0.762783
4998 0.720992 0.108714  0.170294
4501 0.861446 0.0171926  0.121361
5027 0.308069 0.110729  0.581202
1448 0.363712 0.435144  0.201144
1287 0.298165 0.236848  0.464987
5176 0.421153 0.447708  0.131139
1025 0.487613 0.0613163  0.451071
5385 0.181453 0.40124  0.417307
733 0.0069899 0.51011  0.4829
5547 0.480083 0.363391  0.156527
1468 0.332001 0.0820751  0.585924
5570 0.300838 0.121093  0.578069
2710 0.506034 0.319075  0.174892
1706 0.139335 0.552524  0.308141
1406 0.201183 0.327747  0.47107
1711 0.0518524 0.49531  0.452838
4300 0.225013 0.203442  0.571545
6328 0.576152 0.108003  0.315846
3452 0.641505 0.07046  0.288036
1598 0.429009 0.179514  0.391477
2083 0.313488 0.289848  0.396664
3468 0.431646 0.250877  0.317477
5188 0.422133 0.240378  0.337489
5951 0.0139465 0.560209  0.425844
3568 0.485838 0.297693  0.216469
5309 0.0598783 0.701063  0.239059
1655 0.101034 0.632659  0.266307
1142 0.444134 0.392034  0.163833
913 0.450504 0.0582145  0.491282
3307 0.663129 0.289275  0.0475958
1470 0.376386 0.375594  0.24802
2242 0.545777 0.41408  0.0401436
2159 0.302565 0.255996  0.441439
4507 0.4517 0.293906  0.254394
1505 0.156959 0.434055  0.408986
811 0.46712 0.104759  0.42812
3190 0.509943 0.205112  0.284945
1561 0.352476 0.280091  0.367433
2517 0.309395 0.346681  0.343923
4388 0.329138 0.249303  0.421559
836 0.345449 0.0606055  0.593946
4095 0.248581 0.645908  0.105512
434 0.255565 0.41405  0.330385
6306 0.0512658 0.426941  0.521793
3646 0.285986 0.422532  0.291482
4339 0.333812 0.299672  0.366515
5352 0.0418893 0.302802  0.655308
512 0.412988 0.0653425  0.52167
684 0.344526 0.275308  0.380166
5660 0.605307 0.157379  0.237314
826 0.0780779 0.51603  0.405892
5627 0.633073 0.0889449  0.277982
6112 0.317951 0.215131  0.466918
5922 0.628302 0.324082  0.0476157
3749 0.592203 0.211417  0.19638
2053 0.320341 0.481875  0.197784
3852 0.135104 0.57495  0.289946
216 0.241375 0.332518  0.426107
2492 0.321451 0.169517  0.509032
2053 0.0200856 0.414945  0.564969
1531 0.135044 0.355788  0.509168
3982 0.340689 0.311726  0.347585
1756 0.230231 0.442888  0.326881
1593 0.35848 0.15016  0.49136
3920 0.496383 0.349638  0.153979
6168 0.410893 0.286309  0.302798
3679 0.611861 0.332303  0.0558359
3272 0.311388 0.163457  0.525155
3703 0.082263 0.270496  0.647241
539 0.135446 0.356154  0.5084
3301 0.681756 0.134145  0.1841
1536 0.255908 0.42881  0.315282
6487 0.263798 0.348539  0.387663
5295 0.166832 0.39464  0.438528
2163 0.151996 0.324764  0.52324
3951 0.0719377 0.642763  0.285299
3906 0.896579 0.0706415  0.0327792
419 0.536864 0.403954  0.0591819
4830 0.297428 0.420172  0.282399
3587 0.352759 0.450561  0.196681
5770 0.206291 0.462738  0.330971
914 0.465138 0.330561  0.204301
4269 0.208784 0.661853  0.129363
3843 0.496159 0.399022  0.104819
2785 0.343528 0.444671  0.211801
3007 0.261315 0.600372  0.138314
3276 0.301656 0.48573  0.212614
3648 0.0168683 0.467094  0.516038
6060 0.282544 0.327185  0.390271
1556 0.428839 0.0630124  0.508149
1537 0.425338 0.0279989  0.546663
6045 0.539252 0.384393  0.0763551
1922 0.139471 0.430243  0.430286
6400 0.0991828 0.666041  0.234777
6651 0.224931 0.0625916  0.712478
845 0.876547 0.0250948  0.0983581
4800 0.398826 0.404639  0.196534
304 0.203231 0.576176  0.220593
1308 0.485245 0.366657  0.148098
4064 0.269887 0.373311  0.356802
6008 0.167854 0.421692  0.410453
1671 0.759753 0.174553  0.0656942
851 0.0514826 0.689785  0.258732
4376 0.591612 0.349021  0.0593668
723 0.378778 0.130662  0.49056
5611 0.226117 0.229805  0.544078
4590 0.274445 0.391227  0.334328
3843 0.360355 0.435571  0.204074
4543 0.47648 0.431763  0.0917574
2023 0.414208 0.0372379  0.548554
4777 0.489292 0.354237  0.156471
2374 0.0758418 0.551798  0.37236
3281 0.256076 0.306989  0.436935
1908 0.3381 0.35399  0.30791
5991 0.0134556 0.172675  0.81387
6060 0.147333 0.253516  0.599151
3804 0.427874 0.238964  0.333163
1166 0.356191 0.551181  0.0926277
2789 0.126517 0.476096  0.397386
901 0.515805 0.274526  0.209668
1363 0.0599499 0.911285  0.0287654
1180 0.833984 0.0213805  0.144636
5648 0.646576 0.0718935  0.28153
2730 0.1829 0.418667  0.398433
5526 0.64977 0.0606783  0.289552
179 0.547892 0.0267571  0.425351
4500 0.272709 0.24303  0.484262
5352 0.195698 0.41703  0.387271
5874 0.410975 0.52953  0.0594957
4284 0.524133 0.433677  0.0421905
4868 0.276928 0.460421  0.262652
4068 0.286253 0.305452  0.408295
1453 0.132906 0.439481  0.427613
3205 0.392593 0.187385  0.420021
2373 0.0459046 0.755128  0.198968
5773 0.462702 0.159359  0.37794
4864 0.2762 0.297053  0.426747
541 0.160074 0.47352  0.366406
6389 0.54521 0.299597  0.155192
3840 0.480191 0.0776907  0.442118
2903 0.309369 0.412656  0.277975
2027 0.313607 0.39118  0.295213
3151 0.212692 0.581785  0.205523
3448 0.398924 0.409345  0.191731
344 0.0453543 0.418294  0.536352
2454 0.373097 0.213515  0.413388
4610 0.747783 0.221971  0.0302465
1189 0.093766 0.199732  0.706502
5688 0.160489 0.471115  0.368397
2468 0.0468104 0.0952506  0.857939
3989 0.395603 0.361055  0.243342
2841 0.769168 0.146624  0.0842073
2623 0.371547 0.152569  0.475884
310 0.472343 0.367761  0.159896
1471 0.492891 0.321763  0.185346
2233 0.518068 0.239498  0.242434
1962 0.345063 0.344375  0.310562
6535 0.11514 0.636207  0.248653
2517 0.192459 0.401114  0.406427
3615 0.123726 0.553882  0.322392
809 0.295397 0.313719  0.390884
4132 0.501447 0.145071  0.353482
4593 0.504359 0.480747  0.0148946
4973 0.210368 0.524737  0.264895
2400 0.228726 0.583023  0.18825
3548 0.460337 0.175619  0.364045
3695 0.198461 0.660149  0.14139
5084 0.337399 0.420834  0.241767
3994 0.158375 0.417804  0.423821
6053 0.284123 0.380746  0.335131
5289 0.128764 0.753399  0.117838
3222 0.0941418 0.395885  0.509973
5119 0.0465165 0.62956  0.323923
2345 0.165354 0.329306  0.50534
2784 0.164922 0.442778  0.3923
4351 0.0262989 0.245542  0.728159
5155 0.411882 0.240681  0.347437
2585 0.655115 0.320164  0.0247209
4842 0.344461 0.282481  0.373058
588 0.28743 0.409419  0.30315
825 0.466337 0.302956  0.230708
441 0.727537 0.228146  0.0443166
3423 0.423267 0.260762  0.315971
6634 0.598561 0.0876467  0.313793
2026 0.238894 0.392532  0.368574
4949 0.399492 0.379734  0.220774
851 0.352417 0.425127  0.222456
3356 0.413262 0.0741345  0.512603
4989 0.0419372 0.261901  0.696162
428 0.325154 0.227991  0.446855
5317 0.452346 0.367489  0.180165
2572 0.576823 0.297137  0.12604
1003 0.272942 0.383324  0.343734
2665 0.526563 0.0670894  0.406348
2221 0.213479 0.315579  0.470942
4204 0.251937 0.413151  0.334912
64 0.22162 0.314377  0.464003
3294 0.767337 0.184418  0.0482446
1356 0.079195 0.191632  0.729173
4073 0.0302314 0.483272  0.486496
5710 0.312586 0.0586807  0.628733
446 0.0579825 0.416611  0.525407
3426 0.307774 0.413928  0.278298
4249 0.358199 0.453182  0.188619
4167 0.425459 0.237818  0.336723
2632 0.2634 0.461829  0.274771
3110 0.0922669 0.497045  0.410688
1792 0.307295 0.108269  0.584436
6603 0.143153 0.414694  0.442153
3354 0.296221 0.217602  0.486177
1670 0.21741 0.405  0.37759
5527 0.243579 0.386874  0.369546
3669 0.285011 0.648322  0.0666675
1556 0.178785 0.591829  0.229386
3495 0.347022 0.328259  0.324719
5762 0.178792 0.436014  0.385194
3147 0.438244 0.381875  0.17988
1303 0.28635 0.597758  0.115892
6046 0.0635582 0.0706487  0.865793
2588 0.12465 0.648659  0.226691
4893 0.292337 0.569646  0.138016
4903 0.0178288 0.38286  0.599311
297 0.0997377 0.211889  0.688373
2416 0.29339 0.297761  0.40885
480 0.374076 0.11501  0.510914
1326 0.584388 0.397959  0.017653
2588 0.194833 0.311749  0.493419
4218 0.533962 0.0218924  0.444146
3183 0.125379 0.390844  0.483777
569 0.0336939 0.272805  0.693501
3686 0.0234288 0.546069  0.430502
1980 0.133433 0.0452893  0.821277
4364 0.486474 0.40229  0.111236
6427 0.388827 0.240475  0.370698
6096 0.325001 0.541684  0.133314
1151 0.278467 0.385184  0.336349
5524 0.387035 0.050722  0.562243
2011 0.369259 0.199073  0.431668
5686 0.548144 0.108419  0.343437
98 0.402962 0.329771  0.267267
5356 0.456004 0.0545672  0.489429
2466 0.190631 0.528653  0.280716
6289 0.247712 0.393202  0.359086
2922 0.24116 0.441327  0.317513
2295 0.244204 0.514216  0.241579
899 0.443724 0.362396  0.19388
5170 0.147484 0.543778  0.308739
5064 0.0190303 0.481043  0.499927
6559 0.104665 0.568248  0.327088
3960 0.557365 0.383016  0.0596196
1286 0.223989 0.267911  0.508099
2132 0.216175 0.403263  0.380562
32 0.0632312 0.503076  0.433693
552 0.435357 0.330343  0.2343
2559 0.335178 0.0914989  0.573323
5577 0.640293 0.340883  0.0188243
1215 0.540137 0.0115532  0.448309
2567 0.318714 0.219431  0.461854
5957 0.475067 0.147214  0.377718
400 0.0323791 0.682179  0.285441
3516 0.513583 0.0458231  0.440594
5870 0.325417 0.553611  0.120971
3655 0.4043 0.339742  0.255958
3221 0.0234642 0.368377  0.608159
917 0.0250003 0.348178  0.626822
6247 0.605449 0.357061  0.0374901
6384 0.195114 0.467199  0.337687
1490 0.257927 0.160597  0.581476
5056 0.416902 0.150886  0.432211
895 0.579864 0.0202348  0.399901
5667 0.15754 0.331009  0.511452
36 0.304576 0.191948  0.503476
6084 0.409851 0.292032  0.298117
2376 0.343767 0.585573  0.07066
4028 0.472821 0.0331226  0.494056
490 0.531949 0.202664  0.265387
3147 0.0801968 0.520925  0.398879
3458 0.411603 0.115318  0.473079
6130 0.335255 0.382781  0.281964
3106 0.58705 0.380337  0.0326128
1153 0.451078 0.255027  0.293895
4996 0.0116755 0.465623  0.522702
5209 0.354602 0.376896  0.268502
5496 0.357801 0.383573  0.258626
2129 0.23192 0.69302  0.0750597
51 0.313311 0.585282  0.101408
496 0.426751 0.429235  0.144014
4970 0.485327 0.0567718  0.457901
5185 0.0720136 0.183258  0.744728
4564 0.0630765 0.345402  0.591521
6087 0.45811 0.143842  0.398048
2854 0.463326 0.51032  0.0263545
709 0.160964 0.395408  0.443628
4239 0.12529 0.814268  0.0604413
3358 0.282775 0.180754  0.536471
699 0.125843 0.620084  0.254073
428 0.356313 0.157622  0.486065
3333 0.445371 0.517289  0.0373407
4421 0.407686 0.22603  0.366284
1805 0.391876 0.476824  0.1313
1538 0.139336 0.569176  0.291488
3177 0.0712612 0.453017  0.475722
3932 0.128946 0.16227  0.708784
622 0.623582 0.349961  0.0264569
2480 0.195859 0.580274  0.223867
5870 0.0650352 0.562243  0.372722
449 0.533051 0.174491  0.292458
1604 0.129894 0.847838  0.0222685
3621 0.0587322 0.582971  0.358296
6560 0.432527 0.456225  0.111248
5909 0.484029 0.29885  0.217121
441 0.177777 0.460377  0.361845
2907 0.0209632 0.828341  0.150695
1548 0.0160808 0.469784  0.514135
2305 0.525503 0.244315  0.230181
5972 0.477087 0.347341  0.175572
1476 0.145583 0.261958  0.592459
3681 0.297814 0.305148  0.397039
627 0.382399 0.325741  0.29186
6058 0.102616 0.466747  0.430637
6076 0.0789576 0.231167  0.689875
3436 0.438095 0.175398  0.386507
2496 0.037987 0.575404  0.386609
5702 0.32255 0.619028  0.0584217
838 0.432372 0.190434  0.377194
3959 0.54354 0.115064  0.341396
6246 0.138483 0.0998985  0.761619
2988 0.261556 0.460007  0.278437
4358 0.381331 0.150796  0.467873
4633 0.197934 0.342452  0.459615
5521 0.528044 0.352905  0.119051
2511 0.0355576 0.493073  0.471369
1583 0.473619 0.287227  0.239155
4541 0.563301 0.36953  0.0671691
5995 0.0759314 0.125027  0.799042
802 0.303935 0.159727  0.536337
2776 0.315974 0.55033  0.133696
4261 0.159889 0.786708  0.0534036
5218 0.227806 0.21207  0.560124
1097 0.173932 0.496706  0.329363
3488 0.115196 0.0993616  0.785442
1342 0.12562 0.545924  0.328456
4644 0.488313 0.271577  0.24011
1189 0.21909 0.293392  0.487519
329 0.302179 0.227807  0.470014
5435 0.113556 0.387667  0.498776
1475 0.137071 0.248644  0.614285
1579 0.200984 0.227373  0.571643
5591 0.540235 0.397894  0.0618716
1392 0.0757799 0.727688  0.196532
6328 0.438923 0.275981  0.285096
1834 0.757525 0.0710742  0.171401
993 0.402051 0.403744  0.194205
1518 0.506173 0.260007  0.23382
5560 0.221407 0.722807  0.0557855
1416 0.338892 0.339715  0.321393
2022 0.410786 0.426392  0.162822
4817 0.541582 0.300653  0.157764
2116 0.256818 0.202769  0.540413
3801 0.463531 0.415692  0.120776
2755 0.128994 0.687624  0.183382
2079 0.32996 0.0884516  0.581588
5197 0.130075 0.168458  0.701467
3277 0.655138 0.153435  0.191427
4841 0.421886 0.0668553  0.511259
939 0.491258 0.171128  0.337614
6074 0.35685 0.245947  0.397203
1555 0.55049 0.413521  0.0359887
1306 0.429491 0.0761758  0.494333
6514 0.0206251 0.232139  0.747236
5422 0.407453 0.210449  0.382098
6521 0.198731 0.786015  0.0152546
3519 0.0923266 0.403097  0.504577
1462 0.476533 0.305476  0.217991
1755 0.328156 0.267791  0.404053
2247 0.396689 0.145964  0.457348
5820 0.0188289 0.118587  0.862584
4228 0.490691 0.44985  0.0594592
1458 0.0774318 0.242839  0.679729
4076 0.388061 0.380768  0.231171
4152 0.393778 0.281458  0.324764
723 0.43877 0.0356818  0.525548
3080 0.451873 0.442185  0.105942
1620 0.319111 0.260814  0.420075
2779 0.534649 0.00941897  0.455932
2687 0.606106 0.192199  0.201695
1511 0.302628 0.193471  0.5039
3224 0.328006 0.323533  0.34846
5740 0.240127 0.53704  0.222833
6339 0.341585 0.348364  0.310051
5918 0.0649811 0.303057  0.631962
3610 0.201428 0.759888  0.0386842
5374 0.587169 0.309684  0.103147
1153 0.239567 0.254562  0.505871
1586 0.280277 0.335467  0.384256
4980 0.642647 0.0595037  0.297849
2513 0.316941 0.30394  0.379119
3798 0.0938991 0.704239  0.201862
235 0.528979 0.0712931  0.399728
1031 0.0502426 0.568051  0.381707
3740 0.188267 0.320976  0.490757
427 0.150484 0.527634  0.321882
3017 0.672467 0.181024  0.146509
585 0.358742 0.530726  0.110531
4053 0.270905 0.514042  0.215054
4967 0.364041 0.0465784  0.589381
634 0.0606184 0.321619  0.617762
1187 0.147022 0.65434  0.198638
1351 0.00849083 0.512402  0.479107
3708 0.441722 0.0493307  0.508947
2544 0.207799 0.574292  0.21791
615 0.269241 0.279266  0.451493
1396 0.211615 0.569863  0.218522
2581 0.536244 0.192469  0.271287
3581 0.297929 0.2161  0.485971
6246 0.530179 0.231999  0.237823
4879 0.103598 0.409349  0.487052
900 0.272101 0.334834  0.393065
4603 0.00857538 0.564207  0.427218
313 0.167952 0.26881  0.563238
2494 0.143774 0.367233  0.488993
3716 0.254628 0.32582  0.419552
2682 0.434249 0.351181  0.21457
4383 0.389043 0.311906  0.299051
866 0.51163 0.303678  0.184693
3097 0.119633 0.475408  0.404959
266 0.135904 0.366675  0.497422
4474 0.411595 0.328699  0.259706
2689 0.269347 0.278715  0.451938
2491 0.374551 0.397481  0.227969
4109 0.646362 0.253572  0.100066
2940 0.24055 0.223714  0.535736
6131 0.141261 0.439375  0.419363
1415 0.539284 0.0386262  0.42209
787 0.226825 0.428916  0.344258
2449 0.085826 0.343825  0.570349
3716 0.264012 0.487642  0.248346
2801 0.439175 0.516958  0.0438667
920 0.580663 0.239015  0.180322
5254 0.182636 0.294771  0.522593
3518 0.43078 0.028644  0.540576
2743 0.392461 0.448137  0.159402
5138 0.529428 0.265612  0.20496
1816 0.115533 0.687575  0.196892
564 0.165799 0.271147  0.563054
2931 0.0979064 0.0884578  0.813636
6313 0.763799 0.130453  0.105748
2881 0.0313434 0.281351  0.687306
6610 0.511698 0.466938  0.0213637
2129 0.106721 0.413621  0.479658
2225 0.281421 0.211511  0.507067
5918 0.275589 0.368039  0.356372
3476 0.329513 0.479587  0.1909
2753 0.426608 0.527055  0.0463376
6335 0.375787 0.212051  0.412163
5564 0.248461 0.648976  0.102563
1664 0.429771 0.399022  0.171207
6533 0.371899 0.177753  0.450348
6067 0.762872 0.222239  0.014889
3725 0.573656 0.0766239  0.34972
2133 0.582409 0.167179  0.250413
5048 0.154415 0.515901  0.329684
5510 0.545688 0.318505  0.135807
5405 0.467602 0.215573  0.316825
5693 0.398003 0.453876  0.148121
1380 0.378519 0.429914  0.191567
308 0.586766 0.374008  0.0392263
3479 0.578082 0.291657  0.130261
4275 0.138954 0.280962  0.580084
795 0.18052 0.371933  0.447547
3646 0.677098 0.13386  0.189041
6305 0.423092 0.399702  0.177206
2090 0.313792 0.632037  0.0541705
1632 0.593158 0.297993  0.108849
1767 0.467352 0.404684  0.127964
4378 0.342532 0.421408  0.23606
3017 0.038937 0.800479  0.160584
1387 0.104585 0.512277  0.383138
718 0.372213 0.341366  0.286421
845 0.579427 0.285335  0.135238
5129 0.450005 0.0977112  0.452283
6117 0.355567 0.507532  0.136901
6529 0.138159 0.664329  0.197513
6341 0.366289 0.242485  0.391226
5916 0.159253 0.353756  0.486991
1261 0.606162 0.197355  0.196483
4703 0.357804 0.516033  0.126163
5270 0.452488 0.220596  0.326917
2746 0.0892378 0.190737  0.720026
2688 0.263261 0.459499  0.277241
1962 0.322495 0.485012  0.192493
4736 0.198857 0.294178  0.506966
4806 0.14099 0.0150069  0.844003
1094 0.422147 0.437941  0.139912
1925 0.410676 0.0134132  0.57591
2453 0.326647 0.303013  0.37034
594 0.34311 0.326728  0.330162
3461 0.414712 0.228495  0.356793
763 0.289825 0.330677  0.379498
2219 0.0473704 0.258527  0.694103
2779 0.396525 0.575513  0.0279613
1316 0.728295 0.0563963  0.215309
3167 0.62039 0.308706  0.0709037
2778 0.373666 0.362073  0.264261
4963 0.216881 0.413545  0.369574
4569 0.10221 0.850102  0.0476878
2057 0.43665 0.17408  0.38927
6141 0.263753 0.0238664  0.71238
198 0.46238 0.267836  0.269785
2850 0.125315 0.427625  0.44706
5800 0.428196 0.417836  0.153968
6284 0.521677 0.209792  0.268531
573 0.34271 0.395825  0.261466
1575 0.448456 0.251795  0.299749
222 0.114638 0.39269  0.492673
2799 0.0779981 0.392064  0.529938
4459 0.270775 0.366042  0.363182
4963 0.223236 0.379177  0.397588
4816 0.36976 0.132313  0.497927
2710 0.954557 0.0163399  0.029103
6509 0.145594 0.550626  0.30378
3764 0.278834 0.110387  0.610779
653 0.171866 0.156853  0.671281
4537 0.192054 0.47447  0.333476
531 0.1301 0.300396  0.569504
3224 0.187076 0.664479  0.148445
6559 0.113017 0.418364  0.468619
6274 0.29633 0.0421741  0.661496
1002 0.485577 0.330005  0.184418
4237 0.835772 0.0533076  0.110921
4247 0.365317 0.168341  0.466342
6076 0.325207 0.467607  0.207186
3233 0.373689 0.358287  0.268024
5353 0.186892 0.620752  0.192356
5489 0.510118 0.34162  0.148263
1575 0.1103 0.0976653  0.792035
3734 0.261046 0.321306  0.417649
1087 0.262047 0.413474  0.32448
4663 0.501413 0.383847  0.11474
686 0.577991 0.0855959  0.336413
4778 0.415917 0.252708  0.331375
6430 0.210868 0.165596  0.623535
1976 0.342454 0.235191  0.422355
4285 0.249902 0.291547  0.458552
1161 0.135594 0.529498  0.334909
1675 0.331371 0.347811  0.320818
958 0.438563 0.16423  0.397207
6309 0.325159 0.521282  0.153559
3893 0.337585 0.322693  0.339722
2268 0.180228 0.247681  0.572092
4611 0.243361 0.540776  0.215863
6328 0.109146 0.372521  0.518333
1723 0.395051 0.391549  0.2134
5560 0.0808172 0.572567  0.346616
3227 0.332569 0.294816  0.372615
4018 0.0438644 0.57826  0.377875
3286 0.270165 0.290717  0.439117
2437 0.452022 0.0723882  0.47559
217 0.243529 0.455284  0.301186
2135 0.464354 0.215624  0.320022
1311 0.291319 0.443408  0.265273
2133 0.0275594 0.397137  0.575303
919 0.500452 0.444401  0.0551471
174 0.236359 0.347227  0.416413
2198 0.0628919 0.506942  0.430166
959 0.319404 0.634365  0.0462307
253 0.461203 0.46776  0.0710369
6615 0.054462 0.0353191  0.910219
5717 0.101547 0.85415  0.0443031
1256 0.389872 0.226459  0.383669
2832 0.291064 0.487688  0.221248
6631 0.183138 0.807312  0.00955038
3451 0.408554 0.409831  0.181615
362 0.265621 0.342947  0.391432
2889 0.563342 0.172864  0.263795
970 0.329048 0.632362  0.0385897
2061 0.0412132 0.868928  0.0898584
5568 0.198682 0.262218  0.5391
736 0.0986735 0.406545  0.494781
6457 0.0208716 0.364855  0.614273
3739 0.772591 0.0433279  0.184081
6307 0.255166 0.709545  0.0352892
5171 0.451361 0.428888  0.119751
2612 0.294897 0.199275  0.505828
1718 0.791524 0.0096028  0.198873
1430 0.626016 0.302235  0.0717487
4451 0.298676 0.29609  0.405234
3373 0.257654 0.228358  0.513989
3495 0.221803 0.512097  0.2661
2992 0.546974 0.038442  0.414584
2455 0.461253 0.276495  0.262252
3669 0.0630137 0.597886  0.3391
5209 0.050846 0.220228  0.728926
5774 0.768845 0.16039  0.0707646
568 0.102096 0.274079  0.623825
2383 0.453114 0.402118  0.144767
92 0.268225 0.412442  0.319333
5118 0.157508 0.240269  0.602224
6006 0.490025 0.181352  0.328623
684 0.0130361 0.301329  0.685635
4978 0.376763 0.212725  0.410512
4459 0.0848339 0.319266  0.5959
2401 0.739441 0.048998  0.211561
2553 0.0376259 0.355441  0.606933
1546 0.532814 0.232459  0.234727
3772 0.374618 0.335141  0.290241
924 0.452316 0.154825  0.392859
4738 0.026875 0.0992543  0.873871
3451 0.0994684 0.498119  0.402413
353 0.272097 0.655966  0.0719367
3709 0.239141 0.272554  0.488305
6619 0.0409647 0.279732  0.679304
3581 0.379638 0.0320421  0.58832
3446 0.084029 0.164845  0.751126
2249 0.626078 0.240267  0.133656
4364 0.278503 0.30581  0.415686
3125 0.380645 0.199554  0.419801
5322 0.136418 0.49756  0.366021
4371 0.500453 0.135054  0.364493
3208 0.02964 0.729969  0.240391
6149 0.156332 0.226273  0.617395
4733 0.563589 0.041732  0.394679
4307 0.291426 0.466105  0.242469
1708 0.0669007 0.0672148  0.865885
4291 0.196945 0.369782  0.433273
2822 0.561311 0.248502  0.190188
4863 0.370335 0.154007  0.475658
5362 0.359541 0.0471958  0.593264
227 0.887401 0.0794463  0.033153
5765 0.791046 0.188032  0.0209224
2052 0.670932 0.190143  0.138925
544 0.251753 0.334135  0.414111
1849 0.348594 0.337059  0.314347
1197 0.468749 0.0839398  0.447311
659 0.496458 0.0191796  0.484363
2020 0.373976 0.183715  0.442309
1665 0.401524 0.279165  0.319311
2710 0.395823 0.0391274  0.56505
5173 0.228893 0.0246019  0.746505
2236 0.833325 0.144014  0.0226608
2984 0.179919 0.42834  0.391741
2970 0.00811417 0.614065  0.377821
5500 0.212255 0.227361  0.560384
5785 0.568716 0.224891  0.206393
1548 0.264874 0.408794  0.326332
1915 0.335885 0.360549  0.303566
4877 0.373273 0.455357  0.171371
6322 0.319392 0.374659  0.305948
4392 0.558359 0.110735  0.330905
6377 0.271377 0.51541  0.213213
522 0.152922 0.286826  0.560252
535 0.907733 0.0556798  0.0365868
2726 0.532838 0.396037  0.0711255
4608 0.373725 0.247378  0.378897
6393 0.487299 0.0286791  0.484022
5596 0.384527 0.201437  0.414037
3293 0.461348 0.286656  0.251996
1965 0.292857 0.653132  0.0540105
5861 0.448445 0.37795  0.173605
4887 0.796242 0.0798966  0.123861
410 0.44752 0.189429  0.363051
3254 0.201659 0.346077  0.452263
308 0.0347259 0.620883  0.344391
5681 0.611159 0.00998369  0.378857
887 0.291469 0.348299  0.360232
1440 0.578236 0.313645  0.108119
4794 0.386247 0.587321  0.0264311
2252 0.379792 0.378804  0.241404
2415 0.120607 0.357969  0.521423
3876 0.114057 0.783123  0.102821
578 0.175671 0.474467  0.349862
6250 0.230305 0.377754  0.39194
490 0.377832 0.255891  0.366277
2396 0.741461 0.0863462  0.172193
3960 0.243552 0.480659  0.27579
296 0.0770715 0.446127  0.476801
6426 0.653837 0.0652595  0.280903
6614 0.5305 0.0789172  0.390583
783 0.280373 0.328131  0.391496
6468 0.48138 0.186747  0.331873
4276 0.522723 0.4605  0.0167772
4299 0.233677 0.501741  0.264582
6096 0.255775 0.314946  0.42928
3396 0.366134 0.578721  0.0551451
3391 0.212301 0.460196  0.327503
5442 0.549419 0.0653748  0.385206
3913 0.359346 0.180218  0.460435
5457 0.359579 0.35273  0.287692
5179 0.432316 0.0711563  0.496528
830 0.103525 0.332691  0.563785
4169 0.565697 0.406514  0.0277895
1871 0.73682 0.0238443  0.239335
4904 0.389737 0.355193  0.255069
6296 0.467292 0.0484361  0.484272
3708 0.361797 0.339995  0.298209
75 0.461079 0.158159  0.380762
2987 0.221493 0.473868  0.304639
3313 0.300887 0.291089  0.408024
3806 0.251514 0.394746  0.35374
6245 0.574976 0.341907  0.0831174
3314 0.450585 0.243845  0.30557
4883 0.37186 0.288243  0.339898
6005 0.33315 0.311399  0.355451
4649 0.291472 0.4685  0.240028
3242 0.0618614 0.569004  0.369135
874 0.28969 0.538816  0.171494
5868 0.545057 0.0825617  0.372382
6008 0.444002 0.0244418  0.531556
2687 0.425802 0.268111  0.306088
1674 0.363874 0.299153  0.336973
1358 0.421845 0.233719  0.344436
1831 0.373628 0.280989  0.345383
479 0.397067 0.290648  0.312285
4623 0.206926 0.258212  0.534862
2152 0.288819 0.353657  0.357523
6640 0.425332 0.131656  0.443012
2071 0.370479 0.323052  0.306469
4183 0.545906 0.409994  0.0441001
6007 0.201435 0.534435  0.26413
716 0.111265 0.404026  0.484709
3060 0.401266 0.174198  0.424536
2017 0.303757 0.559739  0.136504
1579 0.466383 0.332806  0.200811
3977 0.378152 0.569833  0.052015
3049 0.18349 0.5075  0.30901
6329 0.26633 0.357082  0.376588
5301 0.332587 0.0354217  0.631992
675 0.0795726 0.262462  0.657965
3805 0.390919 0.295537  0.313543
1891 0.140502 0.499819  0.359678
707 0.503725 0.160866  0.335409
4185 0.577531 0.239165  0.183304
3706 0.286033 0.304808  0.409158
1235 0.386786 0.282012  0.331201
6333 0.374585 0.493814  0.131601
2259 0.142449 0.708025  0.149526
4985 0.397117 0.52616  0.0767234
2966 0.422271 0.137762  0.439967
3719 0.619493 0.272975  0.107532
6554 0.148778 0.823218  0.0280041
2364 0.445202 0.13259  0.422208
5105 0.0181134 0.295244  0.686643
365 0.388443 0.459242  0.152315
3107 0.42945 0.51001  0.0605402
1197 0.438912 0.129777  0.431312
438 0.65109 0.0922895  0.256621
2739 0.407592 0.107349  0.485059
6599 0.189707 0.377599  0.432694
1251 0.467701 0.029638  0.502661
1023 0.0749386 0.563261  0.3618
6325 0.0200216 0.428212  0.551766
1843 0.368484 0.0202482  0.611268
5573 0.133166 0.789775  0.0770583
843 0.241639 0.254686  0.503675
5354 0.136013 0.826626  0.0373611
1596 0.213185 0.665267  0.121548
1037 0.610916 0.174595  0.214488
11 0.175922 0.386873  0.437205
5825 0.447944 0.260446  0.29161
6071 0.39785 0.295165  0.306985
5983 0.151923 0.771683  0.0763944
3659 0.633857 0.198972  0.167172
3345 0.449305 0.207523  0.343172
2559 0.434449 0.275128  0.290422
1111 0.212126 0.497488  0.290386
2629 0.117372 0.531962  0.350666
4500 0.147313 0.341705  0.510982
2361 0.416671 0.556275  0.0270539
3690 0.416731 0.22514  0.358129
3930 0.384371 0.288747  0.326883
2784 0.0252717 0.678568  0.29616
2263 0.188184 0.208798  0.603018
3645 0.336173 0.614329  0.0494985
4078 0.199778 0.430272  0.369951
5583 0.286344 0.158792  0.554864
3777 0.511663 0.125093  0.363244
4198 0.0880358 0.342416  0.569549
872 0.272637 0.0957227  0.63164
23 0.394299 0.349333  0.256368
3221 0.173335 0.337088  0.489577
4517 0.481416 0.399914  0.11867
497 0.565384 0.40154  0.0330767
2952 0.354639 0.296697  0.348664
5640 0.18022 0.340193  0.479587
1747 0.276765 0.365768  0.357467
1262 0.221134 0.390989  0.387876
739 0.17526 0.551742  0.272998
1929 0.344284 0.313321  0.342395
379 0.561465 0.280553  0.157982
4027 0.509521 0.27644  0.214039
6353 0.204308 0.534953  0.26074
4865 0.381269 0.601614  0.0171168
3325 0.560378 0.297168  0.142454
2797 0.412576 0.357462  0.229962
4330 0.379309 0.215088  0.405603
5314 0.0710823 0.185611  0.743307
2815 0.0581592 0.530846  0.410995
982 0.390346 0.457791  0.151862
6371 0.0222891 0.772703  0.205008
2346 0.22235 0.170365  0.607285
1004 0.175445 0.212947  0.611609
5110 0.503242 0.178711  0.318047
4708 0.561053 0.365533  0.0734142
4793 0.375998 0.247058  0.376944
2859 0.0506038 0.243727  0.705669
3866 0.465083 0.221587  0.31333
4318 0.503866 0.119907  0.376227
1786 0.368529 0.135988  0.495484
1743 0.16436 0.797635  0.0380043
29 0.410698 0.361281  0.228021
2835 0.583204 0.355373  0.0614231
2056 0.649261 0.112413  0.238326
1331 0.0739541 0.407682  0.518364
619 0.476435 0.457748  0.0658173
2788 0.316334 0.398207  0.285459
3713 0.348676 0.265333  0.385991
6571 0.514497 0.0293538  0.456149
3790 0.377244 0.388771  0.233985
2593 0.0272206 0.479893  0.492886
4886 0.168993 0.375107  0.4559
3128 0.422673 0.363964  0.213364
4168 0.438996 0.228727  0.332277
150 0.65947 0.140656  0.199874
4452 0.756049 0.222332  0.0216195
909 0.171835 0.441763  0.386402
2060 0.559978 0.176386  0.263636
5309 0.581604 0.370152  0.048244
3004 0.275833 0.444829  0.279338
5004 0.483654 0.242605  0.273741
5831 0.267469 0.35904  0.373491
6154 0.43205 0.175381  0.392569
2026 0.0877015 0.470277  0.442021
6496 0.654803 0.25171  0.0934863
1948 0.393797 0.208448  0.397755
473 0.168541 0.411543  0.419916
6240 0.141717 0.127706  0.730577
6081 0.284577 0.365137  0.350286
2669 0.0575991 0.580034  0.362367
1923 0.29131 0.486467  0.222224
887 0.387539 0.236266  0.376194
5595 0.542182 0.123704  0.334114
5104 0.250887 0.21852  0.530593
2037 0.211821 0.546192  0.241987
2345 0.209977 0.668309  0.121714
5637 0.237244 0.307761  0.454995
1177 0.570731 0.342456  0.0868136
272 0.187776 0.445015  0.367209
4648 0.173255 0.157898  0.668847
6084 0.292165 0.408219  0.299617
1447 0.669235 0.144854  0.185911
742 0.39984 0.296229  0.303931
5091 0.421858 0.0790265  0.499116
4096 0.340297 0.325716  0.333988
3144 0.37064 0.405357  0.224002
3850 0.376598 0.13563  0.487772
6138 0.284794 0.188033  0.527173
5582 0.22603 0.255661  0.518309
1776 0.208448 0.371248  0.420303
2369 0.475462 0.466272  0.0582661
1192 0.470126 0.262878  0.266996
4058 0.181618 0.663366  0.155017
6057 0.341861 0.0339559  0.624183
4719 0.204679 0.686943  0.108378
5436 0.282061 0.302286  0.415653
3658 0.511656 0.356419  0.131925
6324 0.409723 0.381949  0.208327
1591 0.124554 0.683231  0.192215
604 0.338534 0.0653502  0.596115
1047 0.0906603 0.121337  0.788002
6578 0.328533 0.425454  0.246013
6453 0.361265 0.250498  0.388237
67 0.378575 0.230815  0.39061
5922 0.276677 0.388208  0.335115
5136 0.231784 0.714267  0.0539497
2048 0.0279334 0.256447  0.715619
6197 0.190023 0.559784  0.250193
1139 0.0373359 0.340411  0.622253
5775 0.0736319 0.428908  0.49746
2491 0.363234 0.109975  0.526791
2021 0.262797 0.1578  0.579404
2287 0.490806 0.221132  0.288061
586 0.361897 0.256828  0.381275
4992 0.194869 0.511926  0.293205
6625 0.487628 0.0586865  0.453685
2425 0.341384 0.277136  0.38148
2943 0.25963 0.252768  0.487601
3791 0.148478 0.723385  0.128136
6632 0.0548654 0.354329  0.590805
5207 0.174307 0.0188734  0.80682
1850 0.509872 0.125984  0.364144
4754 0.458426 0.264064  0.27751
2097 0.232116 0.170761  0.597123
2458 0.198252 0.433464  0.368284
5148 0.392538 0.549085  0.0583778
2009 0.350714 0.172068  0.477218
2972 0.0769738 0.439213  0.483813
1473 0.187052 0.360581  0.452367
1925 0.17263 0.479823  0.347547
5949 0.0960437 0.417519  0.486437
5974 0.18297 0.600547  0.216483
2743 0.488872 0.448697  0.0624312
5598 0.270186 0.597463  0.13235
1468 0.363735 0.439398  0.196867
1448 0.523446 0.230754  0.245801
2862 0.23704 0.242126  0.520834
6228 0.367191 0.44907  0.183739
6425 0.695498 0.0349544  0.269547
6566 0.257469 0.236992  0.50554
6471 0.0396809 0.773253  0.187066
3294 0.375818 0.216786  0.407396
1441 0.471176 0.186641  0.342183
3131 0.0321206 0.836055  0.131824
5567 0.24106 0.399354  0.359586
3670 0.445427 0.0172804  0.537293
3749 0.34373 0.587918  0.0683514
5219 0.0641251 0.503225  0.43265
6504 0.346164 0.384211  0.269625
1 0.333165 0.523358  0.143477
282 0.0318388 0.385082  0.583079
732 0.075327 0.461149  0.463524
501 0.496861 0.371204  0.131935
3257 0.66674 0.297621  0.0356388
55 0.873049 0.0245898  0.102361
6603 0.478143 0.394707  0.12715
6349 0.33123 0.237581  0.431189
3296 0.173318 0.370668  0.456014
1417 0.504081 0.301454  0.194466
6457 0.387708 0.178833  0.43346
6102 0.201123 0.550769  0.248108
5480 0.0615525 0.413495  0.524952
2242 0.286016 0.484336  0.229648
6112 0.44225 0.271533  0.286217
4824 0.275691 0.418681  0.305628
1409 0.276305 0.316381  0.407314
3667 0.405467 0.432291  0.162242
5847 0.759585 0.0881423  0.152273
5533 0.604274 0.0449274  0.350799
6479 0.0683713 0.696842  0.234786
2971 0.194271 0.422728  0.383001
2884 0.330887 0.0708511  0.598262
543 0.411271 0.262257  0.326471
3755 0.120475 0.112497  0.767029
5444 0.426611 0.494135  0.079254
4723 0.0694013 0.709596  0.221002
6136 0.355484 0.296972  0.347544
4350 0.650525 0.135446  0.214029
2926 0.424832 0.162382  0.412787
3294 0.477787 0.475137  0.0470757
6522 0.420276 0.555918  0.0238053
298 0.733988 0.183734  0.0822774
6136 0.133952 0.368059  0.497989
2340 0.445202 0.0863588  0.468439
3170 0.155989 0.307526  0.536485
3666 0.136118 0.465165  0.398717
5809 0.228781 0.470536  0.300683
2991 0.265892 0.284989  0.449119
5029 0.0741175 0.449029  0.476853
5655 0.118248 0.406452  0.4753
2516 0.0685413 0.342154  0.589304
4193 0.393102 0.0787696  0.528129
6318 0.353895 0.631212  0.0148937
2602 0.279325 0.535177  0.185498
2611 0.264515 0.529228  0.206257
5948 0.00680555 0.574296  0.418899
5036 0.386923 0.238813  0.374264
2995 0.173231 0.681675  0.145094
2243 0.170193 0.588901  0.240905
1004 0.360252 0.263936  0.375811
3212 0.109744 0.324506  0.56575
5072 0.573755 0.118688  0.307557
2224 0.0450513 0.285304  0.669644
2657 0.251022 0.700198  0.0487795
727 0.340372 0.262214  0.397414
6441 0.206729 0.402961  0.390309
4557 0.242235 0.322071  0.435694
803 0.152746 0.476663  0.370591
6031 0.289803 0.653534  0.0566632
2278 0.364263 0.210276  0.425461
3623 0.313119 0.365408  0.321473
5355 0.0413321 0.493036  0.465632
5953 0.379012 0.321144  0.299845
1161 0.327727 0.518574  0.153699
5978 0.190991 0.499816  0.309193
302 0.578551 0.15607  0.265379
1715 0.278336 0.555934  0.16573
5716 0.483143 0.084332  0.432525
1598 0.42074 0.455235  0.124025
1948 0.373595 0.204775  0.42163
2223 0.433565 0.104293  0.462142
4039 0.13535 0.512283  0.352367
5680 0.343312 0.286658  0.37003
3154 0.411743 0.521784  0.0664733
5543 0.166961 0.346545  0.486494
2629 0.406101 0.338541  0.255359
725 0.244068 0.301162  0.454769
6496 0.286766 0.324051  0.389183
3658 0.662534 0.16032  0.177145
1831 0.425977 0.0559346  0.518088
3218 0.141126 0.317799  0.541075
3736 0.450711 0.200629  0.34866
4557 0.448757 0.102914  0.448329
3508 0.536705 0.180788  0.282507
2482 0.211124 0.557743  0.231133
3293 0.351637 0.405941  0.242422
1788 0.384901 0.174837  0.440262
1520 0.388569 0.521249  0.0901814
2604 0.417029 0.39673  0.186241
4839 0.64306 0.290661  0.0662784
4276 0.443514 0.54423  0.0122568
5133 0.516468 0.0156803  0.467851
1576 0.344 0.255557  0.400443
6243 0.0638344 0.563005  0.37316
6488 0.0723335 0.728892  0.198775
186 0.468792 0.157025  0.374183
777 0.0425347 0.25126  0.706206
6494 0.332505 0.478024  0.189472
6139 0.28319 0.0972058  0.619604
5399 0.150642 0.497371  0.351987
1114 0.283659 0.0875638  0.628777
4869 0.167626 0.357985  0.47439
1551 0.33249 0.5285  0.13901
6318 0.216379 0.387079  0.396542
4103 0.52198 0.235203  0.242817
3806 0.37688 0.475313  0.147807
6603 0.425804 0.260407  0.313789
606 0.411235 0.0549824  0.533783
3663 0.435688 0.503535  0.060777
496 0.551058 0.226593  0.222349
2365 0.499628 0.184978  0.315394
79 0.238594 0.0544252  0.706981
2249 0.465881 0.415932  0.118187
1965 0.354629 0.399498  0.245872
2393 0.15496 0.261755  0.583285
1391 0.558316 0.129196  0.312487
2101 0.0501811 0.714404  0.235415
1112 0.284561 0.526037  0.189402
904 0.451424 0.531343  0.0172333
5915 0.506041 0.342473  0.151486
2019 0.0981861 0.109304  0.79251
5031 0.184087 0.455315  0.360598
2533 0.37928 0.297862  0.322858
4060 0.287103 0.223837  0.48906
5129 0.526938 0.068613  0.404449
6569 0.618856 0.220067  0.161076
733 0.110798 0.37932  0.509881
3148 0.697997 0.225351  0.0766519
168 0.131972 0.254999  0.613029
4869 0.0349312 0.467118  0.49795
6555 0.593434 0.194666  0.2119
1062 0.314839 0.24973  0.435432
3509 0.136255 0.129123  0.734622
6347 0.231652 0.078257  0.690091
5110 0.212199 0.406792  0.381009
3680 0.388259 0.320081  0.29166
2741 0.235246 0.56744  0.197314
2613 0.0286861 0.199345  0.771969
3961 0.445006 0.235304  0.31969
5830 0.0459881 0.536078  0.417934
4156 0.421941 0.227225  0.350834
359 0.713025 0.144865  0.14211
2169 0.613996 0.177531  0.208473
6240 0.47107 0.0348863  0.494044
2342 0.367232 0.473536  0.159232
2357 0.0130754 0.563654  0.423271
5641 0.239197 0.0460311  0.714772
4447 0.469352 0.411619  0.11903
4248 0.247867 0.434749  0.317384
5930 0.189198 0.778642  0.03216
2874 0.218831 0.421924  0.359246
4522 0.369433 0.232714  0.397853
2572 0.295352 0.268823  0.435825
6070 0.659901 0.0571625  0.282937
2754 0.379637 0.289192  0.331171
2225 0.253362 0.369072  0.377566
736 0.193251 0.322404  0.484345
1354 0.287629 0.42011  0.29226
3115 0.623848 0.258187  0.117965
6635 0.511334 0.216192  0.272474
458 0.67479 0.145038  0.180172
6136 0.339687 0.214315  0.445998
5534 0.268105 0.574259  0.157636
1611 0.245885 0.425071  0.329044
5864 0.378881 0.213979  0.40714
2248 0.653958 0.27892  0.0671218
5108 0.183438 0.383243  0.433319
479 0.297264 0.354896  0.34784
2678 0.585265 0.363187  0.0515484
6273 0.348347 0.379623  0.27203
2382 0.179309 0.714277  0.106414
3624 0.083434 0.515699  0.400867
5420 0.189811 0.535857  0.274332
471 0.478521 0.296846  0.224633
2470 0.320223 0.453942  0.225835
3396 0.274532 0.325947  0.399521
6299 0.295999 0.330722  0.373278
133 0.0630809 0.367599  0.56932
4670 0.519288 0.0231021  0.457609
298 0.552865 0.270098  0.177037
2671 0.537613 0.0669795  0.395407
3197 0.152931 0.419543  0.427526
5461 0.32877 0.0876185  0.583611
6137 0.317418 0.0207245  0.661858
181 0.299673 0.60524  0.0950874
4244 0.171234 0.157082  0.671683
6513 0.156521 0.18481  0.658668
2696 0.318141 0.137367  0.544492
4562 0.359318 0.254652  0.38603
1542 0.48055 0.315713  0.203737
2608 0.205607 0.40532  0.389073
5981 0.460064 0.0563519  0.483584
3661 0.427573 0.496096  0.0763304
3151 0.249762 0.543169  0.20707
2627 0.014499 0.629531  0.35597
1927 0.264201 0.412537  0.323262
1082 0.249112 0.706943  0.0439456
