2548 0.296888 0.31385  0.389263
2914 0.488624 0.119846  0.39153
7693 0.308938 0.276966  0.414096
9490 0.689717 0.123498  0.186785
8608 0.417356 0.370521  0.212123
5223 0.482839 0.297815  0.219346
209 0.451743 0.458251  0.0900061
4199 0.402769 0.45457  0.142661
8601 0.661358 0.0346691  0.303972
3046 0.217527 0.394861  0.387611
3466 0.384116 0.594352  0.0215322
6184 0.156421 0.072554  0.771025
7951 0.640665 0.0805451  0.27879
7563 0.0826061 0.371538  0.545856
7683 0.383208 0.0500801  0.566712
8449 0.34639 0.541826  0.111784
8589 0.133529 0.296761  0.56971
3772 0.0707394 0.209042  0.720219
9097 0.237779 0.135386  0.626835
317 0.358231 0.34009  0.30168
5235 0.365559 0.328741  0.3057
2234 0.22528 0.401023  0.373697
5598 0.432684 0.178694  0.388622
8640 0.240808 0.410303  0.34889
5228 0.400217 0.259809  0.339974
283 0.335718 0.240605  0.423677
3002 0.157992 0.488762  0.353245
5147 0.324908 0.292128  0.382964
4338 0.309216 0.162084  0.528699
607 0.0544244 0.401544  0.544031
6295 0.29279 0.379944  0.327267
2618 0.198318 0.765884  0.0357977
595 0.472898 0.0910971  0.436004
5838 0.619606 0.0270434  0.353351
8011 0.238048 0.0573287  0.704623
4049 0.287118 0.327483  0.385399
4741 0.524169 0.260168  0.215663
365 0.42199 0.300139  0.277871
3427 0.207898 0.0180964  0.774005
1383 0.220843 0.279049  0.500108
2227 0.655047 0.209593  0.13536
3355 0.359652 0.543761  0.0965868
5148 0.0585461 0.489848  0.451606
9773 0.382562 0.603856  0.013582
8111 0.171184 0.114652  0.714164
5024 0.726641 0.196888  0.0764715
1295 0.33585 0.6527  0.0114499
2972 0.195715 0.301216  0.503069
323 0.453938 0.338893  0.207169
8289 0.0783336 0.414452  0.507215
3789 0.033504 0.409862  0.556634
6750 0.492392 0.267793  0.239814
3655 0.299072 0.572667  0.128261
2290 0.323438 0.481178  0.195384
8907 0.435589 0.300769  0.263642
1364 0.205194 0.511267  0.283539
5679 0.255982 0.314271  0.429747
3322 0.384864 0.396992  0.218143
8878 0.285068 0.545753  0.169179
1531 0.379354 0.56116  0.0594855
1688 0.184016 0.448732  0.367252
6783 0.536586 0.103564  0.35985
4380 0.593206 0.0258967  0.380898
6175 0.202811 0.0926058  0.704584
8852 0.242351 0.409752  0.347897
787 0.484358 0.385292  0.13035
9188 0.640154 0.177611  0.182234
7802 0.255231 0.266094  0.478675
5325 0.458282 0.159691  0.382027
4148 0.420473 0.201734  0.377793
5177 0.295982 0.455413  0.248605
8409 0.505063 0.234752  0.260185
9434 0.36761 0.390459  0.241932
3500 0.428168 0.384348  0.187483
8151 0.386998 0.33059  0.282412
1088 0.467134 0.395102  0.137764
6987 0.328881 0.373508  0.297611
2008 0.630016 0.279376  0.0906077
2012 0.459693 0.250401  0.289907
8679 0.410786 0.392138  0.197076
5960 0.241354 0.303217  0.455429
9395 0.191856 0.385179  0.422966
7645 0.51767 0.343151  0.13918
7694 0.634446 0.053502  0.312052
3633 0.145303 0.50369  0.351008
4369 0.500723 0.0323817  0.466895
9036 0.426524 0.0114062  0.562069
2119 0.247021 0.187052  0.565927
6342 0.515309 0.0958518  0.388839
780 0.161275 0.475933  0.362793
3776 0.261277 0.232722  0.506
4688 0.399536 0.171466  0.428998
6222 0.220986 0.399742  0.379272
4852 0.299636 0.171923  0.528441
2359 0.267975 0.278333  0.453691
2510 0.4802 0.220349  0.299451
2663 0.153409 0.488861  0.35773
926 0.0953699 0.585309  0.319321
3719 0.512841 0.168218  0.318941
234 0.345484 0.339328  0.315188
2893 0.698482 0.232346  0.0691723
2169 0.657135 0.0843481  0.258517
6463 0.271652 0.289682  0.438666
5823 0.393911 0.59927  0.00681943
2771 0.42264 0.380627  0.196733
3031 0.2964 0.500325  0.203274
176 0.127521 0.514334  0.358145
8222 0.287908 0.364574  0.347518
8135 0.502596 0.315691  0.181713
6930 0.425684 0.429124  0.145192
3508 0.224213 0.0112331  0.764554
9481 0.0652992 0.756308  0.178393
3992 0.245212 0.530196  0.224592
8156 0.409224 0.153232  0.437544
426 0.360608 0.326237  0.313155
430 0.53687 0.2939  0.16923
6043 0.317448 0.501325  0.181227
8945 0.376107 0.1889  0.434993
391 0.429313 0.188679  0.382008
9212 0.0828081 0.534396  0.382796
5796 0.0990565 0.417558  0.483386
6761 0.324356 0.475184  0.20046
6195 0.186784 0.496984  0.316233
5835 0.180387 0.26548  0.554134
286 0.272173 0.351187  0.37664
3759 0.300207 0.303735  0.396058
3438 0.547296 0.109337  0.343367
5216 0.417205 0.292569  0.290226
3194 0.535394 0.426357  0.0382483
1932 0.491286 0.105272  0.403442
3190 0.290534 0.220601  0.488865
3786 0.545828 0.0819211  0.372251
5124 0.447121 0.0489798  0.5039
8097 0.458824 0.192472  0.348703
5434 0.427878 0.185321  0.386801
3872 0.260829 0.35357  0.385602
2107 0.0689659 0.551271  0.379763
1423 0.511461 0.205688  0.282851
6081 0.245024 0.651979  0.102997
1096 0.354987 0.44134  0.203672
5157 0.342863 0.282378  0.374759
2903 0.343227 0.264143  0.39263
4117 0.0761179 0.519987  0.403895
6502 0.143548 0.526117  0.330335
6126 0.20194 0.385977  0.412083
8896 0.0785195 0.197589  0.723892
126 0.381629 0.389317  0.229054
3052 0.232609 0.199748  0.567643
8892 0.304528 0.628057  0.0674146
8839 0.714731 0.109045  0.176224
5931 0.257414 0.373616  0.36897
8708 0.758979 0.102436  0.138585
371 0.53892 0.185684  0.275396
2418 0.199179 0.4044  0.396421
9559 0.102992 0.0152347  0.881773
9602 0.352111 0.282747  0.365142
527 0.429973 0.459859  0.110169
3742 0.417641 0.264216  0.318143
1913 0.361819 0.383021  0.25516
8441 0.448951 0.017993  0.533056
251 0.146595 0.391049  0.462356
771 0.180315 0.419065  0.40062
3323 0.533169 0.0400619  0.426769
3988 0.340203 0.29501  0.364787
7588 0.462822 0.409814  0.127364
5935 0.332114 0.286833  0.381053
5281 0.286655 0.540088  0.173257
5877 0.416463 0.415641  0.167897
2502 0.353324 0.156618  0.490058
306 0.406186 0.0345151  0.559299
3161 0.141179 0.307812  0.551009
6395 0.121893 0.437395  0.440712
2801 0.3993 0.542326  0.0583742
9849 0.323097 0.340013  0.33689
3400 0.288593 0.285809  0.425599
6227 0.192782 0.381796  0.425423
2484 0.686926 0.0423449  0.270729
6847 0.227961 0.339615  0.432424
6148 0.246838 0.573804  0.179358
2669 0.27581 0.430605  0.293584
2276 0.17876 0.407093  0.414148
5466 0.310821 0.350376  0.338803
2469 0.353939 0.29173  0.354331
6492 0.422097 0.0870308  0.490872
7812 0.34302 0.352774  0.304206
6695 0.409014 0.238203  0.352783
5212 0.343955 0.174655  0.48139
6937 0.547791 0.056589  0.39562
4681 0.718187 0.0697448  0.212068
8912 0.253491 0.10914  0.637369
4331 0.298986 0.345233  0.355781
2520 0.180095 0.322757  0.497148
5028 0.493478 0.113102  0.39342
8428 0.35595 0.273455  0.370595
3658 0.28384 0.380254  0.335906
5371 0.351667 0.526643  0.12169
6652 0.472128 0.377804  0.150068
6644 0.382352 0.309665  0.307983
2788 0.106266 0.37495  0.518785
4197 0.387221 0.467141  0.145638
3620 0.227009 0.736717  0.0362737
6843 0.0981326 0.562525  0.339342
9171 0.253541 0.160391  0.586067
2039 0.538162 0.309449  0.152389
1248 0.729314 0.184533  0.0861526
3999 0.789999 0.0525376  0.157464
853 0.281769 0.415024  0.303207
8256 0.178173 0.420991  0.400836
3179 0.359263 0.559933  0.0808043
5948 0.0984267 0.571519  0.330054
6554 0.42985 0.355988  0.214162
2206 0.759791 0.189543  0.0506664
7511 0.248231 0.39103  0.360739
2175 0.165541 0.565427  0.269031
7879 0.671869 0.011378  0.316753
3259 0.449518 0.247983  0.3025
3817 0.522168 0.212215  0.265616
1935 0.616622 0.17688  0.206498
7377 0.438185 0.477575  0.08424
4350 0.369945 0.459272  0.170783
8227 0.368985 0.329322  0.301693
9129 0.270406 0.460941  0.268654
4822 0.266869 0.381874  0.351257
9140 0.417305 0.161751  0.420943
4807 0.399648 0.140058  0.460294
5557 0.13585 0.567077  0.297074
4489 0.37353 0.370551  0.255919
8183 0.339159 0.408633  0.252208
902 0.130705 0.397374  0.471921
3720 0.669335 0.295326  0.0353393
3693 0.71591 0.117156  0.166934
9811 0.418791 0.279837  0.301372
6503 0.122625 0.598501  0.278874
189 0.327196 0.281968  0.390836
6529 0.386933 0.261161  0.351906
6663 0.298361 0.200612  0.501027
5520 0.2683 0.0668639  0.664836
1202 0.16556 0.38736  0.44708
2540 0.444132 0.28854  0.267328
1023 0.531844 0.363508  0.104648
2405 0.26352 0.408957  0.327524
7558 0.328357 0.334687  0.336956
2568 0.0497488 0.569452  0.380799
4942 0.425092 0.01076  0.564148
8644 0.16322 0.492464  0.344316
2173 0.311846 0.357532  0.330622
9848 0.0865342 0.612391  0.301075
3496 0.417727 0.285286  0.296987
1182 0.433728 0.228365  0.337907
3940 0.178678 0.628635  0.192687
5097 0.559176 0.122338  0.318486
9375 0.394643 0.142818  0.462539
7795 0.490543 0.472029  0.037428
3187 0.0373047 0.193278  0.769417
6656 0.415389 0.370594  0.214017
5549 0.13571 0.142517  0.721773
3943 0.515678 0.0962668  0.388056
2581 0.374733 0.406156  0.219112
5240 0.215069 0.508946  0.275985
9130 0.187811 0.232334  0.579855
3595 0.276284 0.56828  0.155436
4053 0.272821 0.587872  0.139307
4393 0.434256 0.449013  0.116731
5045 0.351228 0.236245  0.412528
2593 0.0185813 0.785314  0.196105
4248 0.170891 0.212834  0.616275
485 0.146868 0.624371  0.228761
5662 0.105338 0.606554  0.288108
6420 0.415869 0.0454546  0.538676
3585 0.227655 0.421443  0.350901
2259 0.257706 0.225634  0.51666
2163 0.287535 0.256407  0.456058
1323 0.189566 0.0165677  0.793866
5493 0.174956 0.0688466  0.756198
6189 0.0373527 0.0650804  0.897567
1141 0.368389 0.339241  0.29237
3610 0.366658 0.282704  0.350638
6551 0.312206 0.311754  0.37604
3872 0.534944 0.215454  0.249602
2861 0.234725 0.272766  0.492509
630 0.568788 0.25048  0.180732
6203 0.258304 0.35335  0.388346
2733 0.57704 0.208803  0.214157
6126 0.604037 0.178214  0.217749
3363 0.287756 0.384374  0.32787
2116 0.166726 0.416102  0.417172
3734 0.0913258 0.353092  0.555582
6548 0.335656 0.305252  0.359091
4719 0.637806 0.259992  0.102202
1653 0.24078 0.397929  0.361291
2405 0.217232 0.413692  0.369075
4532 0.808343 0.114293  0.0773636
8797 0.157042 0.496173  0.346785
3527 0.115218 0.752716  0.132066
6660 0.122114 0.321616  0.55627
1734 0.301073 0.265046  0.433881
6944 0.370737 0.549617  0.0796456
3134 0.352018 0.269587  0.378396
452 0.0982017 0.408431  0.493367
4139 0.153558 0.285763  0.560679
3147 0.0416267 0.297736  0.660638
872 0.368697 0.240079  0.391225
4801 0.333396 0.488197  0.178407
4481 0.290655 0.66182  0.0475247
7174 0.507909 0.341903  0.150188
8746 0.0238508 0.512536  0.463614
4191 0.483726 0.466094  0.0501805
2637 0.306292 0.294959  0.398749
6482 0.358293 0.504431  0.137276
6977 0.348713 0.349418  0.30187
89 0.113608 0.510378  0.376015
7040 0.297836 0.279809  0.422354
375 0.111752 0.412067  0.476181
5775 0.0655782 0.584339  0.350083
5360 0.347555 0.295658  0.356787
1873 0.217043 0.332798  0.450158
3221 0.534775 0.173408  0.291817
470 0.196383 0.743187  0.0604296
5427 0.083393 0.412955  0.503652
6031 0.0478213 0.440417  0.511762
5793 0.156953 0.455189  0.387858
2251 0.607545 0.0911319  0.301323
4346 0.154022 0.572898  0.27308
5163 0.345924 0.4505  0.203576
2327 0.248 0.0403292  0.711671
6870 0.496693 0.0652246  0.438082
6842 0.40139 0.465735  0.132875
4284 0.468674 0.031771  0.499555
4284 0.27346 0.601099  0.125441
3798 0.10826 0.430122  0.461618
4797 0.642142 0.143973  0.213885
3848 0.116317 0.70898  0.174704
2679 0.177853 0.0694836  0.752663
4247 0.333869 0.36046  0.30567
9070 0.22663 0.347948  0.425422
8223 0.481989 0.485016  0.0329948
4864 0.372196 0.500783  0.127021
2968 0.360024 0.441646  0.19833
8450 0.367365 0.255626  0.377009
4062 0.157021 0.553615  0.289365
5330 0.134826 0.489975  0.375198
4498 0.526455 0.244242  0.229303
2703 0.601922 0.269229  0.128849
9492 0.649109 0.244036  0.106855
2010 0.143698 0.473724  0.382578
7761 0.506133 0.445681  0.0481859
2209 0.443919 0.168463  0.387618
1655 0.306647 0.108318  0.585035
3771 0.0386836 0.430724  0.530592
875 0.269977 0.157124  0.572898
8546 0.52637 0.449724  0.0239067
1773 0.252541 0.351554  0.395905
9327 0.46257 0.4985  0.0389303
3097 0.219406 0.198533  0.582061
5190 0.194177 0.530112  0.275711
6398 0.562608 0.227061  0.210331
1380 0.255729 0.414674  0.329597
3928 0.490115 0.402393  0.107492
3274 0.375147 0.237997  0.386856
3618 0.21638 0.441937  0.341684
8817 0.429406 0.18871  0.381884
4712 0.34624 0.324818  0.328941
7590 0.290364 0.211792  0.497843
5530 0.118599 0.524739  0.356662
9388 0.614803 0.291595  0.0936017
7799 0.139156 0.154149  0.706695
177 0.738813 0.16199  0.0991976
1631 0.282522 0.543864  0.173614
8219 0.67429 0.247435  0.0782753
4299 0.27284 0.30343  0.42373
8166 0.113117 0.334949  0.551933
2227 0.407973 0.361176  0.230851
7500 0.764879 0.148953  0.0861675
4785 0.0799812 0.524603  0.395416
4387 0.324316 0.369103  0.306581
6455 0.600701 0.0866091  0.31269
8314 0.219592 0.322833  0.457575
8681 0.316184 0.3975  0.286316
5453 0.247285 0.247361  0.505354
8395 0.123283 0.487425  0.389291
6456 0.237193 0.42627  0.336537
5313 0.245917 0.247358  0.506724
1304 0.263507 0.464742  0.271752
4055 0.44032 0.124476  0.435204
6367 0.120334 0.863463  0.0162036
4525 0.194979 0.403844  0.401177
7126 0.0864232 0.48306  0.430516
3036 0.301787 0.488971  0.209242
3084 0.516218 0.233447  0.250335
7911 0.510647 0.18247  0.306883
2939 0.21913 0.328984  0.451886
1625 0.312956 0.157867  0.529177
5915 0.384994 0.327863  0.287142
6445 0.178971 0.43777  0.383259
3028 0.376124 0.157334  0.466543
2968 0.466634 0.409603  0.123764
2000 0.1706 0.144988  0.684412
4863 0.478594 0.382951  0.138455
377 0.141347 0.642585  0.216068
3224 0.336502 0.504844  0.158653
2619 0.0131403 0.773625  0.213234
3481 0.516552 0.12566  0.357788
6372 0.491192 0.210192  0.298616
5643 0.21302 0.404006  0.382974
394 0.322797 0.350406  0.326797
2232 0.520475 0.211113  0.268412
2058 0.304103 0.599808  0.0960892
9660 0.127082 0.421995  0.450922
3474 0.276517 0.283274  0.440209
8373 0.268665 0.40472  0.326615
8548 0.181968 0.28604  0.531992
4229 0.659255 0.252905  0.0878393
6286 0.0199417 0.926145  0.0539136
1986 0.296505 0.575639  0.127856
1856 0.0631766 0.211782  0.725042
6062 0.691258 0.125003  0.183739
1166 0.234337 0.579517  0.186146
2375 0.302412 0.652292  0.0452962
1764 0.351626 0.0928138  0.55556
9474 0.462775 0.248802  0.288423
3176 0.439303 0.150037  0.41066
2946 0.300824 0.301754  0.397421
1928 0.558167 0.0733253  0.368508
5535 0.214397 0.277919  0.507683
1568 0.505252 0.0616794  0.433068
5021 0.467815 0.025864  0.506321
4158 0.305933 0.377608  0.316458
2289 0.11838 0.595365  0.286255
20 0.429423 0.366452  0.204125
3796 0.208828 0.473334  0.317838
6441 0.306564 0.525892  0.167544
291 0.265352 0.435103  0.299545
462 0.201234 0.549861  0.248905
5183 0.18284 0.40277  0.41439
8576 0.415814 0.378776  0.205409
4895 0.250265 0.418949  0.330785
4247 0.141883 0.186578  0.671539
8429 0.215766 0.323302  0.460932
1228 0.344619 0.404098  0.251283
9067 0.322673 0.420292  0.257035
6223 0.0810486 0.617808  0.301144
4245 0.172541 0.533768  0.293691
4700 0.490431 0.426695  0.0828741
985 0.62044 0.0334402  0.34612
8401 0.545395 0.0291688  0.425436
9715 0.496241 0.388066  0.115693
7382 0.335815 0.112752  0.551433
942 0.332999 0.216663  0.450337
9579 0.504599 0.280783  0.214618
6634 0.229955 0.348242  0.421803
2848 0.364837 0.204975  0.430188
5175 0.298599 0.492291  0.20911
1882 0.500108 0.360636  0.139256
2762 0.290638 0.359821  0.349541
592 0.395083 0.121554  0.483363
6176 0.306975 0.594314  0.0987114
3577 0.535336 0.387413  0.0772516
4138 0.424382 0.0223115  0.553306
4006 0.293012 0.109695  0.597293
7289 0.290491 0.415647  0.293862
3199 0.522514 0.0253911  0.452094
195 0.360217 0.507473  0.13231
947 0.208834 0.379907  0.411259
3770 0.0437557 0.330002  0.626242
22 0.456035 0.160123  0.383843
4767 0.491154 0.168216  0.34063
8369 0.183417 0.622279  0.194304
8147 0.312498 0.288958  0.398544
8292 0.70926 0.197449  0.0932909
2117 0.109515 0.529744  0.360741
8314 0.304619 0.158534  0.536847
3769 0.27928 0.401069  0.319651
3210 0.446771 0.369401  0.183828
3064 0.331772 0.37439  0.293838
1468 0.497315 0.432061  0.0706239
2524 0.236496 0.644853  0.118651
5934 0.58967 0.056543  0.353787
9780 0.552693 0.0983067  0.349
3859 0.277425 0.539197  0.183378
2899 0.540214 0.158783  0.301003
5448 0.522444 0.341731  0.135825
2564 0.599962 0.152567  0.24747
2051 0.0349012 0.85118  0.113919
7917 0.566281 0.334134  0.0995851
1447 0.553547 0.217864  0.228589
6035 0.2379 0.247798  0.514302
2896 0.291087 0.66318  0.0457329
3847 0.545615 0.230825  0.22356
8177 0.0364193 0.486765  0.476816
8473 0.324201 0.386076  0.289723
298 0.144227 0.65547  0.200303
4615 0.495065 0.413145  0.0917904
9914 0.0185365 0.526935  0.454529
7741 0.578695 0.256336  0.164969
974 0.437007 0.438396  0.124597
8791 0.33527 0.475427  0.189303
3370 0.673485 0.185681  0.140834
8018 0.439516 0.525336  0.0351486
7959 0.41262 0.0345296  0.55285
7519 0.516341 0.435991  0.0476682
1367 0.0155231 0.343379  0.641098
3366 0.291541 0.291054  0.417406
8383 0.18482 0.612583  0.202597
1179 0.219986 0.40851  0.371504
1763 0.374563 0.595424  0.0300133
3060 0.0787533 0.0908886  0.830358
2499 0.34168 0.257039  0.401281
2232 0.195974 0.404476  0.399549
751 0.172366 0.513684  0.31395
3215 0.457485 0.36571  0.176805
7431 0.543831 0.195137  0.261032
6448 0.406413 0.493373  0.100214
5240 0.26633 0.363111  0.370559
3295 0.499317 0.187464  0.313219
9052 0.370974 0.315662  0.313365
3617 0.48774 0.043436  0.468824
5481 0.540883 0.444689  0.0144281
904 0.195385 0.493756  0.31086
4449 0.578735 0.220568  0.200697
3890 0.51726 0.233205  0.249534
2151 0.231072 0.259968  0.508961
6392 0.105017 0.406103  0.488879
2284 0.188325 0.529271  0.282404
1601 0.397864 0.486452  0.115684
1957 0.144733 0.22446  0.630807
6779 0.0585856 0.401638  0.539776
4591 0.447224 0.287059  0.265717
1927 0.459965 0.267386  0.272649
4372 0.222142 0.351264  0.426594
5328 0.335669 0.106164  0.558167
4565 0.357009 0.327572  0.315419
2533 0.464448 0.405335  0.130217
771 0.518035 0.457189  0.0247756
4084 0.465313 0.128244  0.406444
9856 0.38638 0.392776  0.220845
7496 0.441316 0.191347  0.367337
361 0.199758 0.638496  0.161746
8196 0.192332 0.247708  0.55996
1961 0.361511 0.340427  0.298062
1168 0.463026 0.344001  0.192972
4537 0.281091 0.427851  0.291058
5898 0.243978 0.385823  0.370199
9279 0.388462 0.239184  0.372354
5633 0.345183 0.33024  0.324576
4094 0.259396 0.178151  0.562452
1780 0.299391 0.293491  0.407118
4755 0.426587 0.403899  0.169513
1342 0.773377 0.0725251  0.154098
8752 0.346319 0.204693  0.448988
1022 0.337142 0.331378  0.331479
426 0.436473 0.30236  0.261167
1127 0.2098 0.651427  0.138773
152 0.786978 0.0822414  0.130781
3900 0.133442 0.420024  0.446534
2569 0.401171 0.47135  0.127479
335 0.335896 0.544199  0.119906
4489 0.252446 0.353485  0.394068
1711 0.530753 0.191537  0.27771
6837 0.430752 0.142478  0.42677
4370 0.833028 0.052699  0.114273
5352 0.317299 0.461104  0.221597
4833 0.426319 0.268319  0.305362
8310 0.432407 0.114217  0.453376
9151 0.348148 0.244935  0.406917
2978 0.408016 0.0811982  0.510785
6001 0.309137 0.232834  0.458029
2904 0.444635 0.275043  0.280322
7725 0.617523 0.0824296  0.300048
6035 0.372889 0.0981834  0.528928
1776 0.132002 0.436323  0.431676
6139 0.623665 0.0893048  0.287031
2620 0.543396 0.38808  0.0685238
6155 0.0767546 0.420251  0.502994
2069 0.266361 0.259842  0.473797
7055 0.259459 0.397981  0.34256
5536 0.0375673 0.570904  0.391529
5179 0.166656 0.309783  0.523561
5895 0.151259 0.194772  0.653969
6378 0.442132 0.230943  0.326925
3939 0.57 0.345117  0.0848828
9027 0.484649 0.0831571  0.432194
5230 0.102083 0.3619  0.536017
9123 0.497427 0.327458  0.175114
8291 0.387344 0.00976225  0.602893
5256 0.621871 0.266657  0.111472
4463 0.200366 0.449149  0.350485
2100 0.209211 0.486716  0.304073
3130 0.687017 0.295586  0.0173975
5636 0.135909 0.769739  0.0943517
2570 0.247286 0.191049  0.561665
4811 0.155082 0.508825  0.336094
613 0.637596 0.323114  0.03929
5702 0.128343 0.491413  0.380244
4279 0.369371 0.326587  0.304042
750 0.158669 0.505701  0.33563
7123 0.358207 0.329317  0.312476
812 0.454755 0.473902  0.0713425
5621 0.54666 0.362376  0.0909641
778 0.371168 0.322976  0.305856
1520 0.46061 0.174208  0.365182
4599 0.423527 0.403227  0.173246
4049 0.708939 0.138301  0.15276
7491 0.35017 0.28631  0.36352
5277 0.360501 0.0862412  0.553258
2259 0.73871 0.0303121  0.230978
2279 0.214378 0.380755  0.404867
527 0.118818 0.604005  0.277177
7259 0.145416 0.429872  0.424712
8830 0.455799 0.106612  0.43759
290 0.162832 0.408206  0.428962
5728 0.132174 0.523606  0.344219
5448 0.380875 0.339915  0.27921
476 0.282452 0.313418  0.40413
398 0.0968901 0.382701  0.520408
6904 0.301231 0.614113  0.0846563
5365 0.259268 0.196392  0.54434
8060 0.0662858 0.654187  0.279527
5162 0.359909 0.2948  0.345291
6896 0.418641 0.404161  0.177198
4096 0.616848 0.300494  0.0826579
1324 0.414405 0.205843  0.379752
4123 0.251203 0.415336  0.333461
6641 0.457134 0.326692  0.216174
1958 0.256607 0.212004  0.531389
312 0.27589 0.292769  0.43134
4261 0.808912 0.0665372  0.124551
148 0.462857 0.173492  0.363651
2128 0.100948 0.632047  0.267005
6994 0.482918 0.242404  0.274678
5860 0.424047 0.473474  0.102479
2586 0.460139 0.186538  0.353323
6194 0.365765 0.503561  0.130674
3272 0.0997924 0.425109  0.475098
3484 0.317086 0.17097  0.511944
6249 0.472708 0.0390667  0.488226
6408 0.334833 0.518919  0.146248
4604 0.337276 0.152202  0.510522
2665 0.336831 0.318861  0.344307
9009 0.234515 0.113114  0.652372
1085 0.194691 0.50944  0.295869
6990 0.043319 0.200654  0.756027
7021 0.11179 0.500445  0.387766
6934 0.0830691 0.158571  0.758359
150 0.40972 0.200444  0.389836
6842 0.39119 0.25143  0.35738
5753 0.210664 0.12165  0.667686
2516 0.353145 0.445316  0.201539
6503 0.28575 0.453343  0.260907
40 0.690712 0.230672  0.0786157
7666 0.233134 0.648806  0.118059
1751 0.576934 0.259231  0.163835
1591 0.218433 0.390913  0.390655
1790 0.406952 0.233903  0.359145
4564 0.258122 0.564989  0.176888
1747 0.0814771 0.465773  0.45275
6561 0.382049 0.163  0.45495
3478 0.512049 0.00575172  0.482199
1954 0.404508 0.25685  0.338642
3040 0.652435 0.205779  0.141786
2962 0.431463 0.156274  0.412262
694 0.215485 0.284457  0.500058
615 0.0765976 0.43101  0.492392
5244 0.344284 0.530756  0.12496
6848 0.436306 0.489496  0.074198
2051 0.156303 0.777663  0.0660333
2210 0.475825 0.36901  0.155165
2710 0.411387 0.38317  0.205443
3163 0.335687 0.284672  0.379641
4734 0.26762 0.596947  0.135433
3968 0.312804 0.173464  0.513731
584 0.516554 0.421693  0.061753
4610 0.0912627 0.37091  0.537827
5477 0.0402485 0.700029  0.259723
2491 0.69977 0.0516084  0.248622
5109 0.0769057 0.439571  0.483523
3046 0.364242 0.372101  0.263657
6200 0.482657 0.0162575  0.501085
8019 0.425292 0.536187  0.0385211
1856 0.0392628 0.438  0.522737
5471 0.397435 0.179792  0.422772
2496 0.188222 0.217349  0.594429
2059 0.467367 0.225821  0.306812
7114 0.353488 0.220079  0.426433
8016 0.415422 0.0308112  0.553767
3698 0.357022 0.229265  0.413713
8424 0.199391 0.347524  0.453085
2792 0.0732721 0.738154  0.188574
2423 0.123441 0.613173  0.263386
4042 0.342536 0.137962  0.519502
1005 0.635999 0.223446  0.140555
944 0.0610923 0.587006  0.351902
2699 0.632932 0.342755  0.0243137
3221 0.250771 0.381291  0.367938
3144 0.590223 0.0921866  0.31759
1021 0.454895 0.508829  0.0362766
1801 0.0695322 0.537581  0.392887
380 0.460632 0.12611  0.413258
1529 0.401791 0.537922  0.0602879
1777 0.335722 0.404163  0.260115
4644 0.439683 0.467667  0.0926502
4885 0.372917 0.527111  0.0999725
5625 0.0471404 0.643509  0.309351
256 0.417105 0.490194  0.0927008
4356 0.516783 0.155928  0.327289
7634 0.29599 0.321712  0.382298
6292 0.0912935 0.431678  0.477029
3269 0.251992 0.488933  0.259075
119 0.728494 0.0219036  0.249603
1682 0.0476105 0.366791  0.585598
4023 0.537318 0.0245738  0.438108
637 0.218398 0.364333  0.417269
7933 0.657911 0.048342  0.293747
7251 0.340539 0.296844  0.362617
6012 0.065149 0.273272  0.661579
1240 0.381979 0.49728  0.120741
811 0.171764 0.591211  0.237025
6551 0.438875 0.290607  0.270518
435 0.32411 0.290253  0.385637
1706 0.473786 0.392854  0.133361
2783 0.15037 0.389208  0.460421
6613 0.122926 0.584964  0.29211
7304 0.397884 0.435744  0.166372
4473 0.430258 0.492382  0.0773605
5028 0.352624 0.347148  0.300228
7432 0.109952 0.685207  0.204841
5780 0.220565 0.601477  0.177958
9904 0.662911 0.23258  0.104509
4765 0.524699 0.247107  0.228193
5154 0.352567 0.205092  0.442341
4709 0.358993 0.30763  0.333377
2917 0.382227 0.243907  0.373866
9147 0.564614 0.421578  0.0138082
9506 0.340754 0.406754  0.252492
8217 0.0700662 0.578367  0.351567
3381 0.043381 0.647125  0.309494
832 0.451544 0.177072  0.371385
4492 0.365627 0.205716  0.428657
6012 0.310166 0.222465  0.467369
295 0.659412 0.126924  0.213665
3274 0.425866 0.189681  0.384453
416 0.408029 0.416004  0.175967
8425 0.236293 0.36955  0.394157
297 0.345093 0.192036  0.46287
4314 0.567252 0.366059  0.0666891
3841 0.386141 0.590039  0.0238192
5370 0.405816 0.22055  0.373634
3182 0.70681 0.116036  0.177153
4215 0.288941 0.505323  0.205737
58 0.355831 0.585004  0.0591652
5313 0.446283 0.305482  0.248235
64 0.497107 0.420964  0.0819294
6728 0.252818 0.151886  0.595296
3301 0.491485 0.329376  0.179139
3486 0.428736 0.468058  0.103205
7907 0.236668 0.410435  0.352897
2244 0.543308 0.0785871  0.378105
467 0.18484 0.428244  0.386916
8388 0.0785215 0.178463  0.743015
4456 0.063817 0.508001  0.428182
6001 0.125834 0.514917  0.35925
1925 0.0869504 0.352025  0.561024
2623 0.108098 0.274525  0.617377
8776 0.430799 0.307859  0.261343
1891 0.48362 0.487203  0.0291768
718 0.463111 0.483541  0.0533488
5205 0.0688645 0.511979  0.419157
2977 0.21418 0.388085  0.397735
2448 0.31425 0.0808912  0.604859
2334 0.334092 0.282311  0.383597
2503 0.490485 0.0860628  0.423452
7527 0.231334 0.570924  0.197743
9773 0.556174 0.134645  0.30918
4694 0.0646201 0.180788  0.754592
5469 0.0850614 0.379222  0.535717
4849 0.308758 0.651888  0.0393538
3079 0.46273 0.381374  0.155896
3383 0.310424 0.156919  0.532657
9530 0.162237 0.633656  0.204107
2910 0.478268 0.474163  0.0475696
3266 0.653272 0.115976  0.230752
7789 0.192588 0.736915  0.0704972
7771 0.274252 0.544412  0.181336
1467 0.282203 0.352513  0.365284
920 0.193775 0.676928  0.129297
7419 0.553793 0.0166258  0.429581
4829 0.443196 0.438555  0.118249
1478 0.3191 0.185529  0.495371
1733 0.416831 0.00782021  0.575349
7185 0.195172 0.396698  0.40813
975 0.389376 0.248944  0.36168
5122 0.372315 0.408287  0.219398
6588 0.368827 0.170017  0.461157
3836 0.0113884 0.408183  0.580429
34 0.421069 0.301317  0.277614
1305 0.310463 0.368137  0.3214
32 0.143387 0.410336  0.446277
7003 0.263056 0.310863  0.426081
8031 0.497937 0.443361  0.0587019
4282 0.432611 0.238164  0.329224
2613 0.0180234 0.743817  0.238159
8056 0.0859531 0.39841  0.515637
3517 0.542015 0.234932  0.223054
2337 0.390319 0.284698  0.324983
9168 0.367087 0.312649  0.320264
378 0.201697 0.192464  0.605838
2913 0.379027 0.248899  0.372074
2582 0.517263 0.0797031  0.403033
2438 0.548511 0.0992835  0.352206
977 0.449667 0.0675666  0.482767
5446 0.523723 0.259344  0.216933
1899 0.2429 0.429116  0.327984
7317 0.275042 0.306303  0.418655
4350 0.112102 0.297029  0.590869
7007 0.555653 0.0945581  0.349789
6340 0.489988 0.24568  0.264332
5172 0.156867 0.309536  0.533598
6776 0.167291 0.316202  0.516506
99 0.470517 0.474026  0.0554568
8772 0.325356 0.477307  0.197337
3916 0.212643 0.396167  0.39119
9156 0.288789 0.505078  0.206133
5613 0.262383 0.360727  0.37689
6146 0.177522 0.466233  0.356245
5266 0.353687 0.367156  0.279157
759 0.409022 0.275566  0.315412
3354 0.535468 0.05535  0.409182
7265 0.269766 0.171833  0.558401
5654 0.75403 0.148023  0.0979471
4905 0.444837 0.178454  0.376709
6656 0.505321 0.471157  0.0235218
6384 0.406395 0.144719  0.448885
8067 0.57571 0.131671  0.292619
2850 0.0754608 0.257474  0.667066
1260 0.473368 0.364656  0.161976
5629 0.275298 0.596219  0.128483
1318 0.354694 0.340989  0.304316
6503 0.408351 0.2453  0.346349
1896 0.41374 0.222227  0.364032
6256 0.0533667 0.559803  0.38683
3778 0.255379 0.442754  0.301867
229 0.614523 0.11981  0.265667
5468 0.434858 0.152425  0.412718
2430 0.475457 0.506479  0.0180639
488 0.276491 0.121176  0.602333
4390 0.141296 0.49502  0.363684
4845 0.494972 0.0322708  0.472757
4306 0.151709 0.0527995  0.795491
6638 0.316908 0.514705  0.168388
7088 0.335495 0.216297  0.448208
6196 0.482361 0.387722  0.129916
1208 0.3126 0.40451  0.282889
4972 0.14976 0.721295  0.128945
901 0.433018 0.291273  0.275709
5469 0.406315 0.0969348  0.496751
5417 0.172025 0.114709  0.713266
877 0.232463 0.339695  0.427841
6091 0.429068 0.117696  0.453236
3650 0.325985 0.26793  0.406085
3618 0.233545 0.559575  0.20688
1123 0.329639 0.035839  0.634522
455 0.359722 0.317822  0.322456
4603 0.244011 0.545897  0.210093
8163 0.557026 0.207222  0.235752
4783 0.0870744 0.751091  0.161834
2773 0.0219976 0.47642  0.501582
8145 0.547919 0.0241624  0.427919
1553 0.219388 0.37564  0.404972
3944 0.704707 0.131373  0.16392
5128 0.0680531 0.525644  0.406303
2239 0.118742 0.277838  0.603421
919 0.275744 0.358471  0.365785
5636 0.37836 0.442713  0.178927
3389 0.142007 0.636335  0.221659
4380 0.320819 0.365482  0.313699
6795 0.152601 0.401955  0.445443
5474 0.189279 0.552286  0.258435
4775 0.141487 0.520161  0.338352
5813 0.507224 0.36157  0.131206
5384 0.271986 0.465005  0.263009
3938 0.464214 0.494633  0.0411523
2349 0.426958 0.303398  0.269644
1492 0.167304 0.57074  0.261955
6475 0.555201 0.0656979  0.379101
6555 0.510277 0.423377  0.0663458
3365 0.0258783 0.410087  0.564034
762 0.468191 0.47032  0.0614888
2289 0.261873 0.346371  0.391756
2353 0.597989 0.0185581  0.383453
5162 0.196193 0.581462  0.222345
6378 0.328739 0.333075  0.338185
5691 0.200465 0.324867  0.474669
3568 0.301876 0.223058  0.475067
7997 0.563152 0.270564  0.166283
17 0.335939 0.200441  0.463621
5261 0.0724338 0.907038  0.0205284
8389 0.00927697 0.534909  0.455814
1993 0.325434 0.426417  0.248149
7038 0.467671 0.324061  0.208268
3366 0.520815 0.324281  0.154904
2141 0.509906 0.172574  0.317519
9416 0.369486 0.274243  0.356271
4845 0.602305 0.105549  0.292145
1147 0.158701 0.427971  0.413328
5028 0.093261 0.256133  0.650606
9530 0.41333 0.536206  0.050464
4545 0.144911 0.447705  0.407384
5707 0.342724 0.158523  0.498753
7782 0.140361 0.674557  0.185083
2211 0.396744 0.378309  0.224947
2528 0.281559 0.551674  0.166766
3676 0.359764 0.440102  0.200134
2637 0.307605 0.298805  0.393591
8901 0.221758 0.46509  0.313152
5588 0.226584 0.74611  0.027306
6146 0.526247 0.303501  0.170252
1655 0.516208 0.378831  0.104961
3324 0.0488807 0.277695  0.673424
2094 0.39512 0.502359  0.102521
2583 0.228202 0.43328  0.338518
6169 0.0166642 0.802426  0.180909
4393 0.585737 0.145497  0.268766
7185 0.331153 0.245405  0.423442
3233 0.0436241 0.388162  0.568214
8005 0.0562908 0.479555  0.464154
4538 0.415612 0.466878  0.11751
6783 0.313991 0.437363  0.248646
1043 0.348876 0.31389  0.337234
7728 0.827963 0.145703  0.0263342
6570 0.321888 0.38003  0.298082
9024 0.407469 0.517948  0.0745834
2339 0.18075 0.324987  0.494263
3134 0.735468 0.0921428  0.172389
4346 0.0724662 0.459306  0.468228
5561 0.0227507 0.835221  0.142029
6660 0.515433 0.462266  0.0223009
811 0.141267 0.225377  0.633356
8712 0.380759 0.383555  0.235686
9778 0.417325 0.0677423  0.514933
2933 0.278464 0.604216  0.11732
8810 0.431173 0.456971  0.111856
7248 0.104032 0.43298  0.462988
4244 0.32549 0.262086  0.412424
1791 0.244438 0.437686  0.317876
7656 0.423036 0.317282  0.259682
9641 0.164353 0.616653  0.218994
5312 0.695315 0.0322862  0.272399
5248 0.191589 0.321885  0.486526
2670 0.543674 0.0680924  0.388234
6489 0.184421 0.497857  0.317722
7297 0.0909494 0.449294  0.459757
1471 0.277497 0.320206  0.402297
7782 0.264228 0.345065  0.390708
3494 0.397969 0.395741  0.206289
3024 0.485991 0.211664  0.302345
2347 0.3624 0.180348  0.457252
3784 0.70735 0.0905117  0.202138
508 0.349322 0.584976  0.0657019
4428 0.469746 0.478738  0.0515164
8627 0.337918 0.290377  0.371705
9243 0.35557 0.286246  0.358184
8049 0.465767 0.308103  0.22613
5648 0.534525 0.387299  0.0781757
6373 0.121533 0.270939  0.607529
6022 0.180188 0.362309  0.457503
7605 0.664218 0.166088  0.169694
5130 0.180871 0.769613  0.0495155
394 0.105097 0.472191  0.422712
3718 0.70782 0.15373  0.13845
4105 0.125885 0.653147  0.220968
4446 0.256588 0.189936  0.553476
4051 0.0702493 0.293695  0.636056
2844 0.574298 0.25617  0.169532
640 0.283434 0.426556  0.29001
5553 0.391633 0.299401  0.308967
8373 0.524511 0.121327  0.354162
9563 0.0624258 0.471652  0.465922
4954 0.369154 0.368731  0.262115
7723 0.36815 0.301745  0.330105
4396 0.114357 0.121136  0.764507
1689 0.252216 0.548855  0.198929
542 0.210995 0.392111  0.396895
3802 0.483902 0.367662  0.148437
5695 0.435553 0.218516  0.34593
1991 0.417816 0.324261  0.257922
2308 0.307581 0.448673  0.243746
3767 0.502493 0.223641  0.273866
5739 0.366886 0.288157  0.344957
8278 0.066067 0.542366  0.391567
7430 0.484255 0.464509  0.0512355
2521 0.113957 0.364343  0.5217
6508 0.3676 0.305316  0.327084
6154 0.177604 0.592366  0.23003
4055 0.374521 0.313855  0.311624
6578 0.829643 0.101754  0.0686029
5632 0.169412 0.790562  0.0400257
2429 0.232114 0.324291  0.443595
3861 0.603997 0.130376  0.265627
4038 0.370443 0.229099  0.400458
6827 0.251271 0.608539  0.14019
5674 0.274388 0.18112  0.544492
6850 0.24077 0.480727  0.278503
2705 0.256891 0.388788  0.35432
7088 0.186947 0.435484  0.377569
9521 0.403683 0.226055  0.370261
9219 0.0839683 0.407882  0.50815
4760 0.24552 0.300683  0.453796
1425 0.115057 0.558645  0.326299
1010 0.752229 0.106956  0.140816
6448 0.341024 0.329865  0.32911
7223 0.300651 0.412759  0.286591
6223 0.508051 0.340383  0.151566
5549 0.406547 0.256928  0.336525
5042 0.33137 0.278327  0.390303
6041 0.107564 0.732165  0.160272
7716 0.266397 0.222485  0.511118
5270 0.102284 0.753614  0.144102
7218 0.17271 0.365315  0.461975
9042 0.160505 0.749996  0.0894986
3427 0.43898 0.29624  0.26478
2072 0.294579 0.153562  0.551859
3680 0.453684 0.0223757  0.52394
6460 0.0778105 0.790924  0.131266
1601 0.212526 0.275046  0.512428
6460 0.109869 0.471887  0.418244
1502 0.338561 0.551269  0.11017
8207 0.18784 0.696378  0.115783
4118 0.107503 0.541146  0.35135
5019 0.372644 0.236161  0.391195
3151 0.575885 0.340284  0.0838318
4529 0.434931 0.299795  0.265274
3682 0.523969 0.423238  0.052793
6983 0.142468 0.538483  0.319049
5874 0.176124 0.422963  0.400913
3635 0.430962 0.181762  0.387276
8200 0.670456 0.22085  0.108694
5994 0.499808 0.0809112  0.41928
4740 0.223953 0.698559  0.0774882
7549 0.295311 0.354608  0.350081
6397 0.232417 0.115888  0.651695
3806 0.195858 0.511133  0.293009
1307 0.122318 0.555953  0.321729
8364 0.431144 0.40994  0.158916
4537 0.0623306 0.626376  0.311293
6109 0.366739 0.206521  0.42674
1034 0.52234 0.171642  0.306018
4773 0.221846 0.360972  0.417182
6741 0.339877 0.0618696  0.598254
5210 0.313771 0.344664  0.341565
3955 0.315082 0.210915  0.474003
6606 0.529819 0.0112184  0.458963
3921 0.455194 0.223389  0.321417
6893 0.583921 0.194415  0.221664
2634 0.301992 0.379532  0.318476
4390 0.269963 0.247703  0.482334
3887 0.641688 0.029955  0.328357
1962 0.872395 0.103923  0.0236819
654 0.497839 0.456989  0.0451727
7027 0.305899 0.356991  0.337111
856 0.383629 0.481644  0.134727
8594 0.422049 0.474724  0.103227
9647 0.214254 0.446968  0.338778
4568 0.238878 0.310797  0.450325
7039 0.299202 0.392225  0.308573
1736 0.148078 0.326402  0.52552
4009 0.244159 0.418973  0.336867
1025 0.0605334 0.348565  0.590902
8170 0.169014 0.369894  0.461092
2586 0.367861 0.245989  0.38615
5916 0.229872 0.350169  0.41996
1768 0.122461 0.561061  0.316478
5056 0.267809 0.220281  0.51191
3109 0.251256 0.386978  0.361765
7442 0.235957 0.37887  0.385173
6497 0.295063 0.293868  0.41107
881 0.445519 0.113733  0.440748
6246 0.307027 0.359886  0.333087
5320 0.50738 0.22041  0.27221
5551 0.244009 0.0861861  0.669805
2088 0.233692 0.016306  0.750002
5488 0.245959 0.397868  0.356173
8058 0.0367123 0.269164  0.694123
90 0.223833 0.339879  0.436289
7777 0.0986249 0.354825  0.54655
6299 0.245697 0.210072  0.54423
5205 0.0616388 0.586645  0.351716
3556 0.603435 0.126054  0.270512
3224 0.170486 0.0949146  0.734599
9489 0.0531096 0.40547  0.54142
5648 0.308287 0.424435  0.267277
4872 0.265946 0.463826  0.270227
4630 0.407026 0.159832  0.433142
4973 0.340263 0.52939  0.130347
8354 0.111762 0.484651  0.403587
146 0.315991 0.307844  0.376165
8291 0.377341 0.5524  0.0702592
6041 0.501602 0.178473  0.319925
6105 0.474479 0.296188  0.229333
191 0.645037 0.179448  0.175515
3099 0.217966 0.483042  0.298992
9480 0.344947 0.480376  0.174677
6876 0.25684 0.423367  0.319793
4986 0.349899 0.530247  0.119854
4233 0.712503 0.16404  0.123457
5000 0.533092 0.24603  0.220878
1048 0.419916 0.134611  0.445473
4008 0.315202 0.23428  0.450518
953 0.262175 0.61978  0.118045
6546 0.348428 0.450023  0.201548
1855 0.14319 0.394573  0.462237
4122 0.578908 0.0187669  0.402325
4828 0.136892 0.381793  0.481315
3300 0.427823 0.27871  0.293466
8571 0.547916 0.405162  0.0469214
3976 0.0103218 0.438456  0.551223
3410 0.4059 0.163392  0.430707
1408 0.402829 0.193285  0.403886
159 0.342255 0.0842683  0.573477
6382 0.381897 0.118442  0.499661
8534 0.219225 0.492986  0.28779
9776 0.174457 0.100046  0.725497
3889 0.385278 0.329784  0.284938
8849 0.267976 0.38353  0.348494
8170 0.26343 0.414358  0.322212
1880 0.107225 0.195668  0.697107
5109 0.0685744 0.81997  0.111455
4878 0.505711 0.476979  0.01731
5704 0.3084 0.403753  0.287847
1117 0.531144 0.363249  0.105607
9120 0.194651 0.334675  0.470675
4727 0.421207 0.0644731  0.51432
9831 0.143039 0.367813  0.489148
5263 0.380843 0.463818  0.155339
5898 0.851657 0.0243933  0.123949
6157 0.216852 0.372683  0.410465
7923 0.0889812 0.425212  0.485807
4731 0.553676 0.199288  0.247036
1874 0.446648 0.13389  0.419462
9651 0.245712 0.467821  0.286467
5410 0.249077 0.36299  0.387933
7215 0.418506 0.262445  0.319049
5896 0.504294 0.392037  0.10367
6925 0.290934 0.493469  0.215597
4428 0.353044 0.197963  0.448993
9730 0.234412 0.410824  0.354764
2990 0.0329022 0.311872  0.655226
6103 0.127326 0.529635  0.343039
3537 0.454848 0.249488  0.295664
3808 0.559307 0.228896  0.211797
3912 0.691649 0.145984  0.162366
4658 0.153933 0.337177  0.508891
1333 0.607327 0.253254  0.139419
4247 0.0719603 0.118468  0.809572
7672 0.293598 0.69025  0.0161525
4948 0.445439 0.109906  0.444655
8772 0.163124 0.396214  0.440662
9466 0.398912 0.219634  0.381455
2438 0.216898 0.227819  0.555283
1166 0.509952 0.333691  0.156358
6563 0.299694 0.480541  0.219765
2916 0.39458 0.285091  0.320329
5363 0.232434 0.361066  0.4065
820 0.440477 0.25297  0.306553
4392 0.538576 0.190782  0.270642
9046 0.142074 0.458674  0.399252
3015 0.697289 0.0964077  0.206304
1064 0.427236 0.126538  0.446226
4881 0.281295 0.539995  0.17871
5538 0.274223 0.316647  0.409131
750 0.144207 0.39902  0.456773
2710 0.202253 0.149395  0.648352
8466 0.178438 0.302359  0.519202
1798 0.633212 0.262473  0.104315
4976 0.276302 0.391255  0.332443
6777 0.385782 0.594431  0.0197868
8380 0.37321 0.146663  0.480126
3707 0.412071 0.274869  0.313059
5116 0.458122 0.157012  0.384866
3975 0.20781 0.373946  0.418243
5160 0.586505 0.298977  0.114518
4951 0.511958 0.122545  0.365497
8118 0.423987 0.315035  0.260978
9265 0.428927 0.403816  0.167257
8046 0.167981 0.447712  0.384307
2773 0.295927 0.339063  0.36501
8181 0.407914 0.388571  0.203515
3173 0.280611 0.529506  0.189883
55 0.374362 0.218003  0.407635
607 0.343479 0.276027  0.380494
5294 0.164998 0.372235  0.462767
2063 0.481645 0.0907634  0.427591
3135 0.425412 0.141744  0.432844
5610 0.371758 0.032811  0.595431
5901 0.391446 0.358588  0.249966
2449 0.444047 0.321304  0.234649
2669 0.303968 0.346838  0.349194
9345 0.453022 0.0424192  0.504559
5911 0.13893 0.47683  0.38424
4546 0.653601 0.0358596  0.310539
5575 0.244576 0.315393  0.44003
4027 0.053224 0.807706  0.139071
2637 0.356353 0.169136  0.474511
6465 0.337766 0.25583  0.406404
936 0.359075 0.556218  0.0847067
5331 0.628911 0.270846  0.100243
6560 0.28541 0.335808  0.378782
3470 0.0831619 0.46532  0.451518
3940 0.331351 0.64783  0.0208189
5935 0.494666 0.380777  0.124556
5455 0.218885 0.400124  0.380991
8357 0.0953258 0.114725  0.789949
6915 0.102757 0.436069  0.461175
3113 0.687534 0.0288702  0.283596
1071 0.512973 0.0415669  0.44546
3817 0.185827 0.473501  0.340672
5165 0.603418 0.373771  0.0228108
1594 0.024507 0.501341  0.474152
371 0.230245 0.0456825  0.724073
5700 0.185392 0.316826  0.497783
