4364 0.360436 0.191101  0.448463
3441 0.250204 0.573814  0.175982
4952 0.574927 0.187139  0.237934
862 0.176868 0.409486  0.413646
2441 0.279497 0.679982  0.0405218
2877 0.258596 0.435003  0.306401
3907 0.353354 0.163813  0.482834
1716 0.598602 0.146604  0.254795
348 0.591935 0.0485239  0.359541
99 0.272405 0.602463  0.125132
616 0.0346858 0.579886  0.385429
2211 0.0181005 0.25836  0.723539
706 0.209703 0.665716  0.124581
696 0.312748 0.450724  0.236528
4920 0.55345 0.0385092  0.408041
506 0.38236 0.421353  0.196287
1609 0.100885 0.776982  0.122133
274 0.37948 0.37878  0.241739
2473 0.195722 0.236766  0.567511
1489 0.483838 0.261244  0.254918
2615 0.58601 0.0856486  0.328341
3962 0.646819 0.262633  0.0905481
3069 0.401558 0.347425  0.251018
3029 0.165985 0.345851  0.488164
4842 0.041071 0.646091  0.312838
3852 0.459323 0.336363  0.204314
3353 0.228603 0.448551  0.322846
274 0.470445 0.183188  0.346367
693 0.406478 0.333229  0.260293
1259 0.391828 0.530582  0.0775902
365 0.344227 0.435262  0.220511
32 0.300028 0.11078  0.589192
1698 0.296829 0.574671  0.1285
3187 0.216626 0.245643  0.537731
361 0.520707 0.108644  0.370649
3491 0.511627 0.337086  0.151287
1710 0.410633 0.291406  0.297961
2503 0.511766 0.401329  0.0869045
3969 0.25111 0.347447  0.401443
4122 0.555911 0.370936  0.0731526
5011 0.426953 0.295599  0.277448
3879 0.389571 0.176596  0.433833
741 0.558679 0.131115  0.310205
4411 0.286561 0.430372  0.283066
158 0.0745129 0.705026  0.220462
4195 0.505265 0.436958  0.0577765
153 0.33071 0.285406  0.383885
712 0.0720581 0.329538  0.598403
3426 0.45609 0.0801495  0.46376
2504 0.231938 0.141756  0.626305
2889 0.638872 0.229717  0.131411
3875 0.41276 0.437202  0.150038
821 0.340436 0.186464  0.4731
710 0.547991 0.0598872  0.392122
2239 0.236891 0.522495  0.240615
901 0.0244469 0.878712  0.0968412
3902 0.184352 0.633608  0.182039
3461 0.447203 0.265046  0.287751
3974 0.49205 0.330571  0.177379
2999 0.149586 0.494059  0.356356
695 0.560998 0.102863  0.336139
2234 0.447639 0.0677704  0.484591
4813 0.0839599 0.672285  0.243755
3830 0.21662 0.185349  0.59803
3838 0.369339 0.22769  0.402972
3675 0.399761 0.213719  0.38652
1376 0.582404 0.23764  0.179956
1225 0.102182 0.63813  0.259688
319 0.366052 0.555869  0.0780797
3914 0.395248 0.268391  0.336361
3980 0.703008 0.213258  0.0837338
2891 0.3543 0.221357  0.424343
2435 0.0884577 0.466618  0.444924
2515 0.15643 0.479788  0.363782
3862 0.592773 0.202248  0.20498
2210 0.47027 0.07216  0.45757
4894 0.239264 0.238114  0.522622
1501 0.530252 0.169783  0.299965
5076 0.271461 0.340744  0.387795
4641 0.290824 0.256915  0.45226
4661 0.165333 0.42532  0.409347
1698 0.214806 0.33771  0.447483
2879 0.463777 0.132921  0.403302
4466 0.302302 0.543465  0.154233
3980 0.842611 0.0753458  0.0820429
3693 0.369673 0.0638508  0.566477
154 0.279159 0.0984167  0.622425
3912 0.238408 0.524409  0.237184
1610 0.494142 0.0266664  0.479192
2880 0.45081 0.0672042  0.481986
2235 0.281724 0.106971  0.611305
1817 0.202295 0.159084  0.638621
3011 0.317934 0.302395  0.379672
535 0.369368 0.479382  0.15125
3959 0.305151 0.477525  0.217324
2496 0.350521 0.437952  0.211528
2807 0.190118 0.403197  0.406685
4502 0.357179 0.166426  0.476395
3818 0.435861 0.102477  0.461661
5014 0.177776 0.449232  0.372993
3646 0.361212 0.112795  0.525993
1202 0.422821 0.381481  0.195698
3959 0.41122 0.168924  0.419856
3022 0.346873 0.450343  0.202784
3025 0.515814 0.0226488  0.461537
2357 0.410034 0.571116  0.0188493
3448 0.0137788 0.856434  0.129787
716 0.57106 0.0569243  0.372016
709 0.488158 0.131904  0.379937
3672 0.28171 0.225863  0.492427
369 0.206176 0.178085  0.615739
891 0.305537 0.14808  0.546383
3160 0.328563 0.583928  0.0875085
855 0.48605 0.488753  0.0251971
962 0.530455 0.255399  0.214145
3916 0.741531 0.0690073  0.189462
3080 0.557036 0.115325  0.327639
121 0.0950165 0.548737  0.356247
3458 0.0848385 0.359816  0.555346
3473 0.384557 0.314447  0.300996
911 0.146849 0.20112  0.652032
2275 0.417691 0.0419491  0.54036
631 0.239691 0.225004  0.535305
3013 0.416692 0.105106  0.478202
1912 0.0489982 0.494071  0.456931
3463 0.38894 0.52878  0.0822802
697 0.500292 0.139497  0.360211
850 0.173952 0.105303  0.720745
3830 0.451847 0.139578  0.408576
375 0.320829 0.283928  0.395244
2889 0.121465 0.651035  0.2275
3929 0.399377 0.352299  0.248324
1278 0.14953 0.293289  0.557181
3481 0.355385 0.319634  0.324981
2785 0.0892154 0.562578  0.348207
2488 0.368497 0.498128  0.133375
1713 0.0659077 0.506177  0.427915
55 0.267797 0.319833  0.41237
2209 0.302198 0.541183  0.156619
1497 0.194573 0.450238  0.35519
4086 0.0964864 0.355168  0.548346
3463 0.131618 0.369639  0.498743
16 0.584475 0.228311  0.187214
2886 0.810105 0.173557  0.0163376
120 0.482046 0.351884  0.166071
3627 0.191662 0.485219  0.323119
2250 0.149312 0.525412  0.325276
4398 0.337011 0.333442  0.329547
347 0.276149 0.671037  0.052814
3463 0.382764 0.123862  0.493374
3897 0.399086 0.240524  0.360391
3891 0.56659 0.255094  0.178316
4698 0.378209 0.219305  0.402486
2887 0.407156 0.189894  0.40295
358 0.220733 0.713337  0.0659303
1278 0.343876 0.334357  0.321767
1383 0.189599 0.255536  0.554865
3164 0.350399 0.221428  0.428173
4499 0.33257 0.321668  0.345762
2244 0.0695897 0.267715  0.662695
1286 0.484208 0.275975  0.239817
1535 0.40606 0.270745  0.323195
887 0.308351 0.305895  0.385753
2989 0.216473 0.650569  0.132958
3941 0.264578 0.43557  0.299852
4533 0.11541 0.24211  0.64248
850 0.0936015 0.594464  0.311935
125 0.512794 0.112835  0.374371
353 0.496136 0.205914  0.29795
3660 0.338437 0.417903  0.243659
1820 0.44168 0.482983  0.0753365
903 0.517437 0.277889  0.204674
2616 0.115188 0.533725  0.351087
3478 0.303692 0.398703  0.297605
2879 0.0671396 0.374419  0.558441
4585 0.681041 0.302398  0.0165603
3871 0.323396 0.166783  0.50982
369 0.146536 0.412104  0.44136
358 0.467034 0.0642667  0.468699
713 0.192108 0.467698  0.340194
705 0.105315 0.122056  0.772628
1935 0.0196162 0.457056  0.523328
3465 0.44807 0.194804  0.357126
844 0.405672 0.0904902  0.503838
2479 0.15805 0.251677  0.590274
2673 0.262521 0.315692  0.421787
2823 0.433095 0.482691  0.0842136
4467 0.268663 0.281476  0.449861
4730 0.235937 0.406978  0.357085
3636 0.34594 0.292922  0.361139
180 0.370196 0.257649  0.372155
3772 0.0109304 0.666685  0.322384
848 0.260724 0.351361  0.387915
712 0.449319 0.0840288  0.466652
2494 0.462678 0.393086  0.144237
780 0.380871 0.23687  0.382259
842 0.277838 0.305022  0.41714
2214 0.58886 0.0526039  0.358536
1494 0.38673 0.492443  0.120827
3483 0.160834 0.179475  0.659692
3447 0.330934 0.0757436  0.593322
4213 0.291934 0.41706  0.291006
1828 0.408551 0.36377  0.227679
3818 0.397247 0.0643669  0.538386
160 0.211648 0.569523  0.218828
3973 0.132287 0.344718  0.522996
3238 0.385976 0.351253  0.262771
3584 0.336409 0.248313  0.415278
699 0.513166 0.123243  0.363591
3982 0.330489 0.386726  0.282785
3405 0.207048 0.223258  0.569694
1279 0.411616 0.484217  0.104168
125 0.214184 0.431711  0.354106
3264 0.284057 0.551181  0.164762
1544 0.415357 0.454662  0.129981
745 0.275241 0.243171  0.481589
146 0.59351 0.185213  0.221278
3446 0.144722 0.0202798  0.834998
3469 0.277456 0.44705  0.275494
2610 0.0852252 0.618575  0.2962
3478 0.39366 0.0278832  0.578456
2118 0.199209 0.326573  0.474218
2916 0.350357 0.183438  0.466205
3893 0.188783 0.130902  0.680316
18 0.369784 0.230824  0.399392
63 0.335979 0.436361  0.22766
2199 0.457895 0.207797  0.334308
4503 0.429089 0.521336  0.049575
3973 0.413527 0.0372145  0.549258
4019 0.509106 0.48252  0.00837408
2468 0.18374 0.457593  0.358667
716 0.258183 0.305212  0.436605
737 0.486712 0.207704  0.305584
2513 0.544938 0.171333  0.283729
2985 0.181399 0.659936  0.158665
2991 0.0713785 0.492521  0.4361
4255 0.11146 0.609709  0.278831
4837 0.602953 0.158612  0.238435
4003 0.445385 0.28869  0.265925
856 0.128736 0.267765  0.603499
868 0.55342 0.262324  0.184255
3488 0.535065 0.0524385  0.412497
1300 0.0305567 0.599129  0.370315
160 0.240284 0.190627  0.569089
3832 0.339893 0.243921  0.416186
2246 0.176099 0.512268  0.311634
342 0.38205 0.510004  0.107946
3821 0.241503 0.47815  0.280347
3844 0.547586 0.310253  0.14216
1540 0.138182 0.354898  0.506921
1982 0.851644 0.0931862  0.0551695
1380 0.0215215 0.522772  0.455706
1203 0.223475 0.641078  0.135447
4004 0.202742 0.629438  0.167821
3951 0.585731 0.191796  0.222473
3464 0.33231 0.236842  0.430848
472 0.353136 0.324813  0.322051
1302 0.232288 0.107263  0.660449
3813 0.341406 0.356697  0.301896
80 0.321211 0.557265  0.121524
2208 0.383019 0.280453  0.336528
2762 0.37118 0.236651  0.392169
981 0.314853 0.452489  0.232657
362 0.268495 0.571203  0.160301
2376 0.227513 0.255635  0.516852
3463 0.509202 0.335809  0.154989
1346 0.39646 0.154768  0.448772
1820 0.450319 0.542504  0.00717671
4892 0.528759 0.0219525  0.449289
3935 0.741915 0.167014  0.0910707
2252 0.0755518 0.199049  0.725399
2883 0.440587 0.367968  0.191445
271 0.386524 0.0294581  0.584018
2208 0.092513 0.484204  0.423283
712 0.405529 0.439882  0.154588
3482 0.447203 0.156565  0.396232
1363 0.908578 0.0213888  0.0700333
1282 0.195896 0.224962  0.579142
3371 0.23713 0.331708  0.431162
4004 0.186897 0.147526  0.665577
3974 0.726157 0.174332  0.0995104
4905 0.416305 0.225331  0.358364
4114 0.493215 0.384866  0.121919
355 0.0199441 0.431842  0.548214
1801 0.288339 0.600141  0.11152
3459 0.445778 0.473858  0.0803639
531 0.379605 0.372965  0.247429
1117 0.453463 0.496956  0.0495816
3445 0.558116 0.204651  0.237232
3348 0.426423 0.265905  0.307671
318 0.308902 0.35425  0.336848
2449 0.345963 0.329792  0.324246
4451 0.232758 0.308429  0.458813
1538 0.358282 0.307275  0.334443
2990 0.38072 0.254822  0.364458
3911 0.132649 0.627787  0.239563
1102 0.483787 0.221693  0.29452
160 0.126308 0.407315  0.466378
2453 0.508613 0.428346  0.0630412
348 0.533032 0.0971189  0.369849
207 0.457534 0.25766  0.284806
3427 0.36408 0.194477  0.441443
3882 0.691944 0.0559483  0.252108
2792 0.48295 0.398973  0.118077
2254 0.0514607 0.688895  0.259644
1035 0.470085 0.34003  0.189885
3472 0.518816 0.266841  0.214343
718 0.303789 0.355954  0.340257
3876 0.337478 0.0872568  0.575265
2479 0.179061 0.789933  0.0310059
3883 0.289678 0.577841  0.132481
3000 0.297008 0.301599  0.401393
4668 0.20027 0.150935  0.648795
3873 0.23194 0.621456  0.146604
3901 0.334857 0.288053  0.37709
3926 0.15891 0.659537  0.181552
3973 0.190545 0.400832  0.408623
3487 0.353853 0.126701  0.519446
1540 0.746258 0.196391  0.0573506
1094 0.655926 0.0462378  0.297836
2380 0.118092 0.849558  0.03235
2898 0.0579339 0.497933  0.444133
956 0.197588 0.369699  0.432713
3704 0.521699 0.217823  0.260478
4207 0.756932 0.127878  0.11519
529 0.618616 0.292623  0.0887603
698 0.404944 0.396744  0.198312
2878 0.212404 0.380291  0.407305
3002 0.574164 0.0725822  0.353254
3715 0.635451 0.305267  0.0592823
4760 0.0839365 0.703742  0.212322
1598 0.559531 0.351633  0.0888358
3911 0.140435 0.405025  0.45454
879 0.420744 0.185648  0.393608
3012 0.0144169 0.643272  0.342311
2254 0.367813 0.178144  0.454044
2830 0.517567 0.420975  0.0614575
715 0.382098 0.303676  0.314226
712 0.486501 0.0907842  0.422715
508 0.24613 0.249015  0.504855
155 0.182081 0.562123  0.255797
3519 0.2356 0.484243  0.280157
155 0.0953109 0.734432  0.170257
2331 0.397228 0.266718  0.336053
397 0.0700297 0.285383  0.644587
3608 0.267976 0.37122  0.360804
3554 0.160371 0.329902  0.509727
3475 0.158305 0.45144  0.390255
1688 0.443709 0.143554  0.412736
3179 0.674637 0.167133  0.15823
4004 0.636134 0.0794392  0.284427
3872 0.343002 0.367423  0.289576
2607 0.604543 0.155156  0.240301
1295 0.610718 0.382084  0.00719862
2145 0.195576 0.21399  0.590434
3883 0.339058 0.475045  0.185898
270 0.198715 0.400549  0.400736
1205 0.372963 0.334409  0.292628
2662 0.461108 0.336886  0.202006
2527 0.643089 0.0599718  0.29694
160 0.266685 0.558982  0.174333
360 0.0328742 0.900589  0.0665365
3959 0.0876327 0.553  0.359367
3014 0.200736 0.437974  0.36129
3338 0.720522 0.08542  0.194058
275 0.570872 0.0958856  0.333242
1817 0.2772 0.346704  0.376095
2470 0.417158 0.418213  0.164629
3832 0.0283358 0.235145  0.736519
1371 0.116837 0.462702  0.420461
1382 0.418169 0.517673  0.0641575
2786 0.367137 0.0769308  0.555932
3013 0.680321 0.154405  0.165275
125 0.327118 0.191428  0.481454
2195 0.407492 0.181325  0.411183
3491 0.339295 0.443934  0.216771
2535 0.424677 0.0413616  0.533961
3924 0.257636 0.495909  0.246455
276 0.245803 0.210511  0.543686
1832 0.631209 0.302373  0.0664186
3833 0.289845 0.408986  0.301169
701 0.330618 0.155088  0.514294
3031 0.586135 0.290513  0.123352
3061 0.418987 0.224551  0.356462
272 0.564723 0.337328  0.0979484
600 0.413244 0.565765  0.020991
3836 0.0441145 0.0970167  0.858869
2404 0.398071 0.0133346  0.588595
7 0.126215 0.411772  0.462013
2596 0.456776 0.241741  0.301483
2496 0.262766 0.65742  0.0798133
1811 0.0419101 0.660176  0.297914
41 0.237547 0.592896  0.169557
2343 0.599248 0.126282  0.27447
2717 0.193921 0.770577  0.0355012
3079 0.268515 0.158249  0.573236
1345 0.498954 0.251695  0.249351
158 0.361569 0.112445  0.525986
1202 0.0389723 0.762912  0.198115
509 0.270183 0.233919  0.495898
2554 0.498205 0.292299  0.209497
4627 0.639566 0.203754  0.15668
1530 0.459666 0.462995  0.0773394
4987 0.288354 0.333128  0.378518
698 0.376555 0.384327  0.239118
333 0.48895 0.432129  0.0789213
2238 0.38301 0.217052  0.399937
3644 0.43272 0.304569  0.262711
2246 0.0810901 0.717346  0.201564
2572 0.235874 0.651608  0.112517
3784 0.367896 0.3808  0.251304
1539 0.144946 0.445988  0.409067
2896 0.252251 0.0443134  0.703436
723 0.619899 0.277535  0.102566
1789 0.266156 0.437583  0.296262
1302 0.192235 0.333353  0.474412
528 0.377669 0.565355  0.0569759
348 0.364646 0.123992  0.511362
1560 0.213364 0.459177  0.32746
3447 0.471133 0.265708  0.263159
667 0.892675 0.0764504  0.0308746
3469 0.257243 0.525779  0.216978
2463 0.310312 0.353495  0.336193
1898 0.42449 0.102951  0.47256
3884 0.614744 0.320512  0.0647436
3981 0.0535281 0.304753  0.641719
1697 0.365792 0.31862  0.315587
2509 0.511998 0.270774  0.217229
2832 0.151814 0.621454  0.226732
1814 0.222372 0.41496  0.362668
3974 0.126846 0.23509  0.638063
1175 0.390267 0.194362  0.415372
5091 0.273227 0.33597  0.390803
745 0.0670395 0.441449  0.491512
3005 0.0576962 0.435589  0.506715
3027 0.403794 0.0650309  0.531175
3624 0.529512 0.216058  0.25443
3132 0.104675 0.585849  0.309476
3482 0.450026 0.398631  0.151343
700 0.57199 0.0300403  0.39797
3651 0.275516 0.544662  0.179821
4185 0.320501 0.0938783  0.585621
1282 0.435967 0.214517  0.349516
363 0.0226847 0.603009  0.374306
713 0.429678 0.279743  0.290579
1425 0.0197904 0.394499  0.585711
3450 0.0831077 0.425633  0.491259
1547 0.355544 0.359905  0.284551
2255 0.404367 0.329955  0.265678
3492 0.115825 0.467507  0.416668
2564 0.311443 0.313938  0.374619
3879 0.259257 0.423654  0.317089
1830 0.17651 0.504667  0.318823
3081 0.0468958 0.61179  0.341314
2375 0.330254 0.232549  0.437197
3940 0.344555 0.115521  0.539924
2260 0.384704 0.444022  0.171274
709 0.480017 0.308202  0.211781
1722 0.321268 0.186722  0.49201
360 0.111898 0.295855  0.592247
2209 0.273073 0.344909  0.382017
17 0.092102 0.127054  0.780844
718 0.369032 0.202849  0.428119
2889 0.523736 0.233955  0.24231
4273 0.109575 0.51207  0.378355
3832 0.308975 0.606113  0.0849113
2892 0.0754798 0.155985  0.768535
3907 0.16941 0.355285  0.475306
325 0.611046 0.320088  0.0688655
3880 0.355138 0.531981  0.11288
3927 0.51522 0.421836  0.0629441
514 0.183841 0.405158  0.411001
4003 0.164958 0.527545  0.307497
276 0.1212 0.516663  0.362137
151 0.0716361 0.27124  0.657123
3440 0.527135 0.445426  0.0274396
3845 0.576478 0.192814  0.230709
4089 0.292538 0.436954  0.270508
4475 0.34268 0.30585  0.351471
3943 0.239194 0.332845  0.42796
1490 0.839676 0.0987068  0.0616172
3791 0.511207 0.269482  0.219311
1492 0.373695 0.497998  0.128307
4380 0.70495 0.129691  0.165359
4702 0.465424 0.262827  0.271748
3023 0.421618 0.0726454  0.505737
3820 0.226715 0.367052  0.406234
1303 0.146959 0.507856  0.345185
1296 0.415587 0.308279  0.276135
704 0.0137135 0.174338  0.811948
904 0.180801 0.681642  0.137557
1145 0.0845051 0.497449  0.418046
2509 0.16279 0.74322  0.0939895
3975 0.500914 0.0413114  0.457775
4971 0.159911 0.448136  0.391953
3970 0.435437 0.0192818  0.545282
2243 0.353414 0.204168  0.442418
3876 0.67571 0.108963  0.215327
1445 0.385339 0.304038  0.310623
889 0.0943624 0.060266  0.845372
3969 0.416615 0.25705  0.326335
855 0.76634 0.0541509  0.179509
323 0.2023 0.472196  0.325503
3575 0.406956 0.0952182  0.497826
2975 0.0170145 0.475117  0.507868
1281 0.329949 0.435941  0.23411
2861 0.389773 0.106584  0.503644
3452 0.425273 0.269178  0.305549
2232 0.200734 0.401679  0.397588
2990 0.277088 0.307991  0.414921
3862 0.35565 0.539644  0.104706
3179 0.388708 0.438439  0.172853
353 0.645595 0.136901  0.217505
641 0.16571 0.442357  0.391933
2998 0.128964 0.602699  0.268337
348 0.194882 0.501224  0.303894
850 0.146223 0.557061  0.296716
3451 0.494873 0.431841  0.073286
3908 0.470394 0.0795762  0.45003
2997 0.415951 0.33832  0.245728
3739 0.0820402 0.254737  0.663223
693 0.166741 0.399404  0.433855
4221 0.68048 0.158343  0.161177
699 0.327233 0.623953  0.0488147
5034 0.0827509 0.383313  0.533936
1282 0.233756 0.39601  0.370233
158 0.291156 0.457172  0.251673
893 0.667656 0.133064  0.19928
3821 0.370402 0.190547  0.439051
3474 0.450029 0.410128  0.139844
1702 0.265028 0.243079  0.491893
124 0.108079 0.4792  0.412721
4491 0.221893 0.379573  0.398534
1157 0.27011 0.12066  0.609231
712 0.580168 0.0674369  0.352395
1499 0.240152 0.599498  0.16035
3025 0.289978 0.240371  0.469651
1493 0.368854 0.495582  0.135564
160 0.789709 0.129838  0.0804535
3446 0.48564 0.110153  0.404207
2209 0.232109 0.521416  0.246475
1730 0.0650605 0.143428  0.791512
756 0.419956 0.525596  0.0544481
2231 0.272179 0.173801  0.55402
1475 0.257947 0.450251  0.291803
1712 0.513052 0.0381406  0.448808
2179 0.534527 0.0865028  0.37897
2657 0.316955 0.342082  0.340963
1092 0.211916 0.243789  0.544295
3881 0.724405 0.193106  0.0824894
4593 0.572684 0.229606  0.19771
3452 0.26438 0.439862  0.295757
2468 0.82684 0.0222177  0.150942
155 0.103282 0.243069  0.653649
2700 0.536896 0.227118  0.235986
2711 0.134175 0.525701  0.340124
1669 0.404683 0.296169  0.299148
4093 0.450836 0.364515  0.184649
2991 0.454956 0.33278  0.212264
1382 0.701429 0.0822517  0.216319
361 0.45076 0.215684  0.333556
3452 0.474881 0.0436584  0.481461
3443 0.379199 0.335099  0.285702
2204 0.584915 0.264076  0.151008
3860 0.391343 0.322671  0.285986
2886 0.463569 0.352595  0.183836
711 0.164558 0.42393  0.411511
2206 0.184358 0.472194  0.343448
3451 0.0126888 0.793059  0.194252
3836 0.120442 0.541539  0.338019
699 0.417634 0.377808  0.204557
2202 0.314224 0.264939  0.420837
1695 0.413204 0.431327  0.155469
3897 0.0396957 0.215694  0.744611
4007 0.119712 0.462745  0.417544
724 0.545815 0.205232  0.248953
856 0.190882 0.313834  0.495284
3899 0.35876 0.223076  0.418164
1537 0.880815 0.0127782  0.106407
733 0.229755 0.572644  0.197601
4301 0.154827 0.227232  0.61794
1539 0.395244 0.482199  0.122557
416 0.0838053 0.359713  0.556482
1841 0.459229 0.139151  0.401621
3328 0.0247918 0.524995  0.450213
3455 0.383952 0.380801  0.235248
320 0.326143 0.495634  0.178223
326 0.0987718 0.341776  0.559452
694 0.0817094 0.524681  0.39361
2492 0.218185 0.305198  0.476617
1572 0.446028 0.13744  0.416532
3284 0.0735568 0.518446  0.407997
889 0.491024 0.476053  0.0329233
4202 0.248392 0.186974  0.564634
1513 0.383924 0.484391  0.131685
3688 0.393116 0.211584  0.395299
2522 0.313654 0.0332954  0.65305
1035 0.390372 0.253799  0.355829
723 0.0536739 0.454964  0.491362
2518 0.0981095 0.359295  0.542596
179 0.590533 0.305664  0.103803
2195 0.612458 0.195063  0.192479
3884 0.519756 0.429545  0.0506992
767 0.444074 0.14592  0.410007
3466 0.204181 0.676526  0.119293
3475 0.054907 0.192076  0.753017
2993 0.112848 0.585818  0.301333
1834 0.312624 0.138899  0.548476
3029 0.314028 0.411922  0.27405
695 0.223704 0.337175  0.439121
1843 0.266961 0.712707  0.0203319
3004 0.304377 0.262497  0.433126
2524 0.337623 0.342424  0.319954
5061 0.202746 0.469608  0.327647
3457 0.00878258 0.47581  0.515407
4007 0.465485 0.156318  0.378197
393 0.444093 0.283675  0.272232
861 0.251243 0.0798654  0.668891
581 0.354161 0.342384  0.303455
2255 0.30906 0.345487  0.345453
3923 0.291293 0.241518  0.467189
3858 0.457535 0.138061  0.404404
4928 0.37796 0.571811  0.0502283
698 0.0575276 0.514346  0.428127
2259 0.182252 0.348085  0.469663
3980 0.417014 0.45301  0.129976
326 0.445242 0.131182  0.423576
3898 0.670894 0.0699023  0.259203
2488 0.38459 0.426596  0.188815
4197 0.296067 0.208685  0.495247
694 0.250202 0.231629  0.518169
4867 0.310299 0.184613  0.505087
2195 0.283621 0.596803  0.119576
874 0.0500097 0.29337  0.656621
511 0.346469 0.403666  0.249865
3 0.431971 0.19736  0.370669
3939 0.0656446 0.546548  0.387807
4812 0.0980186 0.488594  0.413388
2236 0.224148 0.482884  0.292968
2053 0.0902512 0.492386  0.417363
3953 0.372177 0.274062  0.353761
1180 0.387565 0.240424  0.372011
5117 0.0821666 0.712253  0.20558
3030 0.244016 0.34833  0.407653
2492 0.514644 0.248373  0.236984
2696 0.788159 0.192145  0.0196959
2176 0.11927 0.419275  0.461455
533 0.259574 0.548046  0.19238
3939 0.415258 0.440719  0.144022
365 0.323686 0.0972143  0.5791
3875 0.622625 0.0797594  0.297615
3968 0.484845 0.0852515  0.429904
2891 0.240577 0.260534  0.498889
5068 0.270525 0.444382  0.285093
1371 0.447781 0.349739  0.20248
4199 0.899873 0.0420742  0.058053
2088 0.468409 0.50883  0.0227616
3024 0.335614 0.161899  0.502487
2501 0.3836 0.241155  0.375245
755 0.021983 0.784229  0.193788
926 0.425201 0.291976  0.282823
1755 0.707985 0.116266  0.175749
3004 0.26369 0.0707749  0.665535
2237 0.541298 0.0294975  0.429205
3465 0.13938 0.7851  0.0755207
3883 0.475588 0.0853208  0.439091
3957 0.363991 0.536407  0.0996012
11 0.117533 0.735625  0.146841
3020 0.419409 0.440787  0.139804
274 0.0589998 0.555557  0.385443
3935 0.220634 0.38791  0.391456
3234 0.0967046 0.203452  0.699844
992 0.156559 0.496879  0.346561
3896 0.259796 0.328479  0.411725
2518 0.376217 0.394691  0.229093
1939 0.663766 0.266477  0.0697572
1551 0.0600213 0.40846  0.531518
3816 0.274942 0.373538  0.35152
3994 0.524854 0.0361542  0.438992
3860 0.217521 0.069746  0.712732
663 0.582157 0.391537  0.0263064
3485 0.220058 0.414517  0.365425
2375 0.374455 0.248421  0.377124
885 0.485168 0.253889  0.260943
3989 0.220026 0.639483  0.140491
4381 0.28672 0.0715117  0.641768
3013 0.136516 0.514648  0.348836
4791 0.458064 0.121685  0.420251
3200 0.0528239 0.521614  0.425562
346 0.154075 0.397095  0.44883
2882 0.402211 0.526603  0.0711862
1758 0.198709 0.312925  0.488365
317 0.78029 0.114932  0.104778
2465 0.289528 0.446155  0.264318
2890 0.608196 0.0199305  0.371874
694 0.111536 0.414293  0.474171
3891 0.66132 0.042578  0.296102
3957 0.289432 0.333321  0.377247
2916 0.396155 0.208511  0.395334
3023 0.171804 0.269415  0.558782
1098 0.353006 0.337495  0.309499
1549 0.253305 0.364574  0.382121
2195 0.420515 0.522055  0.05743
4842 0.536565 0.110851  0.352584
121 0.525341 0.0900693  0.38459
2894 0.338756 0.169482  0.491761
763 0.547931 0.263323  0.188746
3290 0.391773 0.344147  0.26408
884 0.120085 0.39276  0.487155
3967 0.918591 0.0159573  0.0654521
2994 0.474245 0.415948  0.109807
4509 0.600471 0.260853  0.138677
4856 0.471787 0.0195831  0.50863
2570 0.228857 0.275813  0.495329
2211 0.0881505 0.34704  0.56481
1544 0.363211 0.250962  0.385827
2694 0.469449 0.357907  0.172644
2407 0.322043 0.111775  0.566182
4368 0.277656 0.332797  0.389547
1300 0.0669282 0.133195  0.799877
3030 0.327416 0.25218  0.420404
965 0.336058 0.314894  0.349049
2156 0.247177 0.415862  0.336961
1117 0.254863 0.374461  0.370676
345 0.331014 0.324875  0.344111
3884 0.0889006 0.863326  0.0477736
721 0.291174 0.33623  0.372595
616 0.416612 0.184894  0.398493
2198 0.369678 0.519122  0.1112
693 0.775749 0.150671  0.0735795
716 0.198462 0.442986  0.358553
17 0.448543 0.348458  0.202999
4646 0.139011 0.243029  0.617959
721 0.262601 0.499872  0.237527
2828 0.61064 0.125678  0.263682
3851 0.551439 0.332906  0.115655
1133 0.0852644 0.299316  0.615419
2256 0.209301 0.383367  0.407332
3626 0.436239 0.462066  0.101694
932 0.042383 0.783303  0.174314
4713 0.352557 0.267231  0.380212
3470 0.516512 0.40809  0.0753975
2891 0.420035 0.220477  0.359488
19 0.321515 0.236802  0.441683
364 0.318571 0.302105  0.379323
1154 0.456791 0.340668  0.202541
3913 0.467064 0.0627982  0.470138
1548 0.651404 0.0129248  0.335671
1559 0.105535 0.434177  0.460288
3469 0.172822 0.474917  0.352261
1814 0.124915 0.32568  0.549405
358 0.506366 0.394531  0.0991031
1840 0.231307 0.21517  0.553523
2524 0.377581 0.1489  0.47352
757 0.578523 0.348063  0.0734147
1383 0.408394 0.393033  0.198573
3489 0.174874 0.398921  0.426205
3451 0.315594 0.445394  0.239012
2450 0.64714 0.0153649  0.337495
2961 0.656034 0.32778  0.0161859
3450 0.181655 0.447844  0.370501
3997 0.748611 0.18685  0.0645391
3319 0.27014 0.699652  0.0302079
342 0.536622 0.0874098  0.375968
5076 0.282354 0.645176  0.0724693
2237 0.137899 0.0599784  0.802123
1911 0.388219 0.353195  0.258586
2822 0.574415 0.149964  0.27562
1832 0.251435 0.365596  0.382969
4464 0.29351 0.316596  0.389894
2254 0.474265 0.290616  0.235119
154 0.575967 0.212087  0.211946
3469 0.328584 0.400958  0.270458
706 0.446659 0.195996  0.357345
866 0.476237 0.44373  0.0800327
851 0.234721 0.443601  0.321679
3008 0.383955 0.236828  0.379217
916 0.28955 0.207319  0.503132
2198 0.187428 0.267287  0.545285
3981 0.638833 0.244717  0.11645
3801 0.502787 0.287398  0.209815
1329 0.263966 0.399364  0.33667
706 0.547322 0.119903  0.332775
1494 0.421266 0.190049  0.388685
1384 0.479526 0.443451  0.0770227
570 0.369166 0.382512  0.248322
3831 0.320007 0.298331  0.381663
3861 0.215503 0.313505  0.470992
3787 0.330354 0.429324  0.240322
2511 0.51087 0.463581  0.0255488
1886 0.405196 0.454592  0.140212
529 0.289904 0.347053  0.363043
724 0.773758 0.0794366  0.146806
861 0.207236 0.170546  0.622218
719 0.0280183 0.927634  0.0443474
153 0.0615837 0.557078  0.381338
879 0.147537 0.460494  0.391969
3016 0.162076 0.782937  0.0549863
2235 0.185854 0.244795  0.569351
3979 0.282356 0.461733  0.25591
880 0.122804 0.368138  0.509058
1855 0.218936 0.400764  0.380299
3002 0.562997 0.427911  0.00909261
2946 0.559852 0.0794186  0.360729
3469 0.457126 0.398867  0.144007
1293 0.288849 0.302856  0.408295
4844 0.578605 0.058058  0.363337
3818 0.456781 0.328666  0.214553
4270 0.270269 0.36472  0.365011
3627 0.315159 0.0525331  0.632308
1136 0.0320584 0.542843  0.425098
2567 0.399244 0.464451  0.136305
124 0.483354 0.329241  0.187405
2892 0.0244858 0.656938  0.318576
1589 0.409048 0.22576  0.365192
3009 0.0805942 0.217257  0.702149
3995 0.053991 0.412398  0.533611
532 0.221434 0.195541  0.583026
3472 0.0101405 0.399947  0.589913
1425 0.228119 0.0536033  0.718278
4007 0.139214 0.197331  0.663455
533 0.613754 0.351143  0.0351032
1295 0.289619 0.363667  0.346714
4699 0.608044 0.312603  0.0793534
2460 0.439829 0.253474  0.306698
511 0.432525 0.180149  0.387326
2242 0.709597 0.200671  0.0897312
2523 0.418227 0.475783  0.10599
4094 0.30541 0.377333  0.317257
866 0.110635 0.428541  0.460825
2301 0.148309 0.153426  0.698264
4097 0.363046 0.345433  0.29152
2521 0.123122 0.573218  0.30366
1111 0.368507 0.409727  0.221766
2649 0.0949843 0.605434  0.299581
722 0.445706 0.368957  0.185337
511 0.539331 0.257459  0.20321
3098 0.526982 0.43541  0.0376084
1723 0.31796 0.110013  0.572027
1796 0.516355 0.391353  0.0922917
1796 0.348559 0.526791  0.12465
1540 0.350247 0.316812  0.332941
2506 0.420487 0.295536  0.283977
3945 0.41532 0.381339  0.203341
2512 0.311192 0.234595  0.454212
858 0.35225 0.166002  0.481748
2875 0.121844 0.264873  0.613283
4381 0.0937054 0.674789  0.231506
3494 0.48617 0.31552  0.19831
3969 0.266768 0.669823  0.0634083
3832 0.0403312 0.513697  0.445972
3004 0.376275 0.575637  0.0480882
3048 0.548983 0.36525  0.0857677
4796 0.477504 0.315976  0.20652
3831 0.421971 0.284358  0.293671
1807 0.464588 0.462468  0.0729443
715 0.187941 0.157565  0.654494
271 0.117882 0.514051  0.368067
3898 0.1358 0.556821  0.307379
4573 0.112643 0.428997  0.45836
3317 0.251097 0.287532  0.461371
3891 0.0351197 0.556021  0.408859
1028 0.436019 0.0692863  0.494695
2854 0.27556 0.354437  0.370002
5014 0.118095 0.179934  0.701971
1697 0.618851 0.212072  0.169077
1281 0.121217 0.323143  0.555639
508 0.490245 0.254651  0.255104
3479 0.418943 0.420253  0.160804
3572 0.513775 0.308673  0.177551
2262 0.248556 0.612983  0.13846
535 0.467736 0.280448  0.251815
168 0.360633 0.35243  0.286937
3861 0.125009 0.456545  0.418446
1856 0.522479 0.0176493  0.459872
3967 0.454675 0.114509  0.430816
3954 0.676234 0.236662  0.0871038
118 0.287621 0.347673  0.364707
4225 0.432076 0.0946855  0.473238
2529 0.262803 0.281959  0.455238
161 0.463268 0.522077  0.0146553
1523 0.353842 0.316227  0.329931
4121 0.383291 0.256548  0.360161
2197 0.233967 0.713511  0.0525217
363 0.378657 0.601534  0.0198089
2484 0.384972 0.427343  0.187685
3535 0.390834 0.243652  0.365514
3849 0.170347 0.785155  0.0444985
1840 0.45216 0.278513  0.269326
255 0.38405 0.413984  0.201966
4881 0.504998 0.0820671  0.412935
3481 0.334657 0.234728  0.430615
166 0.0461464 0.0527863  0.901067
3477 0.332532 0.298652  0.368816
1390 0.375658 0.570984  0.0533584
3898 0.568132 0.285482  0.146386
3926 0.17723 0.430934  0.391836
1056 0.36604 0.50491  0.129051
1342 0.380735 0.319243  0.300022
528 0.225615 0.355829  0.418556
3939 0.615931 0.339526  0.0445431
272 0.0894362 0.356487  0.554077
4171 0.708564 0.270096  0.0213401
705 0.460279 0.092126  0.447595
3446 0.0663111 0.896129  0.03756
4301 0.373952 0.450533  0.175515
3449 0.300929 0.2802  0.418872
1188 0.876572 0.108319  0.0151084
2778 0.446747 0.430076  0.123178
3002 0.248412 0.554656  0.196932
3013 0.219632 0.411468  0.3689
2154 0.189473 0.631476  0.179051
2629 0.186433 0.300874  0.512693
529 0.291511 0.382501  0.325988
4256 0.109015 0.599699  0.291286
1415 0.509489 0.0519427  0.438569
3302 0.249386 0.348303  0.402311
1807 0.257983 0.37624  0.365777
3831 0.452436 0.479377  0.0681876
1368 0.3597 0.0525405  0.587759
3845 0.296761 0.553315  0.149924
62 0.164252 0.301224  0.534524
2989 0.370191 0.300456  0.329353
2989 0.485699 0.152593  0.361708
2155 0.492194 0.447497  0.0603094
4007 0.35044 0.23048  0.419081
3486 0.154722 0.19837  0.646908
242 0.0417075 0.848103  0.11019
3753 0.234606 0.464966  0.300428
1898 0.18913 0.543151  0.26772
2197 0.335134 0.50985  0.155017
2501 0.358777 0.378175  0.263048
153 0.101962 0.633247  0.264791
2255 0.36859 0.560639  0.0707718
2986 0.412284 0.199353  0.388362
3450 0.145316 0.200228  0.654456
1542 0.238828 0.512766  0.248406
1836 0.366975 0.403491  0.229534
3578 0.451409 0.286083  0.262508
2960 0.39844 0.0540343  0.547526
3792 0.560226 0.0487617  0.391012
2504 0.353121 0.250648  0.396231
3958 0.402963 0.408078  0.188959
2877 0.0591838 0.492425  0.448392
1281 0.281418 0.262721  0.455861
695 0.318626 0.508657  0.172717
1557 0.00817438 0.666712  0.325114
410 0.321595 0.0455672  0.632838
4657 0.365692 0.211355  0.422953
3479 0.620701 0.290856  0.0884428
884 0.0809318 0.892432  0.026636
2987 0.0572203 0.399533  0.543247
1313 0.161426 0.58348  0.255094
5065 0.458737 0.260513  0.28075
1561 0.387487 0.558608  0.0539044
4041 0.205443 0.373984  0.420573
3466 0.51336 0.00938459  0.477255
2249 0.0279293 0.795957  0.176113
183 0.618432 0.225412  0.156157
858 0.21527 0.205398  0.579332
2888 0.125222 0.438888  0.43589
2628 0.170509 0.278687  0.550804
2885 0.194775 0.365536  0.439689
2693 0.534039 0.239553  0.226408
3872 0.278065 0.400955  0.320981
2271 0.0513963 0.520389  0.428215
2208 0.415926 0.0644672  0.519606
2250 0.244582 0.497117  0.258301
342 0.0986692 0.413725  0.487606
815 0.129456 0.400261  0.470283
710 0.0608439 0.653945  0.285211
3831 0.135817 0.822919  0.0412637
755 0.213487 0.490374  0.29614
2233 0.38626 0.38533  0.228409
2882 0.451802 0.337913  0.210285
1301 0.383048 0.0706245  0.546327
1321 0.355976 0.247033  0.396991
2880 0.410646 0.452559  0.136795
321 0.414723 0.41517  0.170107
1487 0.180909 0.336634  0.482457
2247 0.407537 0.368234  0.22423
2711 0.551374 0.068492  0.380134
3487 0.353312 0.0860779  0.56061
3448 0.324895 0.655186  0.0199189
3443 0.416541 0.0158245  0.567634
2587 0.310041 0.375506  0.314452
2053 0.339707 0.316888  0.343405
3924 0.616231 0.192665  0.191103
1282 0.621874 0.306614  0.0715124
3856 0.46231 0.404291  0.133399
3856 0.33648 0.247687  0.415834
632 0.563456 0.231709  0.204834
323 0.277708 0.402067  0.320225
4376 0.297638 0.309853  0.39251
2423 0.0990031 0.535534  0.365463
3215 0.352986 0.442748  0.204266
2809 0.17071 0.416673  0.412617
2581 0.342739 0.408635  0.248626
695 0.0109309 0.48767  0.501399
3925 0.471686 0.33942  0.188895
153 0.232097 0.0655541  0.702349
4430 0.357163 0.272662  0.370175
2569 0.211941 0.161613  0.626446
869 0.122474 0.36351  0.514015
3246 0.259123 0.10647  0.634407
3003 0.0662032 0.46951  0.464287
812 0.542779 0.317239  0.139983
1543 0.300269 0.165064  0.534667
2520 0.19441 0.55037  0.255219
1380 0.196085 0.67983  0.124085
1813 0.256323 0.180909  0.562769
622 0.182206 0.398027  0.419768
1554 0.36344 0.321776  0.314784
3938 0.458952 0.149212  0.391836
1557 0.329196 0.469085  0.201718
3862 0.509098 0.271771  0.219131
3472 0.398203 0.459127  0.142671
4006 0.32364 0.353193  0.323167
2548 0.482877 0.073574  0.443549
3835 0.508529 0.360638  0.130833
2469 0.082628 0.361756  0.555616
302 0.573485 0.325535  0.100981
2488 0.13723 0.135337  0.727432
4287 0.146839 0.476806  0.376355
3756 0.100111 0.347108  0.552781
3007 0.397079 0.109234  0.493687
2488 0.366362 0.397164  0.236474
3741 0.308768 0.464001  0.227231
991 0.212358 0.435  0.352641
1742 0.404578 0.292432  0.302991
346 0.532512 0.0646837  0.402804
1658 0.270659 0.384196  0.345145
4364 0.454329 0.126007  0.419664
695 0.304249 0.451944  0.243807
1746 0.257018 0.0740848  0.668898
63 0.396827 0.386151  0.217022
799 0.149115 0.181253  0.669632
351 0.0597198 0.478698  0.461582
2239 0.295248 0.260753  0.443999
1763 0.346291 0.619302  0.0344073
2952 0.323348 0.602765  0.0738879
317 0.786124 0.167157  0.0467189
2249 0.223556 0.308999  0.467445
13 0.566472 0.0748947  0.358633
1137 0.623924 0.184401  0.191675
150 0.451432 0.35442  0.194148
4031 0.175328 0.530903  0.293769
3978 0.818551 0.0461703  0.135278
3019 0.550296 0.0214153  0.428288
1812 0.260068 0.410491  0.329441
3019 0.510566 0.423836  0.0655986
2579 0.515179 0.467025  0.0177955
3836 0.364544 0.0862235  0.549232
1197 0.441871 0.16216  0.395969
1572 0.144557 0.247021  0.608422
667 0.398216 0.149553  0.45223
3482 0.409596 0.132288  0.458116
3484 0.196184 0.441374  0.362443
2197 0.0117589 0.518021  0.47022
2658 0.424705 0.14813  0.427165
655 0.569089 0.319837  0.111074
325 0.103096 0.868517  0.0283872
4826 0.355066 0.209344  0.43559
3023 0.0543528 0.48659  0.459058
4981 0.283496 0.419468  0.297035
2158 0.330281 0.389458  0.280261
3363 0.0375083 0.414895  0.547597
2260 0.520798 0.140275  0.338927
2381 0.525167 0.187824  0.287008
4003 0.402158 0.231497  0.366344
734 0.158612 0.34237  0.499018
704 0.529462 0.214513  0.256026
2246 0.278 0.291487  0.430514
4763 0.154363 0.426368  0.41927
1694 0.302312 0.0232143  0.674474
3442 0.175632 0.184783  0.639585
563 0.416418 0.16824  0.415342
360 0.863052 0.0319346  0.105014
880 0.696782 0.201454  0.101763
3824 0.50974 0.0960828  0.394177
153 0.570702 0.159265  0.270033
2480 0.220615 0.389289  0.390096
3008 0.243119 0.235943  0.520937
2991 0.0562879 0.323448  0.620264
1084 0.378072 0.516528  0.1054
2795 0.390518 0.24996  0.359522
4409 0.573764 0.157089  0.269147
154 0.280462 0.0821215  0.637417
1537 0.239454 0.661983  0.0985636
3774 0.204247 0.446094  0.349659
881 0.674411 0.11229  0.213299
3457 0.17896 0.203465  0.617575
3491 0.320049 0.382942  0.29701
3018 0.394717 0.20041  0.404873
3477 0.0615607 0.358261  0.580178
320 0.343211 0.393838  0.262952
3025 0.255849 0.438513  0.305638
3900 0.0573889 0.521531  0.42108
4663 0.14901 0.469513  0.381477
720 0.354726 0.187353  0.457921
3995 0.389114 0.0133409  0.597545
2499 0.611643 0.118761  0.269596
317 0.500406 0.104388  0.395206
3923 0.636246 0.337854  0.0258996
1295 0.269081 0.0473323  0.683587
2511 0.150855 0.628437  0.220708
3147 0.635784 0.348082  0.0161344
3030 0.692971 0.0976614  0.209368
4393 0.624607 0.192185  0.183208
4717 0.33371 0.541005  0.125284
2473 0.510193 0.137468  0.352339
2887 0.570694 0.0347945  0.394512
3252 0.447398 0.44858  0.104022
2234 0.59612 0.166575  0.237305
861 0.506793 0.215585  0.277622
2517 0.58086 0.155798  0.263342
1832 0.315356 0.47502  0.209624
3472 0.318052 0.583852  0.0980954
1245 0.27397 0.389595  0.336436
4770 0.075276 0.429793  0.494931
4313 0.439204 0.116868  0.443928
3976 0.136992 0.324192  0.538817
3875 0.528278 0.358937  0.112785
1361 0.317253 0.480567  0.20218
2259 0.146524 0.328963  0.524513
157 0.591595 0.224557  0.183849
843 0.231921 0.592744  0.175336
3832 0.0854074 0.221591  0.693001
1870 0.764706 0.0503344  0.18496
861 0.41317 0.120959  0.465871
3907 0.382773 0.177404  0.439823
1828 0.292958 0.422886  0.284156
722 0.427373 0.410959  0.161668
4705 0.431299 0.187753  0.380948
2250 0.412061 0.318248  0.269691
1381 0.213412 0.259653  0.526935
777 0.42645 0.131253  0.442298
168 0.771428 0.152923  0.0756486
1832 0.0657004 0.451734  0.482566
1542 0.0383693 0.451964  0.509667
2280 0.532953 0.442803  0.0242446
3832 0.367286 0.426839  0.205876
1832 0.126358 0.692638  0.181004
3913 0.0191139 0.384795  0.596091
864 0.133996 0.318259  0.547745
856 0.360377 0.282402  0.357222
2991 0.36472 0.52648  0.1088
363 0.291838 0.171822  0.53634
271 0.248484 0.182065  0.569451
868 0.427647 0.0415693  0.530784
866 0.0310409 0.847386  0.121573
2884 0.331941 0.341216  0.326843
4005 0.373303 0.316949  0.309748
697 0.113257 0.532179  0.354564
4631 0.101694 0.336654  0.561652
3999 0.0157656 0.661231  0.323004
1903 0.0971166 0.432212  0.470672
3002 0.320046 0.3821  0.297855
4258 0.458023 0.100214  0.441762
428 0.251572 0.403029  0.345399
2510 0.450586 0.26697  0.282444
1384 0.386473 0.353984  0.259543
3988 0.186987 0.552976  0.260037
1348 0.26567 0.372973  0.361357
720 0.174268 0.435376  0.390356
911 0.161611 0.392241  0.446149
355 0.316513 0.438276  0.245211
1015 0.387593 0.0194347  0.592973
416 0.619737 0.174316  0.205946
4473 0.368381 0.143905  0.487714
3027 0.297963 0.381224  0.320812
1699 0.157181 0.621854  0.220965
353 0.471626 0.0598096  0.468564
723 0.29121 0.18486  0.52393
2990 0.394222 0.38836  0.217418
4251 0.251117 0.434795  0.314088
5100 0.234566 0.436747  0.328687
4006 0.269002 0.136757  0.59424
2272 0.286794 0.0410314  0.672175
3286 0.488441 0.383576  0.127983
703 0.357388 0.0312916  0.611321
2512 0.158931 0.105369  0.735699
2725 0.368421 0.468854  0.162725
449 0.239985 0.17129  0.588724
722 0.245817 0.477479  0.276704
3892 0.450189 0.246471  0.303341
3959 0.205196 0.546671  0.248133
365 0.321563 0.329582  0.348855
699 0.4343 0.359096  0.206604
1568 0.329028 0.165078  0.505894
153 0.632933 0.131411  0.235656
3474 0.462831 0.101412  0.435756
4151 0.395291 0.354476  0.250233
714 0.371751 0.394667  0.233582
2223 0.583498 0.23299  0.183512
963 0.421307 0.355342  0.223351
3465 0.481411 0.220763  0.297826
2234 0.103449 0.201756  0.694795
4225 0.328152 0.22288  0.448968
3471 0.126037 0.470065  0.403898
2282 0.454771 0.469405  0.0758243
4583 0.36638 0.371721  0.261899
2482 0.44403 0.449598  0.106372
4439 0.356124 0.341567  0.302309
2863 0.412893 0.181521  0.405586
2392 0.189974 0.452918  0.357107
3851 0.069112 0.461125  0.469763
1093 0.383001 0.295645  0.321353
4031 0.165097 0.802649  0.032254
670 0.434971 0.208876  0.356153
2426 0.320909 0.307016  0.372075
2361 0.223129 0.413322  0.363549
1726 0.320091 0.317642  0.362267
2566 0.502007 0.365042  0.132951
3280 0.494034 0.494158  0.011808
3363 0.18138 0.391323  0.427297
413 0.363388 0.331579  0.305033
3469 0.436987 0.133959  0.429054
641 0.130161 0.435268  0.434571
2584 0.188024 0.608346  0.20363
2979 0.0230407 0.438908  0.538051
124 0.264886 0.410357  0.324757
