5131 0.638521 0.234841  0.126637
1484 0.0422318 0.198515  0.759253
11140 0.187727 0.211727  0.600546
5015 0.178255 0.0621502  0.759595
2850 0.512928 0.181279  0.305793
11047 0.44416 0.548374  0.00746673
11724 0.143894 0.360396  0.49571
9571 0.282764 0.479261  0.237975
4883 0.541376 0.200295  0.25833
1018 0.314578 0.240601  0.444821
5990 0.644331 0.00847663  0.347192
10000 0.355527 0.261184  0.383289
9631 0.27952 0.614537  0.105943
9762 0.328615 0.581862  0.0895236
5678 0.198988 0.171202  0.62981
1160 0.0705934 0.472929  0.456477
2994 0.248099 0.464534  0.287367
11726 0.352117 0.362111  0.285772
7724 0.367277 0.247515  0.385208
3130 0.0463117 0.533387  0.420301
9467 0.206015 0.521994  0.27199
3727 0.161354 0.377816  0.46083
5061 0.390673 0.466737  0.14259
6107 0.336698 0.0850307  0.578271
4938 0.640179 0.341733  0.0180884
6227 0.418875 0.0510388  0.530087
3904 0.110998 0.472282  0.41672
895 0.163978 0.229853  0.606169
4146 0.248083 0.332099  0.419818
2685 0.298345 0.388816  0.312839
11762 0.436964 0.510749  0.0522869
7224 0.426071 0.372341  0.201589
4622 0.488828 0.174275  0.336897
11602 0.305829 0.271616  0.422555
5013 0.602877 0.204912  0.192212
3609 0.511565 0.292448  0.195987
6960 0.195489 0.341514  0.462998
744 0.395325 0.43959  0.165085
7299 0.458435 0.489778  0.0517866
7700 0.296361 0.547186  0.156453
10741 0.0481951 0.297715  0.654089
3062 0.457701 0.105078  0.437221
9162 0.263956 0.505733  0.230311
7084 0.538762 0.231763  0.229475
40 0.34289 0.265546  0.391564
4544 0.497092 0.152497  0.350411
3041 0.515826 0.0910702  0.393104
11298 0.117224 0.437291  0.445486
10285 0.431258 0.483028  0.0857143
5296 0.49919 0.483282  0.0175284
4694 0.504492 0.102215  0.393293
1534 0.46571 0.0902738  0.444016
2890 0.195293 0.418205  0.386502
1644 0.422168 0.174291  0.403541
8972 0.343938 0.0476588  0.608403
6201 0.247149 0.70467  0.0481814
10326 0.137587 0.421504  0.440909
3141 0.38551 0.0799485  0.534542
3874 0.0273232 0.387066  0.585611
2482 0.257178 0.657581  0.0852416
3968 0.356908 0.3843  0.258792
10393 0.565861 0.212804  0.221335
10000 0.35712 0.0778062  0.565074
7651 0.41807 0.165577  0.416353
4756 0.699791 0.1946  0.105609
10694 0.214594 0.0669749  0.718431
2071 0.266795 0.411916  0.321289
9439 0.581414 0.302549  0.116037
1148 0.389645 0.326538  0.283817
10802 0.765609 0.107584  0.126808
8350 0.665076 0.304709  0.0302153
6194 0.356984 0.244546  0.398469
7002 0.036587 0.409477  0.553936
11109 0.412155 0.226066  0.361779
4593 0.403989 0.382889  0.213123
7124 0.223523 0.215655  0.560822
2511 0.664528 0.314188  0.0212834
5475 0.46339 0.303662  0.232948
622 0.296295 0.406068  0.297637
806 0.476102 0.379482  0.144416
7637 0.243521 0.627822  0.128657
6174 0.677541 0.283192  0.0392674
5622 0.397468 0.552115  0.0504179
5579 0.29978 0.341503  0.358717
4148 0.448067 0.095474  0.456459
9940 0.423655 0.129703  0.446642
7020 0.19458 0.387096  0.418324
9347 0.0330323 0.708281  0.258687
9807 0.238418 0.185306  0.576276
9953 0.428053 0.318197  0.253751
8733 0.345172 0.263589  0.391239
425 0.0742346 0.185037  0.740728
113 0.0477586 0.551971  0.40027
1504 0.151015 0.195969  0.653015
547 0.375303 0.213319  0.411378
4901 0.225641 0.690335  0.0840236
2801 0.377453 0.158407  0.46414
4149 0.172278 0.501261  0.326462
11075 0.353892 0.586164  0.0599444
7305 0.345929 0.370909  0.283162
4987 0.323986 0.343657  0.332357
6686 0.136703 0.411316  0.451981
8866 0.186887 0.427736  0.385377
2642 0.244061 0.398971  0.356967
927 0.259454 0.308925  0.431622
10959 0.38733 0.299738  0.312932
6708 0.222722 0.324646  0.452632
6904 0.55956 0.211906  0.228534
1255 0.713447 0.193984  0.0925689
345 0.272576 0.323222  0.404202
7267 0.201044 0.335777  0.463179
8851 0.329985 0.289828  0.380187
7156 0.371709 0.126938  0.501353
3737 0.561475 0.120372  0.318152
1564 0.237081 0.131553  0.631366
11567 0.309772 0.438402  0.251826
7064 0.417061 0.461199  0.121741
1958 0.363699 0.15799  0.478311
8994 0.309443 0.267947  0.422609
11549 0.259825 0.292768  0.447407
6492 0.0185701 0.511921  0.469508
8916 0.279836 0.518675  0.201489
9605 0.252281 0.398556  0.349163
4270 0.365589 0.34654  0.287871
7993 0.120178 0.287018  0.592803
11619 0.161414 0.24824  0.590346
5978 0.551318 0.287549  0.161133
5466 0.29788 0.520087  0.182032
6565 0.39827 0.389396  0.212334
9134 0.124549 0.507589  0.367862
1371 0.479719 0.0102308  0.510051
2060 0.416698 0.174804  0.408499
10455 0.496441 0.0737328  0.429826
7166 0.144067 0.482276  0.373657
11555 0.352238 0.292601  0.355161
8188 0.415193 0.143055  0.441752
9397 0.465261 0.454247  0.0804922
805 0.281369 0.377829  0.340802
4617 0.573402 0.332145  0.0944525
2582 0.134447 0.485335  0.380218
6471 0.411941 0.188584  0.399474
11901 0.413851 0.404361  0.181788
606 0.0598439 0.641091  0.299065
614 0.598869 0.173146  0.227985
5756 0.252968 0.414119  0.332914
628 0.692941 0.136393  0.170666
9553 0.482409 0.14841  0.369181
5997 0.262577 0.628704  0.108718
717 0.0589111 0.677212  0.263877
5736 0.180002 0.180047  0.639951
915 0.0912112 0.459582  0.449207
6560 0.299146 0.286247  0.414608
257 0.37943 0.225565  0.395005
8704 0.310057 0.392862  0.297081
1970 0.0224367 0.304585  0.672979
6531 0.305836 0.296619  0.397545
7679 0.222118 0.295536  0.482347
3583 0.054688 0.177936  0.767376
10298 0.224293 0.454619  0.321089
10840 0.155656 0.268435  0.575909
7506 0.356043 0.53942  0.104537
8212 0.036423 0.0639761  0.899601
9969 0.271673 0.308859  0.419468
9211 0.328617 0.231188  0.440195
2891 0.133878 0.382654  0.483467
1633 0.354886 0.268445  0.37667
1185 0.217557 0.377432  0.405011
2528 0.3075 0.335027  0.357473
7548 0.391196 0.234289  0.374514
6615 0.0725577 0.36925  0.558193
8642 0.181289 0.383753  0.434958
4625 0.0668436 0.700983  0.232173
3411 0.431314 0.375686  0.193
4937 0.619035 0.298552  0.0824133
9516 0.0971896 0.739928  0.162882
5347 0.354991 0.507753  0.137255
6831 0.391991 0.448403  0.159607
3298 0.554689 0.425471  0.0198397
9302 0.346843 0.268783  0.384374
6603 0.414629 0.483376  0.101995
3095 0.471358 0.388875  0.139767
9971 0.195176 0.380996  0.423828
4899 0.200554 0.111624  0.687821
915 0.614697 0.0287927  0.356511
8212 0.518484 0.107536  0.373979
10824 0.0377364 0.336938  0.625326
7384 0.599163 0.232499  0.168338
9755 0.162005 0.415381  0.422614
1154 0.216526 0.399616  0.383858
5431 0.40368 0.333706  0.262614
4091 0.379405 0.371248  0.249347
8589 0.26287 0.410348  0.326782
1889 0.293086 0.378853  0.328061
2511 0.486773 0.212783  0.300444
4255 0.105943 0.129821  0.764236
9513 0.353731 0.469401  0.176868
8163 0.299694 0.402437  0.297869
2681 0.0228797 0.555098  0.422023
2528 0.367234 0.0441445  0.588622
10707 0.0940274 0.425974  0.479999
11906 0.404493 0.123801  0.471705
369 0.0287704 0.677861  0.293368
10827 0.350781 0.225896  0.423323
5320 0.359278 0.266519  0.374203
10542 0.350544 0.368405  0.28105
10692 0.319518 0.346006  0.334475
1615 0.348204 0.350241  0.301555
10071 0.35044 0.419087  0.230473
5429 0.457228 0.38927  0.153502
2131 0.480928 0.0656903  0.453382
1392 0.483251 0.238781  0.277968
4070 0.553398 0.0762306  0.370371
10171 0.290739 0.334485  0.374776
3193 0.293749 0.339506  0.366744
2279 0.525576 0.247433  0.22699
5133 0.401286 0.536458  0.0622557
2567 0.0756534 0.162408  0.761939
875 0.243494 0.359223  0.397282
9395 0.0182621 0.609276  0.372462
5417 0.543261 0.287495  0.169244
10357 0.345704 0.114554  0.539743
3647 0.231365 0.631509  0.137126
7746 0.249187 0.496982  0.253831
658 0.334991 0.539908  0.125101
1076 0.345842 0.276202  0.377956
2509 0.208321 0.273782  0.517897
2170 0.288454 0.334849  0.376697
1422 0.357423 0.484255  0.158322
3424 0.0907445 0.6729  0.236356
919 0.362351 0.414721  0.222928
4631 0.448975 0.184623  0.366402
8478 0.40624 0.155736  0.438025
4278 0.204469 0.131605  0.663926
421 0.499789 0.126762  0.373449
6976 0.467312 0.416979  0.115709
6215 0.325884 0.491541  0.182575
3200 0.246434 0.0758738  0.677693
8388 0.272207 0.125942  0.601851
2845 0.486317 0.0798427  0.43384
11013 0.487622 0.36795  0.144428
10119 0.3537 0.190242  0.456059
10317 0.341818 0.446909  0.211274
4631 0.538364 0.181532  0.280105
2471 0.444549 0.111326  0.444125
4514 0.741834 0.200884  0.0572825
3078 0.548514 0.0297141  0.421772
4314 0.241541 0.672691  0.0857674
896 0.363779 0.576746  0.0594754
4606 0.193737 0.297317  0.508946
995 0.472272 0.0331192  0.494608
63 0.246814 0.278026  0.47516
2927 0.23028 0.27435  0.495369
594 0.344998 0.374548  0.280454
8030 0.103376 0.357956  0.538668
6266 0.174101 0.268526  0.557373
6539 0.0917493 0.303892  0.604359
3994 0.581368 0.132233  0.286399
7002 0.33541 0.363168  0.301423
7515 0.144582 0.358994  0.496423
4559 0.243178 0.638604  0.118218
1047 0.354608 0.323799  0.321593
4699 0.622979 0.231795  0.145227
7082 0.396743 0.402089  0.201168
11508 0.489286 0.114213  0.396501
2244 0.194227 0.310337  0.495436
2591 0.0363989 0.471811  0.491791
6184 0.31584 0.311903  0.372257
9470 0.358285 0.341548  0.300167
9733 0.138711 0.335685  0.525603
2303 0.2878 0.104715  0.607486
9364 0.455242 0.21091  0.333848
5808 0.130616 0.355491  0.513893
3171 0.32259 0.204384  0.473026
6865 0.23511 0.0383647  0.726526
4563 0.474355 0.127186  0.398458
10245 0.377183 0.129726  0.493092
2581 0.0668537 0.388342  0.544805
9841 0.255493 0.508864  0.235643
1212 0.28911 0.290717  0.420172
5151 0.224079 0.362147  0.413774
9240 0.510958 0.0448031  0.444239
11995 0.214452 0.443176  0.342372
1390 0.408251 0.22045  0.371299
7387 0.658426 0.244856  0.0967174
621 0.59239 0.0405328  0.367077
5657 0.369957 0.225334  0.404709
9040 0.355439 0.407187  0.237375
5836 0.396231 0.428121  0.175648
6788 0.313136 0.127075  0.559789
6833 0.410032 0.476583  0.113385
7983 0.613942 0.187868  0.198191
2058 0.0949588 0.638394  0.266647
8284 0.229789 0.378887  0.391324
7008 0.289422 0.327387  0.383191
4943 0.0267595 0.379192  0.594048
5484 0.453582 0.466986  0.0794321
7549 0.192627 0.281566  0.525807
7779 0.47318 0.378958  0.147862
3334 0.587219 0.140877  0.271904
8751 0.439443 0.375263  0.185294
9689 0.52964 0.0961951  0.374165
502 0.64194 0.119494  0.238566
8745 0.260246 0.417053  0.322701
8875 0.253629 0.378562  0.367809
127 0.366866 0.229649  0.403484
1482 0.403112 0.383756  0.213132
11725 0.379599 0.208037  0.412364
7063 0.69494 0.260039  0.0450206
2212 0.298286 0.240646  0.461069
9943 0.279907 0.132315  0.587778
7640 0.463032 0.37882  0.158148
664 0.384875 0.242343  0.372781
6122 0.421924 0.0715522  0.506523
4729 0.678986 0.0168371  0.304177
2127 0.318075 0.473892  0.208033
11212 0.527681 0.379651  0.0926683
1895 0.302535 0.34475  0.352716
2033 0.0424329 0.943272  0.0142951
9198 0.518387 0.204586  0.277028
2521 0.410333 0.243708  0.345959
247 0.206875 0.60181  0.191315
381 0.30022 0.417634  0.282146
8918 0.315588 0.286524  0.397887
4701 0.394768 0.360742  0.24449
716 0.457488 0.533869  0.00864323
1278 0.287783 0.368346  0.343871
10661 0.0807346 0.450874  0.468391
10722 0.715106 0.16694  0.117954
3616 0.363469 0.52835  0.108181
492 0.300937 0.332828  0.366234
1371 0.0378785 0.27112  0.691001
5458 0.235792 0.320037  0.444171
5458 0.249662 0.468049  0.282289
5925 0.247565 0.230818  0.521617
2501 0.0215226 0.0422719  0.936205
5256 0.431828 0.112496  0.455677
8796 0.593942 0.368123  0.0379356
281 0.482925 0.0544668  0.462608
10259 0.596637 0.297118  0.106245
8794 0.266232 0.205893  0.527874
4865 0.463555 0.0376786  0.498767
4273 0.395422 0.412321  0.192257
11478 0.0798696 0.500871  0.41926
112 0.207574 0.29901  0.493417
2516 0.378497 0.396381  0.225122
9103 0.344326 0.0941395  0.561534
3264 0.361307 0.177032  0.461661
10289 0.138233 0.504209  0.357558
4836 0.149802 0.434633  0.415565
11055 0.330119 0.347178  0.322703
6318 0.511369 0.145613  0.343018
3840 0.453638 0.228373  0.317989
3020 0.285158 0.108098  0.606744
8721 0.142182 0.193213  0.664604
6031 0.606847 0.174736  0.218417
6141 0.257002 0.23518  0.507818
5090 0.55221 0.405984  0.0418053
8952 0.0232819 0.469088  0.50763
2250 0.10911 0.670728  0.220162
11762 0.38848 0.0581652  0.553355
2119 0.146474 0.46824  0.385285
1579 0.671775 0.093931  0.234294
8087 0.566197 0.392133  0.0416704
12016 0.620635 0.0557204  0.323645
7455 0.467168 0.0866052  0.446226
8316 0.0400824 0.0882322  0.871685
2954 0.398836 0.516737  0.0844274
4222 0.408599 0.502758  0.088643
3712 0.0864099 0.729243  0.184347
9998 0.432099 0.213706  0.354194
3809 0.249488 0.261836  0.488676
8906 0.495287 0.284035  0.220678
839 0.540498 0.438446  0.0210556
11608 0.539477 0.418847  0.0416757
8065 0.452498 0.285044  0.262458
721 0.448253 0.150408  0.40134
7187 0.33045 0.360224  0.309326
7161 0.18413 0.257417  0.558454
3770 0.192257 0.275713  0.53203
6530 0.190208 0.0708821  0.73891
4060 0.309544 0.338512  0.351943
10537 0.0289277 0.642124  0.328948
3601 0.384191 0.14601  0.469799
97 0.285117 0.352297  0.362586
11692 0.136173 0.295446  0.568381
6732 0.214722 0.42324  0.362038
7803 0.460183 0.131598  0.408219
10395 0.286051 0.554212  0.159737
11147 0.391563 0.277293  0.331144
9798 0.532026 0.328269  0.139706
6502 0.286875 0.463396  0.249729
10575 0.527143 0.40419  0.068667
2592 0.391521 0.551827  0.0566518
10597 0.675819 0.0356084  0.288572
9556 0.213096 0.400947  0.385957
5875 0.618817 0.33448  0.0467023
5827 0.303735 0.343327  0.352939
10915 0.229585 0.269079  0.501336
6276 0.440995 0.303077  0.255928
4915 0.152334 0.449368  0.398298
8417 0.481541 0.510207  0.00825168
4762 0.370505 0.31824  0.311255
1478 0.693015 0.133554  0.173431
7102 0.193407 0.0466638  0.759929
2848 0.573639 0.415749  0.0106122
10468 0.788576 0.164673  0.046751
9198 0.595798 0.0562921  0.34791
569 0.26526 0.39222  0.342521
4135 0.338946 0.285308  0.375746
10619 0.283525 0.415035  0.30144
9814 0.061085 0.789683  0.149232
194 0.476884 0.167397  0.355719
10058 0.0357658 0.879662  0.0845725
6160 0.294942 0.240891  0.464166
4880 0.555402 0.0832376  0.361361
3238 0.160666 0.2992  0.540134
8741 0.282288 0.0127616  0.70495
11589 0.160338 0.47639  0.363272
7266 0.0749813 0.305429  0.61959
10565 0.37248 0.61459  0.0129303
5140 0.224879 0.443527  0.331593
6422 0.485863 0.168395  0.345742
10824 0.146322 0.489696  0.363982
4651 0.169696 0.364582  0.465722
3043 0.469378 0.363876  0.166747
9072 0.348003 0.414198  0.237798
3616 0.330789 0.252812  0.416399
7020 0.473221 0.323742  0.203038
6002 0.405998 0.407228  0.186773
10529 0.271827 0.419665  0.308508
2012 0.234816 0.397311  0.367873
466 0.305171 0.202545  0.492284
6551 0.314588 0.311277  0.374135
2725 0.341217 0.138962  0.519821
1649 0.283701 0.0456433  0.670656
607 0.328262 0.168009  0.503729
7004 0.391827 0.505344  0.102829
3794 0.636405 0.0741441  0.289451
4124 0.432997 0.311696  0.255308
953 0.44198 0.480254  0.0777664
10760 0.171267 0.345007  0.483726
2295 0.279482 0.46917  0.251348
7307 0.324949 0.374997  0.300053
3918 0.148107 0.755368  0.0965244
9568 0.0326609 0.335148  0.632191
11041 0.276059 0.151933  0.572008
12027 0.458626 0.424149  0.117225
3386 0.598712 0.277439  0.123849
9416 0.112362 0.21998  0.667659
378 0.14046 0.377495  0.482045
4809 0.259918 0.367442  0.37264
5106 0.388124 0.51185  0.100026
4544 0.292164 0.50345  0.204387
3523 0.374124 0.144454  0.481422
8859 0.296318 0.295537  0.408144
3399 0.419173 0.256008  0.324819
9130 0.596651 0.231328  0.17202
578 0.320357 0.542652  0.136992
10238 0.543449 0.430576  0.0259748
7659 0.444204 0.133925  0.421872
524 0.30248 0.56953  0.127989
446 0.43352 0.147443  0.419037
6758 0.329282 0.438695  0.232023
5171 0.0724793 0.38987  0.537651
1635 0.231575 0.385564  0.382861
8195 0.108773 0.381869  0.509357
2582 0.319451 0.4309  0.249649
11206 0.317195 0.373244  0.309561
2400 0.46701 0.326838  0.206152
10896 0.341733 0.372729  0.285538
5929 0.085021 0.639277  0.275702
10831 0.279638 0.372815  0.347548
1662 0.0754991 0.868474  0.0560272
1250 0.0851331 0.353287  0.56158
9000 0.216536 0.196215  0.58725
11617 0.0441688 0.895091  0.0607398
160 0.372807 0.296681  0.330513
11697 0.437882 0.364649  0.197469
10332 0.21563 0.62658  0.15779
7401 0.418377 0.40397  0.177653
10183 0.543467 0.122461  0.334072
11389 0.384357 0.235172  0.38047
5068 0.613265 0.102043  0.284692
1052 0.361847 0.343749  0.294404
5857 0.0886237 0.410382  0.500994
10901 0.287629 0.370017  0.342354
10603 0.457434 0.355691  0.186875
6743 0.423901 0.259519  0.31658
6535 0.303426 0.553806  0.142768
2116 0.35706 0.341692  0.301249
6341 0.0960007 0.647231  0.256769
51 0.835005 0.057121  0.107874
2983 0.0219226 0.724228  0.25385
10518 0.20665 0.62126  0.17209
1208 0.109635 0.68353  0.206835
10298 0.457152 0.073481  0.469367
807 0.373609 0.159883  0.466508
2937 0.21533 0.12909  0.65558
11586 0.136938 0.610232  0.252831
4087 0.42404 0.403301  0.172659
4583 0.498507 0.111887  0.389605
8539 0.314262 0.132921  0.552817
11853 0.533469 0.143188  0.323343
581 0.227271 0.306528  0.466201
3949 0.101657 0.267516  0.630827
4943 0.406024 0.253099  0.340878
2130 0.242953 0.666641  0.0904066
105 0.213828 0.294823  0.491349
11367 0.442779 0.162891  0.39433
9055 0.224157 0.349422  0.426421
2063 0.49567 0.056488  0.447843
5829 0.407236 0.34806  0.244703
10495 0.263732 0.488916  0.247353
1605 0.45404 0.438023  0.107937
2080 0.16267 0.316993  0.520337
4880 0.488162 0.129251  0.382588
6813 0.538637 0.14009  0.321272
10219 0.0594348 0.522341  0.418224
2899 0.192466 0.307965  0.499569
8641 0.33018 0.471888  0.197932
8320 0.160043 0.347383  0.492574
10810 0.504151 0.0547383  0.441111
10341 0.415988 0.530968  0.053044
4466 0.212143 0.385664  0.402193
9784 0.0557202 0.551178  0.393102
920 0.507702 0.251316  0.240982
11972 0.587649 0.238797  0.173555
10426 0.0360258 0.563575  0.400399
1024 0.166305 0.243663  0.590032
11141 0.428627 0.123533  0.44784
5582 0.278717 0.35785  0.363432
828 0.197914 0.413927  0.38816
4854 0.203037 0.110424  0.686539
8705 0.564151 0.196673  0.239176
666 0.410664 0.166346  0.42299
3548 0.0102499 0.371621  0.618129
9369 0.659644 0.317022  0.0233339
4937 0.734145 0.14263  0.123225
7361 0.30879 0.531302  0.159908
6312 0.0706083 0.419152  0.510239
4999 0.353124 0.309563  0.337313
8808 0.502766 0.0541031  0.443131
4260 0.666551 0.131059  0.20239
1856 0.637656 0.174014  0.18833
10010 0.400669 0.421949  0.177382
8024 0.43105 0.113671  0.455278
822 0.20902 0.446935  0.344045
2003 0.370756 0.152881  0.476363
3449 0.138368 0.496134  0.365498
7708 0.617234 0.224879  0.157887
7992 0.336208 0.1826  0.481191
367 0.362446 0.535207  0.102347
2070 0.415118 0.0101922  0.57469
7336 0.424385 0.0647119  0.510903
4563 0.455293 0.464747  0.0799602
12097 0.503974 0.486024  0.0100019
8189 0.544472 0.365948  0.0895801
12046 0.407442 0.176229  0.416329
11988 0.162123 0.238863  0.599014
7989 0.457227 0.0954916  0.447281
10278 0.616864 0.21415  0.168986
4353 0.54909 0.141768  0.309143
2098 0.171327 0.37444  0.454233
9430 0.5954 0.282719  0.121881
3449 0.200223 0.353348  0.446429
538 0.149387 0.532513  0.318099
3320 0.439118 0.28377  0.277112
10013 0.537902 0.344149  0.117948
7229 0.181578 0.0269302  0.791492
2457 0.361856 0.378509  0.259635
2353 0.130475 0.458178  0.411347
9637 0.115822 0.56456  0.319618
6190 0.420387 0.331551  0.248062
1083 0.508892 0.37141  0.119698
9273 0.409113 0.0113055  0.579582
1050 0.526302 0.0659802  0.407717
5814 0.641138 0.287837  0.0710253
4999 0.409084 0.427725  0.163191
2799 0.411217 0.57498  0.0138035
8665 0.296208 0.495555  0.208238
12028 0.386478 0.372012  0.24151
722 0.0926633 0.54429  0.363047
6985 0.672432 0.19574  0.131828
10784 0.369886 0.550224  0.0798897
9312 0.217792 0.653154  0.129054
8149 0.52654 0.250621  0.222839
7346 0.289733 0.385344  0.324923
11873 0.323915 0.310168  0.365916
11526 0.511502 0.0927883  0.395709
9031 0.380687 0.226962  0.392351
2919 0.0748447 0.37912  0.546035
4018 0.172577 0.299041  0.528382
8156 0.104564 0.352682  0.542755
3355 0.674977 0.0303368  0.294686
7015 0.358967 0.247054  0.393978
3242 0.164494 0.415178  0.420328
7540 0.218211 0.465712  0.316078
2614 0.409424 0.337118  0.253459
2974 0.869792 0.0926206  0.0375879
5901 0.0774284 0.7265  0.196071
7482 0.159397 0.394925  0.445679
11739 0.397095 0.305281  0.297624
4951 0.257035 0.346913  0.396052
6777 0.117583 0.44517  0.437247
3242 0.319408 0.387184  0.293408
403 0.00944213 0.523364  0.467194
5925 0.409458 0.317492  0.273049
3723 0.629025 0.0526786  0.318296
2558 0.405078 0.459345  0.135577
5499 0.282842 0.337946  0.379212
2973 0.285547 0.181931  0.532522
2372 0.148672 0.530003  0.321325
5027 0.320408 0.190945  0.488647
5612 0.17246 0.351486  0.476054
11461 0.223845 0.438468  0.337687
180 0.527789 0.218049  0.254163
8962 0.549736 0.191378  0.258886
8057 0.0450667 0.310405  0.644528
7982 0.277631 0.412291  0.310077
6861 0.459601 0.480896  0.0595025
7049 0.225301 0.470943  0.303756
7252 0.210638 0.371939  0.417423
549 0.16236 0.454412  0.383228
1980 0.14268 0.274869  0.582451
4670 0.480068 0.397124  0.122808
8038 0.343177 0.273038  0.383785
723 0.280416 0.0552507  0.664334
10731 0.341838 0.561636  0.0965253
3201 0.208824 0.217015  0.574161
5486 0.499738 0.251465  0.248797
4887 0.0501222 0.301488  0.64839
2433 0.424448 0.421821  0.153731
426 0.284721 0.485779  0.229501
2763 0.309042 0.181439  0.509519
9543 0.398446 0.347751  0.253803
4863 0.568566 0.217586  0.213848
6093 0.030236 0.602636  0.367128
11829 0.374032 0.0392656  0.586702
2517 0.0610583 0.39186  0.547082
8000 0.460517 0.369661  0.169822
8851 0.834226 0.0330618  0.132713
3169 0.237767 0.415098  0.347135
11761 0.381271 0.270388  0.348341
10748 0.386169 0.45554  0.158291
6589 0.509694 0.0704882  0.419817
367 0.205341 0.38298  0.41168
10905 0.508255 0.153281  0.338464
9315 0.108732 0.494362  0.396907
8234 0.492052 0.0878277  0.42012
7850 0.606265 0.180348  0.213387
1634 0.267495 0.201078  0.531427
5370 0.157974 0.601418  0.240609
2357 0.572887 0.311969  0.115144
2905 0.34444 0.256283  0.399277
7185 0.235516 0.293121  0.471363
10474 0.313923 0.52251  0.163567
793 0.422307 0.407911  0.169781
459 0.233288 0.481559  0.285153
7724 0.589562 0.0125274  0.397911
7701 0.561738 0.404177  0.0340849
2910 0.633336 0.141168  0.225495
11748 0.212861 0.568349  0.21879
9901 0.270103 0.474575  0.255322
1285 0.553429 0.142275  0.304295
3153 0.0206525 0.472343  0.507005
2062 0.383788 0.384239  0.231972
8081 0.231936 0.269681  0.498383
11227 0.101075 0.251793  0.647131
6877 0.0647403 0.290718  0.644542
11134 0.239394 0.0164644  0.744141
10588 0.355719 0.222344  0.421937
572 0.30944 0.381731  0.308829
10796 0.375257 0.509262  0.115481
369 0.363107 0.157932  0.478961
3234 0.315359 0.304014  0.380628
4945 0.210531 0.388134  0.401334
4059 0.558437 0.0685304  0.373033
449 0.40279 0.163543  0.433667
7354 0.743479 0.142821  0.1137
5075 0.396644 0.330548  0.272808
3206 0.567332 0.340581  0.092087
5575 0.0267508 0.912002  0.0612468
10642 0.155017 0.441168  0.403816
11953 0.245647 0.406955  0.347398
10135 0.664333 0.242838  0.0928287
629 0.352187 0.576646  0.0711674
9815 0.13482 0.394578  0.470602
10709 0.564081 0.230317  0.205602
10008 0.403987 0.36556  0.230453
9936 0.481326 0.121275  0.397399
9070 0.320394 0.196743  0.482863
7140 0.0475729 0.303088  0.649339
5009 0.0160153 0.330173  0.653811
2484 0.745447 0.147183  0.10737
11221 0.0664397 0.247059  0.686501
11376 0.0732479 0.292339  0.634413
8634 0.776963 0.128891  0.0941458
10708 0.514623 0.0924773  0.3929
588 0.507732 0.405506  0.0867615
880 0.0184226 0.154044  0.827534
1952 0.589078 0.0891915  0.321731
8199 0.430991 0.145301  0.423708
6375 0.0561723 0.471498  0.47233
9753 0.431443 0.389414  0.179143
5886 0.499079 0.266145  0.234775
11172 0.51131 0.2571  0.23159
10604 0.251301 0.148592  0.600107
1052 0.384448 0.369218  0.246333
6401 0.460285 0.257784  0.281931
2293 0.394941 0.0842637  0.520795
284 0.187901 0.71919  0.0929084
5656 0.586944 0.0780509  0.335005
816 0.763457 0.0364546  0.200088
433 0.22549 0.272762  0.501748
8696 0.460223 0.202807  0.33697
6499 0.322058 0.0840757  0.593867
9320 0.202889 0.409328  0.387783
4367 0.388987 0.225176  0.385837
862 0.457274 0.314381  0.228345
8602 0.085038 0.484322  0.43064
6758 0.268177 0.336041  0.395782
6246 0.333452 0.361016  0.305532
570 0.574479 0.158738  0.266782
1533 0.301142 0.361005  0.337853
3932 0.129347 0.392984  0.477669
2161 0.374656 0.368925  0.256418
4690 0.509493 0.406806  0.0837007
2848 0.591384 0.0588611  0.349755
6201 0.68944 0.261706  0.0488536
7875 0.551685 0.0206075  0.427708
3982 0.577523 0.196527  0.22595
5403 0.153173 0.405528  0.4413
823 0.39914 0.19093  0.40993
2182 0.305466 0.326271  0.368263
1598 0.409406 0.077122  0.513472
10681 0.370351 0.169916  0.459733
485 0.448342 0.472917  0.0787409
4686 0.617873 0.208629  0.173499
740 0.494706 0.329346  0.175948
2076 0.313097 0.324345  0.362558
5014 0.538766 0.108469  0.352765
10597 0.323223 0.335035  0.341742
8252 0.289884 0.442791  0.267325
10586 0.0942095 0.108175  0.797616
3347 0.390207 0.232965  0.376828
7256 0.454326 0.0369494  0.508724
3486 0.404056 0.546698  0.0492466
9053 0.482636 0.226158  0.291206
3146 0.144732 0.493913  0.361355
9434 0.388877 0.161099  0.450024
932 0.428349 0.224589  0.347063
1419 0.34987 0.332758  0.317372
10043 0.434989 0.154258  0.410753
1113 0.1172 0.422672  0.460128
2385 0.0942168 0.124259  0.781524
2373 0.774589 0.0607718  0.164639
11833 0.414351 0.298363  0.287285
8660 0.157165 0.0646922  0.778143
10035 0.105218 0.440746  0.454037
8557 0.425973 0.081052  0.492975
4691 0.306733 0.343846  0.349421
2965 0.374396 0.399071  0.226533
1156 0.217833 0.27665  0.505517
6422 0.0362001 0.383871  0.579929
9 0.472354 0.22402  0.303625
9332 0.221328 0.395369  0.383304
3230 0.277458 0.300778  0.421764
2361 0.724134 0.204536  0.0713303
6262 0.106861 0.627937  0.265201
5337 0.53084 0.154979  0.314181
6543 0.205442 0.387869  0.406689
1616 0.242651 0.0621544  0.695195
7644 0.675255 0.237385  0.0873598
4996 0.350939 0.614477  0.0345837
5489 0.209761 0.620582  0.169657
3986 0.422892 0.425325  0.151783
6609 0.483209 0.119206  0.397584
373 0.154777 0.464684  0.380539
10225 0.0346308 0.34089  0.624479
9279 0.594412 0.0884804  0.317107
4722 0.572137 0.295246  0.132617
4814 0.348075 0.624596  0.0273292
6511 0.408508 0.45017  0.141322
5777 0.428754 0.299111  0.272135
6014 0.187781 0.639984  0.172236
2157 0.2903 0.413326  0.296374
7485 0.215604 0.493024  0.291372
7558 0.224838 0.406017  0.369144
6777 0.329014 0.438203  0.232783
8893 0.214714 0.50552  0.279766
6856 0.29744 0.508353  0.194207
4880 0.565929 0.0718787  0.362193
4283 0.0576304 0.56063  0.38174
2744 0.168115 0.545799  0.286086
10898 0.313609 0.4684  0.217991
53 0.339568 0.53758  0.122852
3518 0.235013 0.574366  0.190622
5031 0.110911 0.257916  0.631173
12012 0.395956 0.337191  0.266854
10818 0.128357 0.138958  0.732685
2395 0.443927 0.2256  0.330473
11211 0.314185 0.272887  0.412928
1926 0.577149 0.31624  0.106612
11672 0.614677 0.287876  0.0974471
11047 0.0452338 0.479186  0.47558
4999 0.641243 0.192272  0.166484
4610 0.320273 0.261343  0.418385
7757 0.0413416 0.0732039  0.885455
8843 0.19682 0.383578  0.419602
1220 0.364114 0.249157  0.38673
11146 0.21717 0.292475  0.490354
7259 0.135242 0.349906  0.514852
9329 0.427085 0.403766  0.169149
2323 0.423945 0.151368  0.424687
111 0.393656 0.433403  0.172941
281 0.0670203 0.371505  0.561474
8097 0.417578 0.392427  0.189995
4516 0.0955429 0.508385  0.396072
3209 0.430919 0.325178  0.243903
4414 0.285076 0.423524  0.2914
3857 0.160512 0.669749  0.169739
6572 0.272064 0.347984  0.379952
6249 0.332206 0.507544  0.160251
1418 0.124155 0.374502  0.501343
6634 0.165433 0.535029  0.299539
2050 0.143808 0.348661  0.507531
256 0.282775 0.50126  0.215965
22 0.514314 0.267819  0.217868
9723 0.369824 0.304892  0.325284
1190 0.225694 0.608606  0.1657
6495 0.195667 0.248964  0.555369
7185 0.51368 0.119083  0.367237
4598 0.324477 0.447455  0.228068
9435 0.107368 0.479411  0.413221
8616 0.38636 0.48624  0.1274
5161 0.244472 0.545227  0.210301
11038 0.686248 0.153429  0.160323
11916 0.378025 0.384952  0.237023
4693 0.440362 0.241989  0.317648
10505 0.306755 0.333053  0.360191
8089 0.311237 0.57639  0.112373
9640 0.409989 0.131703  0.458308
2917 0.225642 0.365174  0.409184
4361 0.0945507 0.671316  0.234133
4075 0.122396 0.613674  0.263931
2210 0.551374 0.177605  0.27102
7734 0.413613 0.327635  0.258751
1196 0.0703143 0.849789  0.0798964
3764 0.226782 0.388006  0.385212
6676 0.222005 0.436011  0.341984
5773 0.0468629 0.498211  0.454926
10294 0.50211 0.188634  0.309256
3232 0.108363 0.226281  0.665356
1748 0.314195 0.331317  0.354488
10437 0.409594 0.243451  0.346954
6872 0.439108 0.215995  0.344897
12044 0.25785 0.421847  0.320302
11919 0.253584 0.432386  0.31403
3489 0.0453123 0.62291  0.331777
5053 0.443852 0.379136  0.177012
6508 0.206944 0.138148  0.654908
70 0.552577 0.370146  0.0772768
2267 0.0696922 0.395832  0.534476
8963 0.0663668 0.688689  0.244944
2661 0.431239 0.400476  0.168286
4108 0.277499 0.613266  0.109235
8600 0.487656 0.207581  0.304763
4651 0.0319655 0.629453  0.338582
11582 0.32222 0.539095  0.138685
386 0.497244 0.131287  0.371469
1330 0.181705 0.481757  0.336538
8594 0.55479 0.0390646  0.406145
40 0.17979 0.558827  0.261383
6119 0.64085 0.155354  0.203795
5556 0.433961 0.338255  0.227784
6746 0.320138 0.617804  0.0620583
2576 0.345505 0.518146  0.136349
9641 0.384889 0.498628  0.116483
11998 0.232102 0.254665  0.513233
6348 0.245669 0.65979  0.0945411
2335 0.194561 0.458554  0.346885
1390 0.384671 0.150493  0.464836
8159 0.276078 0.361753  0.36217
1862 0.260604 0.375325  0.36407
12088 0.488662 0.0970682  0.41427
5401 0.296982 0.286811  0.416207
10436 0.669359 0.121486  0.209156
9091 0.34849 0.46801  0.183499
4406 0.500073 0.392179  0.107747
2203 0.19702 0.321769  0.481211
10612 0.33782 0.036568  0.625612
2385 0.301472 0.17106  0.527467
7420 0.26266 0.427626  0.309713
10084 0.294799 0.430459  0.274742
11900 0.340444 0.174422  0.485134
9767 0.479313 0.182335  0.338351
5710 0.220133 0.43373  0.346137
8087 0.509334 0.0438261  0.44684
2212 0.632823 0.210525  0.156652
382 0.342203 0.316403  0.341393
10224 0.450008 0.0395201  0.510471
6796 0.222391 0.400409  0.3772
8095 0.475461 0.208868  0.315671
9148 0.235822 0.409531  0.354647
11232 0.0630122 0.188621  0.748367
5321 0.459475 0.104304  0.436222
11097 0.349272 0.337627  0.313101
4338 0.109071 0.678855  0.212075
4578 0.404693 0.200414  0.394893
893 0.215499 0.358383  0.426118
9745 0.41934 0.0812335  0.499426
9754 0.290355 0.472448  0.237197
6295 0.241269 0.561462  0.197269
3322 0.390459 0.190803  0.418738
1940 0.742345 0.214168  0.0434868
4900 0.0209492 0.237834  0.741217
5144 0.355047 0.235298  0.409655
7566 0.329999 0.177072  0.492929
8112 0.322266 0.347617  0.330117
1687 0.562751 0.374623  0.0626261
10019 0.4952 0.295903  0.208897
2179 0.866911 0.104468  0.0286211
11839 0.0633522 0.444815  0.491833
6797 0.371874 0.582328  0.0457986
10516 0.394301 0.207889  0.39781
919 0.450233 0.309571  0.240196
6352 0.434737 0.148599  0.416664
7639 0.417947 0.122477  0.459577
3534 0.0733774 0.512629  0.413993
8758 0.360094 0.224534  0.415372
5473 0.120398 0.396594  0.483008
2244 0.350682 0.136757  0.512561
7190 0.225338 0.532434  0.242227
11740 0.114702 0.516315  0.368983
5072 0.197232 0.474763  0.328005
9070 0.477664 0.311914  0.210423
11769 0.33579 0.371602  0.292607
9790 0.543896 0.106422  0.349682
4889 0.468393 0.0864867  0.44512
10879 0.523074 0.0237253  0.453201
6335 0.440951 0.274042  0.285006
761 0.0758842 0.437799  0.486317
9146 0.879641 0.0953646  0.0249947
4862 0.546187 0.133074  0.32074
10156 0.322357 0.378637  0.299006
4446 0.0862092 0.416599  0.497192
11628 0.429647 0.293252  0.277101
11885 0.135271 0.495234  0.369495
7913 0.446054 0.0441699  0.509776
3754 0.734079 0.144201  0.12172
1007 0.41694 0.314169  0.268891
833 0.754356 0.041371  0.204273
8789 0.29454 0.213126  0.492334
6644 0.347308 0.330332  0.32236
8731 0.351609 0.259379  0.389012
4310 0.394217 0.244224  0.361558
9186 0.706539 0.0399273  0.253534
4244 0.134859 0.367856  0.497286
9672 0.422183 0.0272219  0.550595
8314 0.201048 0.45656  0.342392
340 0.319698 0.0736346  0.606668
8956 0.648378 0.171436  0.180187
11103 0.165705 0.259479  0.574817
7362 0.117256 0.556909  0.325835
3296 0.44411 0.0793738  0.476516
3049 0.212851 0.2441  0.543049
9838 0.390034 0.28183  0.328136
10767 0.327319 0.390158  0.282523
9686 0.368334 0.184837  0.446829
1110 0.455049 0.376901  0.16805
496 0.387522 0.260738  0.351741
6187 0.0852898 0.0994277  0.815283
9837 0.43311 0.337356  0.229534
11938 0.038468 0.581213  0.380319
3180 0.641306 0.116657  0.242037
1286 0.111383 0.382827  0.50579
8620 0.356172 0.268925  0.374903
994 0.851918 0.111678  0.0364037
6280 0.291519 0.475044  0.233437
9787 0.13369 0.321911  0.544399
7849 0.507268 0.121023  0.37171
36 0.74189 0.0723136  0.185796
4220 0.284082 0.339374  0.376544
11529 0.524011 0.0154746  0.460515
5404 0.0339236 0.153376  0.8127
3862 0.149407 0.517593  0.333001
10452 0.398289 0.436191  0.165521
3405 0.173261 0.724053  0.102686
970 0.125639 0.286169  0.588191
7210 0.432438 0.194403  0.373158
10437 0.345932 0.373644  0.280423
4124 0.732944 0.0329342  0.234122
11466 0.253705 0.414514  0.33178
5447 0.221439 0.636891  0.14167
9560 0.4773 0.10616  0.416541
2629 0.325437 0.33472  0.339843
9253 0.362814 0.5055  0.131686
4757 0.211913 0.375107  0.412981
609 0.301622 0.363448  0.33493
1215 0.0865291 0.455173  0.458298
11535 0.460462 0.11482  0.424718
5263 0.569249 0.267418  0.163333
11469 0.295979 0.299237  0.404784
1195 0.128118 0.433331  0.438551
7582 0.121169 0.535827  0.343004
6780 0.17582 0.488655  0.335525
3548 0.172687 0.461501  0.365811
2691 0.470445 0.429098  0.100457
7071 0.291773 0.469095  0.239131
9703 0.286209 0.118799  0.594992
6724 0.267988 0.0203171  0.711695
7804 0.46887 0.370691  0.160439
1126 0.337951 0.193972  0.468077
2349 0.200523 0.739761  0.0597151
11020 0.399533 0.0431811  0.557286
6503 0.250817 0.439563  0.30962
2339 0.416042 0.524319  0.0596383
3098 0.466309 0.32404  0.209651
7208 0.110424 0.641042  0.248535
2583 0.448284 0.310889  0.240826
9920 0.163768 0.727906  0.108326
4700 0.401956 0.534949  0.0630953
8733 0.288813 0.262468  0.44872
2164 0.102174 0.413232  0.484595
964 0.09114 0.483937  0.424923
5218 0.249954 0.694612  0.0554336
11389 0.108304 0.400587  0.49111
5404 0.399742 0.21161  0.388648
5752 0.690015 0.123352  0.186633
6628 0.468172 0.27295  0.258878
143 0.0155265 0.626077  0.358396
4092 0.487752 0.257358  0.25489
8343 0.498478 0.311356  0.190166
9939 0.24201 0.399919  0.35807
871 0.427031 0.365182  0.207786
3925 0.240348 0.54498  0.214672
4991 0.266428 0.466201  0.26737
3874 0.22304 0.289159  0.487801
1017 0.0339921 0.554171  0.411836
10900 0.376171 0.0986899  0.52514
6468 0.547166 0.232684  0.220151
9735 0.259799 0.034638  0.705563
9732 0.383766 0.109647  0.506587
4593 0.352886 0.0353489  0.611765
2068 0.818406 0.0657777  0.115816
9604 0.850203 0.121013  0.0287846
2240 0.0565903 0.343663  0.599747
3273 0.646451 0.2853  0.068249
8503 0.438193 0.107515  0.454292
1622 0.20092 0.585056  0.214024
4155 0.453217 0.152863  0.39392
5318 0.402038 0.209328  0.388635
9816 0.652598 0.0952854  0.252117
3083 0.191334 0.542246  0.26642
715 0.3068 0.608596  0.0846041
2727 0.16321 0.503908  0.332882
48 0.494475 0.252576  0.252949
3650 0.365582 0.408636  0.225782
7997 0.0850084 0.447353  0.467638
5701 0.342944 0.0433618  0.613695
3142 0.623969 0.150949  0.225082
4681 0.190268 0.603637  0.206095
11010 0.248109 0.042859  0.709033
10178 0.282297 0.312149  0.405554
8633 0.787622 0.173804  0.038574
4236 0.00641462 0.479111  0.514475
180 0.305071 0.485413  0.209515
11547 0.522014 0.050926  0.42706
5268 0.111781 0.56557  0.322649
10409 0.208566 0.253085  0.538349
11625 0.211607 0.66007  0.128323
4516 0.222367 0.158451  0.619182
494 0.218457 0.198173  0.583369
7655 0.193239 0.613875  0.192886
9306 0.496201 0.0331452  0.470653
3702 0.418014 0.238265  0.343721
3408 0.184128 0.587988  0.227884
3409 0.496255 0.405639  0.0981055
4939 0.456122 0.357042  0.186837
6232 0.334729 0.581499  0.0837722
855 0.177197 0.262489  0.560314
220 0.149704 0.223588  0.626708
6387 0.351965 0.142685  0.50535
12080 0.313057 0.0566252  0.630318
7760 0.53904 0.118973  0.341987
11194 0.21912 0.231805  0.549075
592 0.525603 0.119309  0.355088
3381 0.16786 0.354738  0.477402
6510 0.597393 0.0128342  0.389773
829 0.492023 0.226054  0.281923
4991 0.342146 0.216279  0.441575
6014 0.122829 0.582986  0.294185
927 0.316772 0.510228  0.172999
4189 0.363358 0.494585  0.142057
1693 0.43234 0.401756  0.165904
4646 0.599558 0.282034  0.118408
11832 0.651181 0.0558312  0.292988
7741 0.525596 0.382984  0.0914198
8539 0.416098 0.429297  0.154605
824 0.581397 0.19654  0.222063
6487 0.280018 0.393169  0.326814
788 0.120566 0.755939  0.123494
1068 0.319639 0.573665  0.106695
3829 0.432662 0.39856  0.168779
9332 0.409419 0.573225  0.0173558
3868 0.436962 0.439504  0.123534
6870 0.118191 0.25839  0.623418
4733 0.441928 0.340168  0.217905
11074 0.391087 0.593516  0.0153972
1674 0.0349024 0.604695  0.360403
4284 0.269838 0.469133  0.261029
10268 0.268173 0.201472  0.530355
6889 0.371518 0.261307  0.367175
6551 0.265443 0.37871  0.355847
4088 0.333725 0.290445  0.37583
10809 0.608868 0.270212  0.12092
4478 0.331347 0.493328  0.175325
6937 0.205597 0.69318  0.101222
1043 0.488485 0.241065  0.270451
2208 0.40918 0.146854  0.443966
7851 0.371829 0.37602  0.252151
4500 0.405154 0.045642  0.549204
8127 0.065137 0.714551  0.220312
757 0.324672 0.277709  0.397619
10126 0.100785 0.610152  0.289064
11311 0.408155 0.178321  0.413524
726 0.344778 0.198928  0.456294
8101 0.266083 0.192619  0.541298
5616 0.47056 0.486165  0.0432752
11481 0.162469 0.678953  0.158578
3290 0.342679 0.330403  0.326919
5374 0.492832 0.177315  0.329852
11407 0.304933 0.211854  0.483212
6393 0.294263 0.522157  0.18358
3875 0.422554 0.107747  0.469699
715 0.28378 0.192878  0.523342
4246 0.206389 0.389059  0.404553
8728 0.29748 0.570971  0.131549
8656 0.51538 0.417927  0.0666927
6607 0.383647 0.38029  0.236064
3725 0.554368 0.296999  0.148633
11727 0.348902 0.352088  0.29901
1664 0.248991 0.372653  0.378356
3751 0.521528 0.161693  0.316779
4307 0.0088671 0.370078  0.621054
2763 0.740063 0.224617  0.0353196
6472 0.590943 0.10659  0.302467
5114 0.0832925 0.506803  0.409905
4117 0.402662 0.326369  0.270968
2488 0.474147 0.396406  0.129447
7703 0.197171 0.380196  0.422633
748 0.292802 0.462582  0.244616
1267 0.287752 0.461059  0.251189
9670 0.396861 0.230427  0.372712
7538 0.314781 0.293996  0.391223
3584 0.451728 0.347904  0.200369
1413 0.0340198 0.468136  0.497844
11706 0.164158 0.531646  0.304197
9128 0.0817686 0.444231  0.474
5626 0.460275 0.243296  0.296429
11958 0.638846 0.310588  0.0505664
6850 0.419733 0.394141  0.186126
10068 0.362779 0.0861928  0.551028
9193 0.0423866 0.561498  0.396115
235 0.30349 0.147173  0.549336
8587 0.232769 0.190872  0.576359
11129 0.349046 0.261126  0.389828
10702 0.0417099 0.889908  0.068382
2547 0.36998 0.368598  0.261423
8413 0.583876 0.0738372  0.342287
9821 0.39358 0.290189  0.316231
11502 0.44232 0.370599  0.187081
4708 0.213426 0.346898  0.439676
10706 0.807329 0.17565  0.0170212
11972 0.243385 0.476074  0.280541
9744 0.23524 0.0452775  0.719483
3541 0.555906 0.203825  0.240268
8723 0.552256 0.0379219  0.409822
2634 0.384253 0.576612  0.0391352
5708 0.163916 0.431826  0.404257
11226 0.553289 0.379668  0.0670431
10146 0.511123 0.116873  0.372004
11336 0.169673 0.794398  0.0359286
8239 0.572785 0.07304  0.354175
4540 0.0391062 0.425338  0.535556
1167 0.484352 0.404304  0.111344
216 0.255497 0.496469  0.248034
2767 0.178143 0.266251  0.555606
632 0.14385 0.520149  0.336001
11034 0.0438504 0.590694  0.365455
9544 0.0977529 0.780885  0.121362
271 0.596237 0.143009  0.260754
11068 0.393076 0.315164  0.29176
897 0.332986 0.559496  0.107518
1856 0.551973 0.0279921  0.420035
10500 0.154859 0.385771  0.45937
1013 0.58407 0.0875859  0.328344
2841 0.458268 0.406575  0.135157
3753 0.425495 0.469857  0.104647
3478 0.424339 0.410123  0.165537
3230 0.322785 0.306613  0.370602
5910 0.270382 0.205793  0.523824
4934 0.0840316 0.152903  0.763066
3262 0.378069 0.122508  0.499422
4906 0.364121 0.465063  0.170816
9112 0.119892 0.43456  0.445547
475 0.134009 0.50132  0.364671
2257 0.463152 0.52299  0.0138573
9079 0.388991 0.530244  0.0807642
675 0.316769 0.424457  0.258774
7474 0.127591 0.812678  0.0597305
