8598 0.182433 0.350588  0.466979
2047 0.437502 0.0245778  0.537921
6849 0.519136 0.327964  0.1529
4196 0.444172 0.203375  0.352453
1129 0.407676 0.230749  0.361575
5432 0.243776 0.53702  0.219204
2992 0.360405 0.443412  0.196183
5481 0.665982 0.229367  0.10465
9210 0.391762 0.122116  0.486121
4861 0.272375 0.375213  0.352412
4290 0.230954 0.328245  0.440801
393 0.152266 0.626093  0.22164
5356 0.438967 0.0347123  0.52632
7173 0.268276 0.555316  0.176408
6521 0.599167 0.312709  0.0881243
9695 0.245976 0.56348  0.190545
1859 0.273954 0.345629  0.380417
2078 0.778001 0.16798  0.0540196
2837 0.0474021 0.421405  0.531193
172 0.0980901 0.27236  0.62955
1460 0.017961 0.547292  0.434747
1571 0.698892 0.107938  0.19317
3256 0.357239 0.0411394  0.601622
8232 0.491941 0.374207  0.133853
7490 0.0922331 0.534817  0.37295
2066 0.141567 0.259628  0.598805
7739 0.480938 0.348985  0.170077
6482 0.291217 0.580996  0.127787
4671 0.214308 0.272818  0.512874
4363 0.12484 0.142514  0.732646
7511 0.362428 0.258531  0.379042
4833 0.522606 0.450456  0.026938
2973 0.120789 0.58843  0.290781
2828 0.384065 0.0394905  0.576445
7770 0.362454 0.260409  0.377138
4755 0.474018 0.096621  0.429361
4892 0.626423 0.0367412  0.336836
4628 0.439058 0.014365  0.546577
2148 0.111487 0.354795  0.533718
3974 0.356291 0.159813  0.483896
1695 0.0648704 0.571794  0.363335
5137 0.216692 0.072782  0.710526
6709 0.187954 0.749838  0.0622071
986 0.157501 0.15231  0.690189
1530 0.35642 0.371009  0.272571
6025 0.366259 0.392242  0.241499
9050 0.0209717 0.504852  0.474176
6014 0.194581 0.192742  0.612677
4491 0.291775 0.407427  0.300798
5048 0.0724016 0.151245  0.776354
5247 0.494386 0.46017  0.0454439
1664 0.45032 0.410666  0.139013
9905 0.580546 0.366735  0.0527195
1764 0.555706 0.216667  0.227627
4114 0.267019 0.531134  0.201847
3331 0.05306 0.625079  0.321861
3859 0.386939 0.354167  0.258894
1125 0.475407 0.169453  0.35514
8660 0.15623 0.322647  0.521123
9389 0.117028 0.446627  0.436345
3856 0.35305 0.255196  0.391753
5178 0.196631 0.265408  0.537962
7876 0.198576 0.382966  0.418458
5471 0.455691 0.502009  0.0423001
6293 0.311653 0.517294  0.171053
672 0.293848 0.307176  0.398977
3494 0.283882 0.36793  0.348188
8033 0.513586 0.106405  0.38001
1295 0.401853 0.200667  0.397479
3570 0.356991 0.0757458  0.567263
257 0.264458 0.595627  0.139915
7030 0.325264 0.378656  0.29608
9281 0.113802 0.470953  0.415245
756 0.341112 0.491467  0.167421
9493 0.713648 0.124048  0.162303
5357 0.406722 0.185584  0.407694
2611 0.148447 0.572436  0.279117
7255 0.279194 0.682766  0.0380404
606 0.36685 0.495526  0.137624
4178 0.334088 0.281579  0.384333
6392 0.502333 0.369405  0.128262
8721 0.260475 0.325501  0.414024
1814 0.11859 0.236067  0.645343
3763 0.166359 0.300061  0.533579
3797 0.590329 0.347234  0.062437
2327 0.49904 0.0113681  0.489592
3416 0.247459 0.641965  0.110576
3739 0.425209 0.347732  0.227059
6994 0.590153 0.153722  0.256125
7141 0.367013 0.362046  0.27094
8725 0.186519 0.448538  0.364943
9324 0.246748 0.388051  0.365201
3740 0.203616 0.329381  0.467004
8693 0.116862 0.331831  0.551307
9673 0.304345 0.207994  0.487662
984 0.194332 0.387014  0.418654
3922 0.104964 0.415201  0.479835
7036 0.30926 0.584689  0.106051
8463 0.757168 0.0807929  0.16204
9805 0.281102 0.329977  0.388921
3780 0.18211 0.20909  0.608801
1669 0.245874 0.390576  0.36355
9462 0.093681 0.756011  0.150308
264 0.759011 0.16557  0.0754185
5174 0.214509 0.354017  0.431475
7178 0.439949 0.457068  0.102982
1516 0.122812 0.701383  0.175804
8467 0.314974 0.618562  0.0664634
3239 0.354588 0.150922  0.49449
8374 0.586196 0.148975  0.264829
5433 0.488704 0.470566  0.0407302
3620 0.41033 0.331629  0.258041
4837 0.638127 0.222083  0.13979
2010 0.213238 0.409422  0.37734
2411 0.244893 0.501638  0.253469
794 0.365636 0.357936  0.276428
6173 0.274508 0.322549  0.402943
9025 0.14674 0.649479  0.203782
6272 0.0294336 0.0848624  0.885704
3949 0.269243 0.0303608  0.700396
7091 0.542865 0.0832543  0.37388
3537 0.363695 0.0906168  0.545688
8274 0.0205164 0.152374  0.82711
1903 0.300564 0.136196  0.56324
4725 0.40739 0.140116  0.452494
1681 0.107556 0.294956  0.597488
8175 0.125609 0.397054  0.477337
3857 0.154606 0.0130151  0.832379
12 0.430096 0.196106  0.373797
3889 0.303025 0.252648  0.444327
5417 0.307811 0.387909  0.304279
725 0.113277 0.811682  0.0750409
3238 0.577126 0.341224  0.0816499
1505 0.327672 0.291982  0.380347
9992 0.182911 0.515954  0.301136
9974 0.121828 0.233006  0.645166
1012 0.103378 0.360191  0.536431
1032 0.336393 0.589669  0.0739383
1597 0.497185 0.32855  0.174265
4708 0.45121 0.226862  0.321927
9318 0.427837 0.50294  0.0692228
6016 0.71677 0.169333  0.113896
3191 0.340626 0.328418  0.330955
3335 0.300713 0.39673  0.302557
4786 0.129351 0.425852  0.444797
4155 0.234959 0.277455  0.487586
8810 0.614516 0.0904764  0.295008
8926 0.280479 0.366412  0.353108
5417 0.229656 0.371554  0.39879
2300 0.443284 0.479391  0.077325
9118 0.454788 0.355706  0.189506
6237 0.190402 0.434817  0.374781
1311 0.443692 0.100579  0.455728
4628 0.636411 0.125109  0.23848
1279 0.530093 0.281514  0.188393
8131 0.477057 0.353444  0.169499
7681 0.275384 0.336723  0.387893
964 0.500091 0.411942  0.0879666
8246 0.327554 0.459916  0.21253
3023 0.377347 0.417711  0.204942
4241 0.394862 0.388675  0.216463
4379 0.472327 0.311373  0.2163
1877 0.0939087 0.285678  0.620414
1216 0.562415 0.209145  0.22844
5325 0.557619 0.0510127  0.391368
2007 0.16365 0.154528  0.681822
6229 0.401095 0.0921958  0.506709
6995 0.337416 0.338942  0.323642
3692 0.126428 0.543324  0.330248
734 0.279295 0.176205  0.544501
5582 0.229635 0.360801  0.409564
233 0.366073 0.278504  0.355423
6038 0.0829105 0.526358  0.390731
8224 0.400278 0.245433  0.354288
4848 0.271572 0.201386  0.527043
4814 0.194458 0.283606  0.521936
6528 0.349773 0.453585  0.196642
8358 0.382195 0.329898  0.287907
1989 0.139495 0.364396  0.496109
712 0.13739 0.616057  0.246552
3811 0.20949 0.470285  0.320224
341 0.210774 0.328423  0.460803
7250 0.0308787 0.388507  0.580615
3408 0.0177542 0.543225  0.43902
1406 0.534252 0.134291  0.331457
9194 0.304392 0.185962  0.509646
2499 0.368709 0.416005  0.215286
7831 0.289471 0.024757  0.685772
2134 0.285347 0.288396  0.426256
6917 0.143277 0.359193  0.497531
69 0.07084 0.431477  0.497683
5838 0.395021 0.412983  0.191996
1998 0.299522 0.261946  0.438532
6917 0.42753 0.149907  0.422562
8670 0.0951059 0.301098  0.603796
3228 0.554168 0.264898  0.180934
8464 0.138928 0.182441  0.678631
1122 0.248694 0.150753  0.600553
6606 0.321623 0.501585  0.176793
15 0.314223 0.0986887  0.587088
4429 0.622449 0.0594108  0.31814
677 0.221638 0.370457  0.407905
4656 0.552391 0.15035  0.297258
5693 0.178514 0.206491  0.614995
6118 0.212258 0.620851  0.166891
8339 0.0405645 0.325945  0.63349
1533 0.177654 0.188319  0.634027
4743 0.404307 0.38214  0.213553
3458 0.211905 0.636165  0.151929
4121 0.554067 0.184101  0.261833
9805 0.398003 0.30453  0.297467
5341 0.268066 0.328788  0.403145
5379 0.416132 0.12586  0.458008
1082 0.524216 0.310231  0.165553
3087 0.3702 0.43875  0.19105
1700 0.264115 0.578231  0.157654
1955 0.0894681 0.556908  0.353624
2911 0.499421 0.244623  0.255957
6203 0.448115 0.162354  0.389532
1821 0.577588 0.249822  0.17259
3046 0.293612 0.29783  0.408557
6249 0.434686 0.137713  0.427601
6764 0.43034 0.441818  0.127842
1361 0.44785 0.265243  0.286907
9776 0.363829 0.279364  0.356807
7462 0.281159 0.315157  0.403684
8016 0.243457 0.453614  0.302929
2963 0.206301 0.713053  0.0806464
1957 0.275 0.405592  0.319408
8367 0.0233752 0.838214  0.138411
9502 0.249454 0.399706  0.35084
5821 0.130153 0.64322  0.226628
5763 0.698648 0.161328  0.140025
3507 0.31802 0.258897  0.423083
2793 0.483123 0.510912  0.00596463
529 0.0337873 0.544076  0.422137
7083 0.360557 0.392947  0.246496
6988 0.192366 0.648202  0.159432
1809 0.681787 0.0725659  0.245647
7679 0.309378 0.171798  0.518823
247 0.0391783 0.766216  0.194606
9919 0.459938 0.375118  0.164944
4777 0.410512 0.177814  0.411675
4135 0.596674 0.224021  0.179306
3628 0.362315 0.570052  0.0676327
6624 0.330447 0.370637  0.298917
3298 0.0237518 0.602192  0.374056
3389 0.200227 0.692801  0.106972
7789 0.354357 0.550068  0.0955751
1497 0.80967 0.129663  0.0606663
3358 0.27579 0.295109  0.4291
4675 0.213458 0.540573  0.245968
37 0.657422 0.0148831  0.327695
4274 0.159559 0.442484  0.397957
4467 0.517186 0.268792  0.214022
3037 0.447669 0.0160659  0.536265
3806 0.102031 0.379154  0.518815
2793 0.203811 0.443075  0.353115
806 0.354923 0.263429  0.381648
3909 0.374608 0.291907  0.333486
2731 0.361002 0.549143  0.0898553
8418 0.0746348 0.499519  0.425846
1790 0.349572 0.314918  0.33551
5306 0.297906 0.426891  0.275203
9554 0.0672068 0.300155  0.632639
3613 0.455533 0.0569364  0.487531
4864 0.613735 0.332015  0.05425
3261 0.308339 0.350168  0.341493
9497 0.138347 0.244076  0.617578
4958 0.391456 0.0260462  0.582498
124 0.575983 0.0163396  0.407677
9495 0.430763 0.056381  0.512856
9739 0.60689 0.0745814  0.318529
5554 0.0512449 0.511563  0.437192
3080 0.330487 0.264962  0.404551
1477 0.194352 0.462402  0.343246
9335 0.664749 0.128624  0.206627
4655 0.0624715 0.39893  0.538598
7223 0.40596 0.25257  0.34147
266 0.637374 0.185281  0.177345
2489 0.391619 0.204245  0.404135
2903 0.598302 0.344056  0.0576418
9708 0.55681 0.0557058  0.387485
8267 0.439173 0.199171  0.361657
3441 0.141007 0.151176  0.707817
8120 0.0776644 0.503857  0.418478
7874 0.482023 0.148662  0.369315
1681 0.355175 0.305328  0.339497
8852 0.451245 0.0544807  0.494274
2635 0.3028 0.231212  0.465988
3884 0.310342 0.215248  0.47441
9924 0.318705 0.106349  0.574946
4680 0.337893 0.252212  0.409896
3001 0.206281 0.414644  0.379075
7068 0.185171 0.304845  0.509985
4150 0.128595 0.742713  0.128692
4540 0.17686 0.514206  0.308934
8838 0.228591 0.101418  0.669991
4251 0.277732 0.58168  0.140588
6920 0.291515 0.15203  0.556455
3904 0.779996 0.0161792  0.203825
6472 0.456903 0.122323  0.420774
3502 0.277711 0.229125  0.493164
8627 0.415401 0.120284  0.464315
1863 0.195202 0.545175  0.259624
6828 0.378706 0.315433  0.305861
745 0.438705 0.535589  0.0257057
8007 0.0973443 0.458058  0.444598
8059 0.277678 0.285112  0.43721
1725 0.534747 0.31522  0.150033
4599 0.315167 0.367028  0.317806
4969 0.052588 0.630086  0.317326
5043 0.271849 0.29634  0.431811
1065 0.196159 0.547915  0.255926
2898 0.224105 0.317591  0.458304
4262 0.193006 0.386443  0.420551
4389 0.210123 0.385316  0.404561
9900 0.263112 0.403527  0.333361
9384 0.409316 0.412233  0.178451
7784 0.503857 0.140756  0.355387
4729 0.666184 0.227163  0.106653
3163 0.397729 0.100952  0.501319
9751 0.614178 0.0725109  0.313311
6832 0.165578 0.240677  0.593745
5195 0.0644564 0.545905  0.389639
3942 0.348397 0.639556  0.0120466
3167 0.382204 0.357801  0.259995
6335 0.379001 0.0625053  0.558494
5049 0.240284 0.100077  0.659639
4262 0.29118 0.558432  0.150388
892 0.472067 0.0740275  0.453905
168 0.429922 0.391279  0.178799
400 0.195536 0.637926  0.166538
1518 0.123498 0.400625  0.475877
1185 0.171549 0.407521  0.420929
1353 0.237474 0.31406  0.448466
1153 0.225451 0.324062  0.450486
6188 0.32556 0.0850722  0.589368
1959 0.0621065 0.704466  0.233427
4396 0.0593607 0.422462  0.518177
8964 0.171458 0.423764  0.404778
5934 0.161156 0.42022  0.418624
2894 0.0296199 0.650727  0.319653
6095 0.677501 0.18688  0.135619
8706 0.191728 0.616568  0.191704
7531 0.189741 0.412676  0.397583
1947 0.614808 0.253081  0.132111
6404 0.338498 0.616481  0.0450206
741 0.569061 0.0717848  0.359154
7762 0.455854 0.533061  0.0110859
5663 0.313874 0.383883  0.302243
5332 0.134904 0.335344  0.529752
4432 0.576637 0.194268  0.229094
9468 0.224726 0.351074  0.4242
1879 0.36752 0.371442  0.261038
7372 0.162526 0.201747  0.635727
3786 0.462001 0.0377765  0.500223
6510 0.600627 0.241508  0.157865
9658 0.0274155 0.176452  0.796132
6890 0.169651 0.669648  0.160701
7770 0.0549515 0.493426  0.451623
4349 0.055139 0.466355  0.478506
8347 0.452026 0.129245  0.418729
59 0.41538 0.16354  0.42108
3949 0.471442 0.0544161  0.474142
8734 0.47473 0.0482759  0.476994
624 0.211694 0.416224  0.372082
2077 0.38852 0.512224  0.099256
3911 0.322552 0.132601  0.544847
6832 0.156509 0.303621  0.53987
7534 0.195494 0.55317  0.251336
2741 0.489016 0.00747706  0.503507
1324 0.376505 0.49995  0.123546
275 0.0327781 0.432476  0.534746
5784 0.47238 0.303479  0.224141
8713 0.546307 0.401755  0.0519372
8331 0.59246 0.129141  0.2784
5751 0.487134 0.417739  0.0951273
3052 0.438316 0.299779  0.261905
3949 0.537069 0.00837224  0.454558
5006 0.142463 0.567377  0.29016
1977 0.214758 0.577716  0.207526
6956 0.155259 0.388044  0.456696
3331 0.321392 0.381884  0.296724
2351 0.246538 0.513778  0.239685
7998 0.169125 0.505494  0.32538
4833 0.179261 0.213462  0.607277
2303 0.20751 0.199783  0.592708
9426 0.0173902 0.349823  0.632786
1680 0.345305 0.374716  0.279978
5548 0.251003 0.332872  0.416125
4755 0.429571 0.544203  0.0262255
405 0.585863 0.331963  0.0821748
6239 0.0669553 0.470847  0.462198
3270 0.48822 0.356611  0.155169
5834 0.451972 0.341712  0.206316
4963 0.399008 0.157522  0.44347
8818 0.319512 0.450012  0.230477
5763 0.218462 0.353478  0.428061
7676 0.431391 0.230663  0.337946
6856 0.557979 0.0189455  0.423076
4877 0.226778 0.354828  0.418394
2359 0.660378 0.262472  0.0771501
578 0.494276 0.238036  0.267688
2990 0.367011 0.482724  0.150265
4145 0.654603 0.181675  0.163722
563 0.421231 0.558889  0.0198794
8589 0.317205 0.123337  0.559458
8310 0.441876 0.234711  0.323413
2233 0.34801 0.352549  0.299442
8770 0.447049 0.152497  0.400454
4330 0.276349 0.324045  0.399606
3771 0.616683 0.28709  0.0962273
4140 0.0602711 0.431145  0.508584
3940 0.296311 0.533046  0.170643
9731 0.441866 0.482389  0.0757451
1805 0.225165 0.696114  0.0787208
846 0.525875 0.220967  0.253157
788 0.201731 0.724065  0.0742032
3443 0.381413 0.568257  0.0503303
8207 0.430284 0.0837626  0.485954
8956 0.433692 0.301011  0.265297
8242 0.365896 0.241825  0.39228
5556 0.455983 0.266437  0.27758
7864 0.601383 0.191883  0.206735
2282 0.249402 0.715517  0.0350811
1183 0.352616 0.026892  0.620492
1640 0.42137 0.199113  0.379517
4971 0.158209 0.409823  0.431968
6493 0.343158 0.400038  0.256804
5931 0.100954 0.469296  0.42975
480 0.380078 0.312565  0.307357
4280 0.103849 0.499349  0.396802
2693 0.415536 0.201888  0.382576
2604 0.511738 0.463677  0.0245845
2316 0.414516 0.450635  0.134849
8312 0.0877069 0.595518  0.316775
8133 0.268281 0.506292  0.225427
5551 0.389614 0.362351  0.248035
4553 0.152228 0.677936  0.169836
562 0.0189928 0.523969  0.457039
798 0.135132 0.163679  0.701189
5484 0.240243 0.306462  0.453295
5924 0.350939 0.298507  0.350555
3573 0.46151 0.253996  0.284493
2590 0.450243 0.514482  0.0352754
5695 0.389246 0.318421  0.292333
3063 0.490383 0.399993  0.109624
2626 0.452256 0.401098  0.146645
6091 0.393408 0.0896235  0.516969
6998 0.491483 0.00631015  0.502206
7009 0.383247 0.461949  0.154804
2314 0.470593 0.400629  0.128778
28 0.240785 0.369449  0.389766
472 0.220988 0.451831  0.327182
4338 0.352803 0.0202241  0.626972
3088 0.212657 0.360944  0.4264
2941 0.545654 0.265007  0.189339
5582 0.403066 0.0818459  0.515089
8203 0.0801476 0.0769231  0.842929
5363 0.362903 0.35939  0.277707
3641 0.187725 0.421507  0.390768
2272 0.678944 0.192265  0.128791
9081 0.0759245 0.493228  0.430848
6391 0.283314 0.392614  0.324072
1353 0.31026 0.3751  0.31464
4344 0.0689267 0.358795  0.572279
4088 0.307168 0.362353  0.330479
6015 0.0710657 0.480432  0.448502
5223 0.378531 0.197395  0.424074
9450 0.231896 0.198321  0.569783
1137 0.323991 0.514143  0.161866
1185 0.391831 0.127723  0.480446
4142 0.383728 0.45663  0.159642
871 0.364811 0.242537  0.392651
812 0.411247 0.227306  0.361447
80 0.4457 0.166876  0.387424
3906 0.241776 0.126096  0.632128
7449 0.299852 0.0580271  0.642121
6926 0.084842 0.237894  0.677264
9858 0.249782 0.204449  0.545768
3259 0.397198 0.40946  0.193342
5177 0.473917 0.0827517  0.443332
6233 0.240288 0.620836  0.138877
6116 0.360682 0.358085  0.281234
9750 0.322134 0.239155  0.438711
7061 0.499807 0.282267  0.217926
8525 0.158309 0.252007  0.589684
1698 0.333133 0.360327  0.306541
9822 0.30252 0.592972  0.104508
5552 0.341735 0.411766  0.246499
7112 0.0742922 0.503836  0.421872
4936 0.554113 0.127794  0.318094
2331 0.254637 0.185345  0.560018
6232 0.211539 0.492984  0.295478
4120 0.150741 0.438523  0.410736
6691 0.405791 0.206977  0.387232
3408 0.0075758 0.333311  0.659113
1125 0.079947 0.530839  0.389214
4695 0.287856 0.195835  0.516308
6218 0.337404 0.0593323  0.603263
3962 0.360412 0.306605  0.332982
6974 0.436453 0.314735  0.248812
1673 0.173122 0.714877  0.112001
629 0.285038 0.304128  0.410833
8012 0.416784 0.49024  0.092976
1846 0.0456528 0.295013  0.659334
7276 0.187174 0.188011  0.624814
4485 0.543712 0.139167  0.31712
6153 0.158143 0.175989  0.665868
8947 0.171659 0.605709  0.222632
1321 0.248919 0.567483  0.183598
11 0.315217 0.329968  0.354814
4206 0.356928 0.0533019  0.589771
7686 0.147731 0.780705  0.0715636
3937 0.137453 0.356184  0.506363
5339 0.0325426 0.0613096  0.906148
984 0.34706 0.0905684  0.562371
5526 0.328391 0.524538  0.147071
922 0.276278 0.266932  0.45679
1591 0.188245 0.458262  0.353494
7395 0.837622 0.0154332  0.146945
3310 0.34304 0.645606  0.0113544
2420 0.635679 0.325043  0.039278
7964 0.428387 0.170061  0.401552
7384 0.231444 0.498654  0.269902
7253 0.284811 0.378945  0.336244
8694 0.051454 0.934023  0.014523
251 0.246212 0.504281  0.249507
6100 0.119399 0.449464  0.431136
1417 0.173741 0.23118  0.595078
9147 0.587668 0.181679  0.230653
9368 0.30205 0.358125  0.339825
1698 0.161767 0.412025  0.426208
8614 0.436601 0.0323274  0.531071
1110 0.101229 0.504307  0.394464
8726 0.514331 0.0555855  0.430083
3040 0.48182 0.0869353  0.431245
2925 0.0314146 0.782262  0.186324
3849 0.536979 0.316163  0.146858
3497 0.631115 0.131409  0.237475
1785 0.273666 0.151043  0.575291
1519 0.0788891 0.159271  0.76184
5874 0.106986 0.584895  0.308119
468 0.353168 0.301251  0.34558
6905 0.163954 0.543771  0.292275
6428 0.292027 0.479174  0.2288
5669 0.46304 0.296006  0.240954
4206 0.491963 0.12058  0.387457
6394 0.573988 0.304715  0.121297
1154 0.327709 0.312494  0.359797
1519 0.242715 0.348917  0.408368
495 0.199216 0.335911  0.464872
8045 0.575604 0.100006  0.324389
2208 0.362896 0.313667  0.323437
4097 0.486262 0.229361  0.284377
1975 0.334166 0.475296  0.190538
9639 0.173605 0.176222  0.650174
836 0.402721 0.395636  0.201643
2371 0.451947 0.352082  0.195971
705 0.475129 0.34352  0.18135
3812 0.212307 0.443345  0.344348
6947 0.110055 0.81252  0.0774248
1585 0.138793 0.0181375  0.843069
2958 0.162841 0.653872  0.183287
6857 0.198311 0.419826  0.381863
7301 0.382545 0.147437  0.470018
8508 0.0504814 0.891725  0.0577939
5176 0.562192 0.183431  0.254377
7373 0.394047 0.234708  0.371245
3439 0.33202 0.390412  0.277568
635 0.0318901 0.298697  0.669413
4941 0.07351 0.447969  0.478521
138 0.310541 0.379458  0.310001
6036 0.561686 0.123938  0.314377
2938 0.382054 0.299976  0.31797
6332 0.429351 0.234851  0.335798
7784 0.37051 0.315998  0.313492
28 0.332666 0.355994  0.31134
2217 0.367691 0.450659  0.181649
3533 0.342506 0.534104  0.12339
1393 0.355826 0.455493  0.188681
6096 0.303908 0.539858  0.156234
1762 0.261344 0.323684  0.414972
2966 0.303167 0.607041  0.0897923
2626 0.417708 0.314144  0.268149
4411 0.434578 0.181127  0.384295
906 0.50625 0.478881  0.0148692
4890 0.37771 0.421654  0.200636
7313 0.198856 0.448262  0.352882
5356 0.399061 0.195765  0.405174
3410 0.662787 0.289367  0.0478468
9014 0.252481 0.373966  0.373553
997 0.0461348 0.391071  0.562794
617 0.446332 0.393027  0.160642
7664 0.33829 0.368579  0.293131
624 0.51242 0.459618  0.0279616
2351 0.156018 0.422761  0.421222
6536 0.292579 0.406675  0.300745
782 0.327922 0.145096  0.526982
5120 0.368555 0.266685  0.364761
754 0.3556 0.261849  0.382551
5459 0.0364237 0.0199883  0.943588
2330 0.0628542 0.511778  0.425368
6899 0.253303 0.391436  0.35526
222 0.127049 0.424319  0.448632
1402 0.0845344 0.294933  0.620532
420 0.11595 0.658401  0.225649
9003 0.374486 0.0733888  0.552125
5058 0.0779609 0.503468  0.418571
1390 0.145617 0.513842  0.340542
2692 0.622929 0.356208  0.0208632
8252 0.367682 0.278522  0.353796
6691 0.311151 0.50224  0.186609
7233 0.27591 0.291646  0.432444
6324 0.552443 0.0272516  0.420305
43 0.252128 0.381863  0.366009
4183 0.0684891 0.204257  0.727254
8915 0.282644 0.361617  0.355739
2483 0.336274 0.555692  0.108034
4058 0.0659521 0.684719  0.249329
1413 0.732059 0.171663  0.0962778
1653 0.479102 0.429161  0.0917367
2019 0.475418 0.176323  0.348259
1238 0.264666 0.339784  0.395551
4746 0.68357 0.215047  0.101382
2969 0.417435 0.245872  0.336693
8207 0.411073 0.122467  0.466461
8069 0.0709826 0.644888  0.28413
7830 0.0373119 0.418218  0.54447
8010 0.619696 0.14426  0.236044
3550 0.411488 0.367669  0.220843
8178 0.334543 0.519009  0.146448
5369 0.313508 0.288169  0.398323
1739 0.185413 0.569201  0.245385
2503 0.300645 0.392794  0.306561
4871 0.0826219 0.165722  0.751657
3921 0.397264 0.458862  0.143874
1443 0.3246 0.345985  0.329416
3544 0.627467 0.019756  0.352777
3085 0.450794 0.450002  0.099204
985 0.581021 0.338106  0.0808735
6966 0.220558 0.462702  0.31674
7188 0.470142 0.131772  0.398086
5871 0.356292 0.474501  0.169207
1711 0.536963 0.439368  0.0236683
3659 0.376687 0.284039  0.339274
6445 0.387648 0.321913  0.290439
4267 0.365292 0.265039  0.369669
1057 0.587728 0.301054  0.111218
9314 0.353932 0.43995  0.206118
3430 0.249993 0.392144  0.357864
3066 0.348003 0.447064  0.204933
5784 0.360491 0.346177  0.293331
8921 0.420075 0.270179  0.309746
2774 0.6629 0.275268  0.061832
5236 0.227601 0.390891  0.381508
8196 0.10978 0.734478  0.155742
2263 0.33828 0.380247  0.281474
1104 0.481493 0.465633  0.0528744
3528 0.411701 0.460702  0.127597
3033 0.136126 0.451944  0.41193
377 0.130636 0.716029  0.153335
6389 0.624069 0.159627  0.216304
6108 0.0914067 0.463324  0.445269
1022 0.0201742 0.395346  0.58448
3299 0.400582 0.371058  0.228359
4639 0.303912 0.265574  0.430513
214 0.333169 0.197465  0.469367
9038 0.1276 0.288223  0.584177
3270 0.438499 0.445137  0.116363
9894 0.330688 0.341481  0.327831
4634 0.241024 0.617564  0.141413
4680 0.126494 0.31341  0.560097
3123 0.545699 0.342423  0.111878
9945 0.160147 0.385984  0.453869
3180 0.160151 0.547282  0.292567
6768 0.350957 0.164212  0.484831
4330 0.386396 0.0340993  0.579505
2344 0.47365 0.207488  0.318861
788 0.0531353 0.800725  0.146139
8917 0.433544 0.474373  0.0920834
1150 0.327623 0.141801  0.530577
4842 0.337984 0.296947  0.365068
73 0.45831 0.298875  0.242814
1792 0.166659 0.25501  0.57833
4114 0.294631 0.446964  0.258405
7882 0.468397 0.317787  0.213817
9980 0.0485033 0.67467  0.276826
2992 0.673266 0.0216731  0.305061
486 0.714107 0.0192623  0.266631
4133 0.100884 0.407336  0.49178
2821 0.58326 0.399526  0.0172139
12 0.661838 0.0407424  0.297419
4876 0.140747 0.256938  0.602315
3861 0.30114 0.553224  0.145636
422 0.408095 0.26822  0.323686
5778 0.360359 0.216755  0.422886
7594 0.146007 0.392032  0.461962
5788 0.395299 0.560944  0.0437568
6726 0.289382 0.358365  0.352253
1154 0.207528 0.689732  0.10274
5052 0.199137 0.11711  0.683753
9328 0.596445 0.343053  0.0605025
9115 0.91483 0.068759  0.0164106
5697 0.321725 0.36125  0.317025
4251 0.840896 0.0854299  0.0736744
864 0.231981 0.719445  0.0485748
5181 0.410578 0.396434  0.192987
6430 0.253941 0.26457  0.481488
6462 0.320405 0.164629  0.514966
6359 0.169553 0.765008  0.0654392
2019 0.539756 0.0143319  0.445912
4711 0.19811 0.33415  0.46774
621 0.286601 0.431996  0.281404
7788 0.19164 0.441937  0.366423
4712 0.227827 0.513856  0.258317
436 0.192293 0.512022  0.295685
8507 0.405696 0.40019  0.194114
2 0.437278 0.520611  0.042111
1518 0.509911 0.323903  0.166186
1731 0.424612 0.383066  0.192322
1185 0.445774 0.491728  0.0624978
8754 0.150192 0.456355  0.393453
8947 0.118954 0.226572  0.654474
5815 0.423901 0.308369  0.267729
6179 0.0172887 0.864193  0.118518
9093 0.315503 0.147345  0.537152
9809 0.590995 0.0858577  0.323147
401 0.279878 0.523269  0.196852
6264 0.25851 0.317926  0.423564
9258 0.404643 0.223059  0.372298
620 0.497263 0.210023  0.292714
6887 0.408095 0.378851  0.213054
3755 0.551835 0.27255  0.175614
9606 0.380964 0.294887  0.324149
9015 0.113996 0.543518  0.342487
5934 0.352075 0.448113  0.199813
1066 0.439672 0.0651597  0.495169
497 0.406582 0.305832  0.287586
2367 0.410565 0.247586  0.341849
2023 0.525202 0.445349  0.029449
2735 0.640618 0.0741035  0.285279
5567 0.36021 0.31248  0.32731
7700 0.578973 0.368653  0.0523747
8129 0.61634 0.376325  0.00733479
1216 0.367347 0.378258  0.254395
6226 0.703323 0.128532  0.168145
7740 0.360411 0.619298  0.0202918
4713 0.357953 0.341814  0.300233
6576 0.890876 0.0898234  0.0193009
3568 0.766996 0.176038  0.0569662
3090 0.504163 0.326915  0.168922
1285 0.306649 0.459592  0.233759
8732 0.44687 0.492991  0.0601383
2120 0.0521199 0.579916  0.367964
9524 0.776521 0.180003  0.043476
6733 0.0412654 0.149677  0.809057
7612 0.271482 0.578279  0.150239
6370 0.101673 0.627097  0.27123
8750 0.570174 0.180364  0.249461
9761 0.297034 0.304474  0.398492
2383 0.420516 0.550554  0.02893
7341 0.310637 0.285949  0.403414
5639 0.426461 0.32718  0.246359
7122 0.365101 0.404379  0.23052
2692 0.203174 0.494688  0.302138
6895 0.316947 0.258334  0.42472
1877 0.396801 0.268054  0.335145
2940 0.431669 0.117792  0.450539
7607 0.365029 0.271654  0.363317
813 0.327378 0.0552935  0.617328
8386 0.499726 0.170995  0.329279
4297 0.210248 0.226381  0.563371
9761 0.251997 0.429812  0.318191
4680 0.0241661 0.664639  0.311195
2066 0.234746 0.67893  0.0863236
5727 0.319137 0.605922  0.0749411
3018 0.282405 0.334432  0.383163
9229 0.489616 0.481501  0.0288833
7222 0.0500239 0.303626  0.64635
3877 0.315128 0.301537  0.383334
2710 0.338672 0.316691  0.344637
613 0.396167 0.164905  0.438928
1195 0.341293 0.247799  0.410908
5588 0.308103 0.59326  0.098637
4922 0.359917 0.454519  0.185564
9862 0.372042 0.234284  0.393675
3721 0.112297 0.502895  0.384808
9506 0.240933 0.125886  0.633182
595 0.323371 0.18275  0.493879
4011 0.216773 0.709973  0.0732533
5579 0.385857 0.127696  0.486447
6793 0.259274 0.23553  0.505196
9032 0.183957 0.229775  0.586267
4616 0.0893383 0.55606  0.354601
3405 0.0300786 0.507986  0.461936
9557 0.468156 0.0848771  0.446967
41 0.251896 0.287143  0.460961
607 0.483043 0.436466  0.0804909
7507 0.372197 0.35751  0.270293
2590 0.677158 0.249498  0.0733435
537 0.438532 0.355321  0.206146
9335 0.417645 0.304053  0.278303
8396 0.207732 0.422422  0.369845
6832 0.332103 0.39017  0.277727
4648 0.16294 0.785736  0.0513234
8784 0.0831566 0.452623  0.46422
857 0.143895 0.450435  0.40567
2441 0.337449 0.2273  0.435251
9206 0.353875 0.321632  0.324493
4217 0.266582 0.083679  0.649739
6746 0.440438 0.0276829  0.53188
4692 0.252578 0.0808703  0.666551
271 0.070894 0.308514  0.620592
325 0.0554844 0.342841  0.601675
3829 0.341752 0.423647  0.234601
8146 0.287808 0.493309  0.218884
6897 0.0695386 0.295886  0.634575
8717 0.435158 0.20221  0.362632
1750 0.416417 0.113767  0.469815
4420 0.184785 0.472488  0.342727
780 0.0944553 0.486302  0.419242
7188 0.188402 0.368995  0.442603
8653 0.243279 0.586558  0.170163
5098 0.242193 0.437418  0.320389
6731 0.281296 0.476034  0.24267
9973 0.299732 0.426236  0.274033
9612 0.216996 0.393336  0.389668
816 0.0189703 0.44367  0.53736
5180 0.550525 0.27393  0.175546
3892 0.471206 0.199536  0.329258
6911 0.0969616 0.470724  0.432315
1983 0.224623 0.117316  0.658061
4389 0.184404 0.693749  0.121847
1315 0.483073 0.298051  0.218876
6398 0.18722 0.7413  0.0714806
7996 0.429398 0.237243  0.333359
4778 0.700979 0.243195  0.0558257
6471 0.229741 0.113911  0.656348
174 0.188525 0.281582  0.529893
5605 0.578564 0.322866  0.0985704
4311 0.281329 0.247987  0.470684
171 0.257282 0.249933  0.492785
3320 0.63659 0.220026  0.143385
4935 0.0803144 0.641827  0.277859
7698 0.443762 0.117143  0.439096
3862 0.302665 0.353752  0.343583
8596 0.222709 0.0839924  0.693299
5359 0.0340254 0.682242  0.283732
5183 0.373889 0.436167  0.189944
1004 0.490912 0.378126  0.130962
1062 0.191454 0.50936  0.299187
9189 0.234783 0.170543  0.594674
7719 0.630528 0.275377  0.0940949
910 0.0275404 0.216961  0.755499
5992 0.0410263 0.638194  0.32078
1289 0.483134 0.359252  0.157614
1198 0.517263 0.192958  0.289779
9415 0.318135 0.3781  0.303765
1896 0.730331 0.171578  0.0980914
564 0.378281 0.250328  0.371391
8951 0.398097 0.128466  0.473437
9061 0.539532 0.31342  0.147048
8751 0.387224 0.572845  0.0399308
1965 0.648084 0.108797  0.243119
2591 0.0599078 0.108147  0.831945
2693 0.28514 0.397854  0.317005
2967 0.267552 0.118184  0.614264
4777 0.723944 0.116808  0.159247
3887 0.445136 0.188344  0.36652
2037 0.123856 0.479365  0.396779
3571 0.202417 0.397261  0.400321
6898 0.373896 0.468099  0.158006
2349 0.247477 0.393089  0.359433
8864 0.590761 0.0484118  0.360827
5449 0.403151 0.355976  0.240873
6404 0.331241 0.382333  0.286425
8835 0.5708 0.150333  0.278868
7071 0.04549 0.242784  0.711726
660 0.381322 0.606143  0.0125349
8430 0.345863 0.431588  0.222548
1726 0.0556296 0.531541  0.41283
4726 0.137344 0.437577  0.42508
4936 0.12895 0.441193  0.429857
523 0.107183 0.306737  0.586079
2174 0.213576 0.494345  0.292079
2086 0.102188 0.540484  0.357327
1790 0.188991 0.461889  0.349121
7759 0.292461 0.221736  0.485803
1342 0.607893 0.250034  0.142074
254 0.298489 0.353658  0.347853
8679 0.118563 0.668098  0.213339
3061 0.259641 0.157966  0.582393
9144 0.567503 0.192093  0.240404
8251 0.536844 0.386844  0.0763116
8268 0.334337 0.321  0.344663
498 0.0862723 0.288031  0.625696
2688 0.503397 0.0841613  0.412441
3007 0.446412 0.473294  0.0802943
3618 0.415204 0.150602  0.434194
4500 0.459973 0.528859  0.0111682
736 0.190574 0.340079  0.469346
8660 0.476192 0.287997  0.235811
1009 0.0560152 0.79514  0.148845
5692 0.798341 0.0621177  0.139542
4123 0.362998 0.373718  0.263284
490 0.488424 0.272291  0.239285
722 0.23473 0.339232  0.426038
7123 0.208304 0.506285  0.285411
8130 0.499027 0.12486  0.376113
2388 0.659468 0.312603  0.0279295
9129 0.39698 0.131821  0.471199
7332 0.302524 0.296969  0.400507
6977 0.227154 0.355764  0.417082
8635 0.31327 0.239584  0.447146
699 0.410798 0.111249  0.477954
6964 0.351957 0.577929  0.0701143
2635 0.564182 0.326295  0.109523
3466 0.146209 0.58047  0.273321
4872 0.202139 0.570213  0.227648
6452 0.275164 0.517355  0.20748
6948 0.423901 0.446921  0.129178
1946 0.33055 0.426772  0.242678
6352 0.26509 0.426845  0.308065
1314 0.0163203 0.167418  0.816261
9295 0.253428 0.327441  0.419131
7483 0.232475 0.468155  0.29937
4615 0.233149 0.348011  0.41884
4469 0.531302 0.255971  0.212727
5331 0.429658 0.111213  0.459129
7900 0.149651 0.137936  0.712413
6142 0.112248 0.457728  0.430023
8391 0.319175 0.286543  0.394282
6122 0.303031 0.391914  0.305055
1735 0.274072 0.265184  0.460744
4880 0.102514 0.722099  0.175388
1512 0.374975 0.339782  0.285243
5401 0.380088 0.191216  0.428696
2863 0.342649 0.342843  0.314508
3069 0.381024 0.212731  0.406245
4889 0.573526 0.217929  0.208545
336 0.404513 0.204258  0.391229
2180 0.302082 0.331412  0.366507
7241 0.331821 0.0472466  0.620932
2692 0.240007 0.41478  0.345213
8681 0.300786 0.34801  0.351204
4136 0.372592 0.368095  0.259312
5918 0.0720973 0.471209  0.456693
3313 0.297632 0.0689303  0.633438
4789 0.412943 0.187659  0.399398
5768 0.262661 0.264708  0.472631
6660 0.490554 0.40368  0.105766
541 0.245332 0.137975  0.616693
6755 0.476737 0.425155  0.0981083
751 0.0166384 0.686967  0.296394
6648 0.205989 0.289999  0.504012
8345 0.192428 0.523558  0.284014
6416 0.0169971 0.607845  0.375158
8851 0.427647 0.32076  0.251593
8300 0.445936 0.383428  0.170637
4163 0.460138 0.244271  0.295591
1964 0.0946348 0.582333  0.323032
2565 0.363959 0.301976  0.334065
8655 0.244955 0.170684  0.584361
4479 0.353536 0.296877  0.349587
2238 0.488571 0.462168  0.0492612
524 0.426543 0.464156  0.109301
9674 0.40398 0.0381246  0.557896
6917 0.147331 0.246506  0.606163
4508 0.344126 0.187873  0.468001
7677 0.148272 0.238013  0.613715
1997 0.030624 0.415347  0.554029
9576 0.298357 0.430403  0.271241
6409 0.0585176 0.497893  0.443589
1531 0.40982 0.0720867  0.518093
8300 0.233949 0.306291  0.45976
8898 0.130604 0.40482  0.464576
9001 0.348316 0.432857  0.218828
7793 0.082772 0.207568  0.70966
8365 0.0563821 0.869791  0.0738274
1388 0.516677 0.080272  0.403051
8329 0.33669 0.564611  0.0986991
576 0.572706 0.401348  0.0259463
8278 0.054999 0.565448  0.379553
7272 0.48846 0.256996  0.254545
5737 0.481196 0.167134  0.351669
929 0.452222 0.328801  0.218977
5144 0.477563 0.290287  0.23215
1557 0.277348 0.565099  0.157553
8983 0.691117 0.0298073  0.279075
3652 0.407461 0.318961  0.273578
315 0.660206 0.0144867  0.325307
4375 0.377608 0.408201  0.214191
2241 0.230842 0.333042  0.436117
3711 0.276716 0.368476  0.354808
7341 0.467285 0.449142  0.0835728
9764 0.298298 0.044013  0.657689
8678 0.271513 0.512028  0.216459
1527 0.293571 0.390751  0.315678
7786 0.381835 0.276549  0.341616
823 0.405822 0.48681  0.107367
504 0.568591 0.20184  0.229569
1248 0.271983 0.180827  0.54719
8736 0.557992 0.391365  0.050643
5611 0.238809 0.318789  0.442402
3952 0.352456 0.423749  0.223795
1052 0.503886 0.40103  0.0950839
4272 0.58208 0.358558  0.0593622
7226 0.26125 0.495605  0.243145
2372 0.605075 0.193411  0.201515
5015 0.327967 0.244546  0.427487
2541 0.214723 0.30696  0.478317
3873 0.10778 0.457673  0.434546
5460 0.35697 0.284469  0.35856
2660 0.28152 0.621394  0.097086
9403 0.421609 0.245106  0.333284
2471 0.283559 0.504896  0.211545
3408 0.245047 0.104884  0.650069
8621 0.380397 0.296668  0.322935
8926 0.362756 0.48249  0.154754
3879 0.454348 0.359007  0.186646
4509 0.455717 0.0549166  0.489366
4919 0.179371 0.414823  0.405806
7513 0.402073 0.32447  0.273457
8042 0.657182 0.200611  0.142207
2493 0.769025 0.0354326  0.195542
3029 0.441195 0.477034  0.0817705
4212 0.0835191 0.511859  0.404622
2975 0.429857 0.0580409  0.512102
1708 0.292879 0.516161  0.19096
2056 0.419799 0.103835  0.476367
96 0.400498 0.529715  0.0697873
265 0.242388 0.430535  0.327077
90 0.223745 0.622503  0.153751
7406 0.429965 0.241206  0.328829
5505 0.239845 0.343694  0.416461
6062 0.419801 0.182338  0.397861
2731 0.351385 0.297593  0.351021
9817 0.284556 0.468756  0.246688
3180 0.234528 0.384466  0.381006
8182 0.0376861 0.616828  0.345486
3603 0.202075 0.432675  0.36525
2093 0.530318 0.225529  0.244153
7257 0.147544 0.508865  0.343591
7196 0.319206 0.258144  0.42265
7724 0.59976 0.285581  0.114659
4329 0.146431 0.304939  0.548631
4520 0.24281 0.411607  0.345583
1128 0.390954 0.311171  0.297874
1533 0.472315 0.309462  0.218223
4722 0.454161 0.487826  0.0580126
4227 0.123171 0.0721782  0.804651
8143 0.0670179 0.554161  0.378821
7222 0.306921 0.32235  0.370729
869 0.165928 0.679496  0.154576
3804 0.534613 0.305578  0.159808
9258 0.252299 0.462752  0.284948
3051 0.340314 0.33779  0.321896
9972 0.349756 0.561475  0.0887688
4866 0.0663029 0.580498  0.3532
8750 0.415283 0.157449  0.427268
875 0.17649 0.593088  0.230422
1845 0.457493 0.509485  0.0330222
372 0.264949 0.375552  0.359499
3924 0.404368 0.40345  0.192182
6432 0.272278 0.430126  0.297597
1609 0.615494 0.323372  0.0611335
2107 0.621762 0.0253392  0.352898
4148 0.164625 0.358746  0.476629
3503 0.756742 0.134834  0.108423
7407 0.0587289 0.324843  0.616428
7274 0.729139 0.148223  0.122638
4717 0.150953 0.520895  0.328152
5459 0.437417 0.117392  0.44519
9220 0.245284 0.58829  0.166426
4416 0.547591 0.312923  0.139485
4086 0.214039 0.556286  0.229675
5135 0.0387076 0.294875  0.666417
6574 0.452097 0.497559  0.0503442
2594 0.061356 0.417919  0.520725
1310 0.25963 0.119299  0.621071
1646 0.517755 0.197205  0.28504
6624 0.32761 0.320605  0.351786
4241 0.252834 0.159419  0.587748
9287 0.487679 0.102631  0.40969
6369 0.630151 0.221793  0.148055
6478 0.282248 0.370276  0.347476
4779 0.227379 0.314564  0.458057
5109 0.0496762 0.531839  0.418485
6066 0.305083 0.317116  0.377801
3564 0.415033 0.479135  0.105831
6553 0.335251 0.605976  0.0587723
8949 0.744928 0.14214  0.112932
7484 0.367421 0.317279  0.315299
6412 0.456866 0.162407  0.380728
5808 0.315627 0.0833382  0.601035
5510 0.0159614 0.19502  0.789018
6998 0.419734 0.445454  0.134811
2100 0.15256 0.328661  0.518778
4451 0.544129 0.0605133  0.395358
6688 0.253641 0.354143  0.392216
5606 0.401508 0.398311  0.20018
8473 0.203561 0.341213  0.455226
1034 0.606617 0.239872  0.153511
4508 0.149503 0.651635  0.198862
6624 0.323613 0.357809  0.318578
3610 0.569497 0.349283  0.0812197
6037 0.321901 0.567851  0.110248
6300 0.0992963 0.748192  0.152512
2758 0.247774 0.512696  0.23953
2527 0.137976 0.0656283  0.796396
3538 0.321325 0.479424  0.199251
7029 0.196211 0.373986  0.429803
3198 0.420975 0.216485  0.36254
2130 0.380457 0.393277  0.226266
7081 0.456539 0.0879476  0.455513
6466 0.433663 0.269219  0.297118
3417 0.334259 0.402531  0.26321
7835 0.839289 0.0389416  0.121769
7334 0.429905 0.174169  0.395926
100 0.204903 0.327884  0.467213
3631 0.425392 0.533175  0.0414328
7221 0.35605 0.248285  0.395665
5727 0.27747 0.295614  0.426915
5997 0.0295632 0.512179  0.458258
3010 0.422899 0.339171  0.23793
181 0.206766 0.603919  0.189316
4018 0.171863 0.466118  0.362019
5127 0.408634 0.181699  0.409666
658 0.404996 0.40069  0.194314
3984 0.065161 0.54979  0.385049
2398 0.369355 0.363283  0.267361
6648 0.152328 0.481568  0.366104
4827 0.374381 0.214514  0.411105
3670 0.304167 0.342164  0.35367
7946 0.415031 0.191907  0.393062
3415 0.377075 0.566313  0.0566119
9518 0.312598 0.352664  0.334738
2098 0.543644 0.165538  0.290818
2433 0.37361 0.212664  0.413726
7559 0.614043 0.283929  0.102029
9323 0.621898 0.18934  0.188761
688 0.37021 0.397377  0.232413
6476 0.415414 0.499112  0.0854732
1035 0.280581 0.0768798  0.642539
1442 0.296827 0.570559  0.132614
1724 0.332307 0.292882  0.374811
3662 0.212641 0.126384  0.660975
7103 0.451639 0.0940634  0.454297
561 0.256764 0.412698  0.330538
4040 0.385469 0.504225  0.110307
7089 0.361922 0.258652  0.379426
6717 0.0419965 0.348147  0.609856
5250 0.581284 0.0232994  0.395417
9952 0.503429 0.417258  0.0793122
5998 0.273567 0.0470178  0.679415
5661 0.0583307 0.818144  0.123525
5349 0.429847 0.292068  0.278085
7967 0.123325 0.190566  0.68611
591 0.619361 0.231766  0.148874
3299 0.386677 0.476135  0.137188
5060 0.330828 0.0667126  0.602459
1677 0.721557 0.142833  0.13561
7189 0.131351 0.481615  0.387033
6158 0.26322 0.364516  0.372264
1319 0.0221622 0.518397  0.459441
3127 0.00791174 0.563277  0.428811
207 0.151576 0.471612  0.376812
7760 0.526034 0.0353518  0.438614
7513 0.0577351 0.451426  0.490839
3697 0.0254507 0.248247  0.726302
214 0.264401 0.487761  0.247838
6723 0.374598 0.524939  0.100463
4446 0.628845 0.258945  0.11221
6506 0.123161 0.337176  0.539663
7510 0.488288 0.41638  0.0953313
6886 0.364619 0.466203  0.169179
4671 0.316216 0.324232  0.359553
1561 0.319209 0.107626  0.573164
5051 0.625294 0.290985  0.0837217
8998 0.381101 0.350482  0.268417
7289 0.236511 0.560163  0.203326
40 0.181016 0.417486  0.401498
5955 0.252459 0.287946  0.459594
962 0.434856 0.247638  0.317506
5989 0.0363425 0.739695  0.223963
8552 0.42521 0.403  0.17179
5938 0.315053 0.458168  0.226779
182 0.351779 0.297335  0.350887
7920 0.397306 0.567753  0.0349407
450 0.0358372 0.356508  0.607655
6214 0.642428 0.337854  0.0197171
3077 0.318966 0.418872  0.262163
6547 0.187675 0.167843  0.644482
1216 0.403993 0.164293  0.431714
9783 0.265507 0.456347  0.278145
9464 0.0748759 0.48264  0.442484
7021 0.408186 0.440751  0.151063
9890 0.693619 0.0329178  0.273463
3792 0.0833354 0.603652  0.313012
7652 0.390385 0.39341  0.216205
4261 0.231744 0.561449  0.206807
2927 0.226878 0.276457  0.496665
8886 0.374374 0.0372661  0.58836
9895 0.103769 0.588597  0.307634
7188 0.0288092 0.253152  0.718039
7017 0.367853 0.184898  0.447248
7780 0.226349 0.535025  0.238626
2965 0.432396 0.346955  0.220649
2754 0.05364 0.55142  0.39494
6159 0.36635 0.049659  0.583991
1072 0.468116 0.444246  0.0876382
3128 0.330886 0.182912  0.486203
598 0.164133 0.386233  0.449633
8907 0.061241 0.515169  0.42359
239 0.258217 0.379964  0.361819
