2649 0.0429887 0.602577  0.354435
3665 0.575213 0.328778  0.0960084
2415 0.388796 0.244121  0.367084
5 0.486885 0.162592  0.350522
572 0.281433 0.579491  0.139076
2830 0.478288 0.042334  0.479378
854 0.269421 0.322259  0.40832
4059 0.545999 0.0223438  0.431657
3950 0.279323 0.512653  0.208024
2455 0.629453 0.298979  0.0715683
3009 0.448032 0.262751  0.289217
1459 0.4065 0.233965  0.359536
3748 0.152811 0.485195  0.361994
3704 0.279107 0.434674  0.28622
2685 0.0239542 0.528834  0.447211
572 0.650966 0.119709  0.229325
3991 0.0597644 0.526864  0.413371
1363 0.550525 0.390127  0.0593488
1897 0.224506 0.349396  0.426098
920 0.0137441 0.153599  0.832657
2874 0.235839 0.305854  0.458307
1960 0.19852 0.378363  0.423117
434 0.0583671 0.366907  0.574726
1513 0.255502 0.455513  0.288985
1964 0.446894 0.164184  0.388922
894 0.10691 0.817114  0.0759768
1178 0.10589 0.717235  0.176874
2882 0.24514 0.580426  0.174434
3310 0.215231 0.236223  0.548546
3581 0.395935 0.415733  0.188332
163 0.0114745 0.858792  0.129734
1620 0.221539 0.381468  0.396993
4048 0.0640547 0.0509454  0.885
1773 0.23897 0.327596  0.433434
576 0.387395 0.140608  0.471997
748 0.197595 0.525317  0.277088
179 0.709568 0.12765  0.162782
3340 0.219994 0.407224  0.372782
3304 0.620521 0.279666  0.0998133
506 0.331303 0.160595  0.508101
2750 0.376402 0.590751  0.0328471
2002 0.344489 0.576793  0.0787179
1959 0.344024 0.373458  0.282519
841 0.342958 0.567188  0.0898539
797 0.448772 0.245943  0.305286
2837 0.463633 0.426251  0.110116
3285 0.643401 0.0926522  0.263946
3990 0.368077 0.36237  0.269554
2044 0.438732 0.399941  0.161327
1937 0.568142 0.320607  0.111251
2761 0.334758 0.329346  0.335897
1835 0.329381 0.239279  0.43134
3162 0.411906 0.290692  0.297402
3054 0.257129 0.390204  0.352667
3274 0.327315 0.524082  0.148603
3152 0.260223 0.356325  0.383452
3108 0.312594 0.366159  0.321247
3115 0.197065 0.326081  0.476854
1490 0.613642 0.115619  0.270739
922 0.215535 0.453222  0.331243
899 0.436006 0.496748  0.0672466
2081 0.389011 0.30039  0.310599
587 0.433049 0.503334  0.0636167
408 0.0565206 0.295876  0.647604
580 0.334529 0.448132  0.217339
2982 0.0299894 0.292629  0.677381
2403 0.05843 0.526939  0.414631
396 0.285612 0.467465  0.246923
1371 0.0264954 0.403817  0.569688
3226 0.240103 0.55848  0.201417
573 0.438367 0.422772  0.138861
87 0.483778 0.0775488  0.438673
1788 0.321582 0.169745  0.508673
3199 0.440869 0.287742  0.271389
2855 0.283229 0.450169  0.266602
3809 0.404851 0.29591  0.299239
1315 0.234213 0.421775  0.344013
3495 0.392708 0.0582383  0.549054
578 0.363334 0.336981  0.299685
3647 0.136238 0.215884  0.647878
1049 0.354371 0.400626  0.245004
1532 0.107203 0.603689  0.289108
2515 0.353685 0.230029  0.416286
1226 0.278586 0.384413  0.337002
3934 0.509659 0.0149233  0.475418
2260 0.35549 0.473409  0.171101
395 0.440768 0.204112  0.35512
751 0.60596 0.185618  0.208422
2892 0.350161 0.313939  0.3359
2238 0.406357 0.54555  0.048093
2852 0.31731 0.30952  0.37317
470 0.0750147 0.66237  0.262615
1649 0.621078 0.304711  0.074211
952 0.149817 0.326283  0.523899
2215 0.477218 0.267401  0.255381
1179 0.300527 0.277101  0.422372
1593 0.574468 0.113499  0.312033
1119 0.433721 0.0476037  0.518675
1133 0.313805 0.639647  0.0465479
1959 0.271397 0.234898  0.493705
588 0.128815 0.388497  0.482688
3269 0.152137 0.142686  0.705177
685 0.209707 0.409251  0.381042
2112 0.130634 0.39659  0.472776
1915 0.388939 0.390684  0.220376
1432 0.207499 0.427308  0.365193
172 0.482143 0.454092  0.0637653
1193 0.455489 0.405596  0.138915
1937 0.427242 0.339392  0.233365
1928 0.388593 0.55231  0.0590973
3599 0.881014 0.0713452  0.0476412
549 0.100681 0.117603  0.781716
2969 0.201392 0.631984  0.166624
885 0.124233 0.44937  0.426397
605 0.33966 0.612476  0.047864
1798 0.227993 0.364564  0.407442
1017 0.335165 0.564652  0.100182
2898 0.516267 0.366636  0.117097
859 0.412504 0.0951749  0.492321
1372 0.593466 0.27951  0.127024
578 0.209732 0.410157  0.380111
588 0.369654 0.326947  0.303399
234 0.450924 0.394951  0.154124
583 0.338468 0.32727  0.334262
816 0.468427 0.194572  0.337001
4021 0.141178 0.264592  0.594229
2459 0.582846 0.114325  0.30283
2290 0.44257 0.375447  0.181983
3909 0.168041 0.452391  0.379568
1738 0.206543 0.245168  0.548289
684 0.610091 0.377166  0.0127435
3384 0.237012 0.286246  0.476742
1396 0.298806 0.582661  0.118533
1593 0.230108 0.474664  0.295227
2933 0.691637 0.109015  0.199348
2381 0.77546 0.00872971  0.21581
2533 0.351019 0.313554  0.335427
354 0.486582 0.123355  0.390063
674 0.401615 0.572597  0.0257887
5 0.370303 0.370745  0.258952
259 0.133488 0.507231  0.359281
1780 0.509618 0.269583  0.220799
2927 0.449758 0.365836  0.184407
3389 0.369776 0.431462  0.198762
907 0.579749 0.136426  0.283825
895 0.246927 0.425908  0.327165
790 0.62112 0.265055  0.113826
3570 0.106408 0.709755  0.183837
1309 0.295608 0.302031  0.40236
2380 0.717346 0.233352  0.0493015
2602 0.264425 0.310538  0.425037
2889 0.439123 0.463372  0.0975052
1976 0.139821 0.407394  0.452784
1263 0.339283 0.337547  0.32317
2650 0.0456672 0.390869  0.563464
3024 0.252351 0.641587  0.106061
1937 0.140797 0.37926  0.479943
2897 0.392622 0.584854  0.0225242
2161 0.304649 0.0698169  0.625534
239 0.292975 0.130287  0.576738
2459 0.484937 0.291771  0.223291
3635 0.51754 0.0671642  0.415296
3498 0.154453 0.359827  0.48572
1577 0.346914 0.469974  0.183112
1124 0.365602 0.517186  0.117212
3012 0.276409 0.335346  0.388245
341 0.484778 0.310989  0.204233
2401 0.606724 0.0136618  0.379614
1641 0.28779 0.0216453  0.690564
513 0.644019 0.0918959  0.264085
1937 0.256154 0.373127  0.370719
3944 0.368523 0.557008  0.0744691
1525 0.109394 0.296568  0.594038
3753 0.318722 0.24058  0.440698
2400 0.19452 0.49292  0.31256
1919 0.366823 0.522782  0.110394
2126 0.174738 0.382842  0.44242
4021 0.471744 0.260555  0.267702
2577 0.417233 0.047766  0.535001
144 0.137955 0.597477  0.264568
591 0.33224 0.106217  0.561544
991 0.285599 0.455962  0.258439
2695 0.337311 0.388061  0.274628
3702 0.288389 0.43003  0.281581
3176 0.384178 0.292562  0.32326
663 0.342256 0.545638  0.112107
2885 0.190211 0.237123  0.572666
673 0.140525 0.47159  0.387886
3809 0.491679 0.194564  0.313757
3223 0.211741 0.296118  0.492141
534 0.557697 0.252939  0.189364
3260 0.529733 0.187585  0.282682
2499 0.405938 0.355383  0.238679
2889 0.453082 0.511294  0.0356237
756 0.339922 0.411596  0.248482
2745 0.208231 0.583986  0.207783
2299 0.597294 0.23627  0.166436
3809 0.31646 0.628018  0.055522
3006 0.032857 0.644555  0.322588
2458 0.593849 0.133065  0.273086
2919 0.484234 0.365656  0.15011
668 0.211682 0.639639  0.148679
3402 0.248305 0.347779  0.403916
2309 0.529484 0.169594  0.300921
1947 0.195442 0.200939  0.603619
1768 0.567546 0.386964  0.0454904
1442 0.652642 0.24409  0.103267
4015 0.0835333 0.0237326  0.892734
3068 0.484463 0.0433195  0.472217
2862 0.342786 0.197634  0.45958
79 0.295125 0.299493  0.405382
703 0.624811 0.27192  0.10327
3859 0.366 0.0646892  0.56931
3340 0.305588 0.436345  0.258067
1037 0.19041 0.189499  0.62009
3204 0.523764 0.0703836  0.405852
930 0.19904 0.443998  0.356961
2403 0.474076 0.110859  0.415065
1942 0.257808 0.489947  0.252245
3074 0.372607 0.13159  0.495802
3593 0.168402 0.485873  0.345725
574 0.438789 0.124475  0.436735
2066 0.0373012 0.230235  0.732463
4072 0.191921 0.53141  0.276668
1683 0.53117 0.06544  0.40339
3325 0.600165 0.0856874  0.314147
637 0.376163 0.213919  0.409918
1994 0.0849487 0.26289  0.652162
3659 0.354325 0.164819  0.480855
732 0.442587 0.438363  0.119049
1620 0.509003 0.205597  0.2854
2840 0.812882 0.139556  0.0475619
2426 0.274425 0.577108  0.148467
3375 0.219503 0.39892  0.381577
1713 0.375843 0.492153  0.132004
3994 0.349781 0.341543  0.308676
3668 0.433593 0.137393  0.429015
1592 0.435311 0.264069  0.300621
2829 0.277978 0.389664  0.332358
470 0.374053 0.29634  0.329607
650 0.342161 0.38406  0.273779
2023 0.28781 0.342235  0.369955
1683 0.154247 0.744129  0.101624
2874 0.365004 0.166472  0.468523
3337 0.29386 0.316917  0.389223
3031 0.193416 0.624086  0.182497
3872 0.655778 0.0837069  0.260515
3733 0.432702 0.0928505  0.474448
571 0.195646 0.364854  0.4395
1707 0.366372 0.482078  0.15155
3293 0.302739 0.646682  0.0505782
1232 0.728637 0.207785  0.0635784
152 0.201821 0.411814  0.386365
2185 0.857032 0.0488342  0.0941338
359 0.504761 0.472612  0.0226263
948 0.561577 0.104333  0.33409
1942 0.470166 0.438927  0.0909069
578 0.475018 0.244591  0.28039
2549 0.30487 0.27429  0.42084
2349 0.420763 0.557101  0.0221358
3182 0.0837137 0.0458055  0.870481
955 0.273638 0.378687  0.347675
2185 0.140665 0.401361  0.457974
556 0.556715 0.0858355  0.35745
22 0.581816 0.188182  0.230002
3068 0.492591 0.155854  0.351555
2185 0.372099 0.326172  0.301729
1518 0.215494 0.408531  0.375975
1734 0.394606 0.230981  0.374413
584 0.415787 0.256742  0.327471
2897 0.623898 0.160747  0.215355
2834 0.437885 0.377904  0.184211
3417 0.0524126 0.113032  0.834556
2919 0.545655 0.409351  0.0449936
817 0.487632 0.125858  0.38651
1351 0.102966 0.18663  0.710404
2694 0.409519 0.112664  0.477817
489 0.229646 0.449257  0.321097
1651 0.463903 0.0658915  0.470206
2843 0.589685 0.182532  0.227783
2228 0.469084 0.330961  0.199956
3092 0.49733 0.189616  0.313054
213 0.0184113 0.463002  0.518587
908 0.357232 0.316285  0.326482
1014 0.357265 0.357239  0.285496
159 0.392211 0.210132  0.397657
285 0.38295 0.21754  0.39951
3726 0.0145048 0.156815  0.82868
4094 0.282329 0.141482  0.576189
3820 0.64923 0.343113  0.00765689
447 0.011976 0.338112  0.649912
2158 0.212949 0.122546  0.664504
1524 0.268846 0.405006  0.326148
2241 0.486941 0.163942  0.349117
1108 0.223157 0.357075  0.419768
3162 0.238388 0.358105  0.403507
2444 0.408682 0.329581  0.261737
287 0.693303 0.26992  0.0367777
1115 0.452 0.219391  0.328608
1348 0.351386 0.297821  0.350794
52 0.149536 0.356306  0.494157
1473 0.50062 0.324574  0.174806
289 0.339416 0.395406  0.265178
3610 0.175345 0.578812  0.245843
2215 0.324091 0.396098  0.279811
650 0.433945 0.316751  0.249304
3032 0.376422 0.600335  0.0232425
1650 0.149732 0.335905  0.514363
3114 0.413461 0.495725  0.0908139
3260 0.419297 0.388431  0.192272
1620 0.360421 0.298679  0.3409
2881 0.170026 0.373878  0.456095
895 0.276377 0.362431  0.361192
1001 0.218509 0.469553  0.311938
3232 0.277336 0.505642  0.217022
4045 0.335663 0.348385  0.315952
1593 0.392676 0.379018  0.228306
213 0.437332 0.218554  0.344114
1928 0.0392667 0.388758  0.571975
1409 0.380313 0.0651799  0.554507
2919 0.547944 0.102467  0.349589
513 0.292494 0.287132  0.420374
2227 0.265043 0.132884  0.602073
1178 0.230778 0.135911  0.633311
845 0.615869 0.145385  0.238746
2416 0.212822 0.457589  0.329589
587 0.380789 0.340554  0.278657
1475 0.427064 0.461034  0.111902
2410 0.263154 0.364272  0.372574
2008 0.325218 0.334153  0.340628
1563 0.291361 0.326193  0.382446
3867 0.172088 0.468572  0.35934
1300 0.120017 0.415353  0.46463
1437 0.27178 0.337716  0.390504
1375 0.441214 0.488529  0.0702574
2328 0.0340145 0.898665  0.0673201
1973 0.272555 0.330674  0.39677
1466 0.400596 0.540784  0.0586201
1260 0.21563 0.398017  0.386353
1161 0.371735 0.40129  0.226974
3532 0.302693 0.237206  0.460102
3958 0.0903015 0.542595  0.367103
1916 0.4469 0.152502  0.400597
393 0.830836 0.0425657  0.126598
987 0.19084 0.352757  0.456403
1450 0.25258 0.32908  0.41834
2837 0.0419975 0.743276  0.214726
936 0.176752 0.0472751  0.775973
152 0.936008 0.021424  0.0425675
3226 0.344923 0.105573  0.549504
3210 0.362007 0.321329  0.316664
825 0.370754 0.380725  0.248521
3195 0.525463 0.191239  0.283298
1731 0.63491 0.164351  0.200739
668 0.12015 0.198214  0.681636
1386 0.848187 0.0798918  0.0719211
31 0.470067 0.273589  0.256344
733 0.0150958 0.196167  0.788737
3759 0.502984 0.0572563  0.43976
2734 0.363039 0.627452  0.00950944
1745 0.543264 0.390518  0.066218
3350 0.286764 0.374064  0.339172
409 0.539795 0.368099  0.0921056
1115 0.571117 0.114099  0.314784
2891 0.527457 0.195321  0.277222
1143 0.240006 0.39224  0.367754
385 0.0737726 0.498019  0.428208
2010 0.370365 0.174937  0.454698
574 0.21719 0.349858  0.432953
3759 0.308574 0.115509  0.575917
2862 0.227431 0.250661  0.521908
1731 0.648049 0.220247  0.131704
2709 0.494438 0.128007  0.377555
575 0.402486 0.0334631  0.564051
2932 0.368068 0.319947  0.311986
2476 0.312456 0.170469  0.517075
3652 0.0529633 0.0813108  0.865726
2832 0.235715 0.280171  0.484114
553 0.0569167 0.586558  0.356525
784 0.0696241 0.0258446  0.904531
863 0.233763 0.380087  0.38615
1925 0.423902 0.127054  0.449043
3297 0.0925296 0.472458  0.435012
2853 0.390532 0.433153  0.176315
1530 0.351102 0.290833  0.358065
3669 0.0619083 0.470989  0.467103
637 0.345093 0.38659  0.268317
224 0.204129 0.438955  0.356916
1683 0.290999 0.438207  0.270794
2850 0.667041 0.179373  0.153586
1214 0.392392 0.498411  0.109197
3261 0.353905 0.294023  0.352073
2803 0.224428 0.328393  0.44718
99 0.318545 0.417457  0.263998
2936 0.654793 0.332217  0.0129895
2034 0.401792 0.352172  0.246036
4060 0.362104 0.0989715  0.538925
1772 0.52322 0.286167  0.190613
2051 0.407028 0.108266  0.484706
2749 0.486543 0.426603  0.0868537
3570 0.685905 0.0824101  0.231685
2897 0.555936 0.192477  0.251587
688 0.223992 0.467683  0.308325
3697 0.436461 0.0820992  0.48144
2858 0.613254 0.368409  0.018337
2345 0.398547 0.153921  0.447531
2881 0.0931146 0.252447  0.654438
587 0.656395 0.221086  0.122519
1465 0.0935282 0.68473  0.221742
587 0.0183963 0.491284  0.49032
588 0.209515 0.531559  0.258926
3623 0.409534 0.0949796  0.495486
1454 0.284331 0.395411  0.320257
2339 0.397954 0.433625  0.168422
1493 0.298701 0.417811  0.283488
3461 0.362763 0.578141  0.0590969
2535 0.207932 0.286359  0.505709
3675 0.354537 0.314493  0.33097
2051 0.438585 0.297549  0.263866
3738 0.223106 0.31388  0.463014
3716 0.0771057 0.248927  0.673967
1398 0.411468 0.314377  0.274154
3095 0.351904 0.170106  0.47799
2841 0.782896 0.153138  0.0639656
2404 0.166709 0.668387  0.164905
2374 0.367575 0.188237  0.444189
2883 0.388553 0.545965  0.0654822
1290 0.408743 0.296125  0.295133
270 0.0640683 0.437484  0.498448
2611 0.269667 0.391099  0.339234
1235 0.223387 0.150124  0.626489
1928 0.685033 0.249259  0.0657079
3918 0.165116 0.376155  0.458729
1233 0.0764109 0.484942  0.438647
678 0.350785 0.330256  0.318959
1764 0.375001 0.42984  0.195159
888 0.0607477 0.590289  0.348964
2458 0.43688 0.111339  0.45178
222 0.436773 0.503363  0.0598646
3459 0.267722 0.285984  0.446295
2515 0.223933 0.52194  0.254127
1718 0.125546 0.368937  0.505517
696 0.231938 0.219721  0.548341
1635 0.358458 0.430577  0.210965
3764 0.332715 0.118426  0.548859
795 0.211188 0.363198  0.425614
649 0.337966 0.372197  0.289837
3549 0.147773 0.776607  0.0756208
1168 0.301934 0.229226  0.46884
2458 0.417766 0.0633635  0.51887
3105 0.113815 0.663779  0.222406
3265 0.385199 0.395353  0.219448
1566 0.38672 0.0183142  0.594966
2329 0.287641 0.552306  0.160053
1473 0.0699284 0.0494291  0.880642
228 0.439058 0.431285  0.129657
999 0.498727 0.0894154  0.411858
3636 0.192394 0.397288  0.410317
586 0.273674 0.465809  0.260517
342 0.43988 0.338909  0.221211
3546 0.310871 0.24458  0.44455
1278 0.53387 0.34729  0.11884
1414 0.446968 0.38428  0.168753
768 0.142612 0.407073  0.450315
650 0.840091 0.0520905  0.107818
152 0.336547 0.171718  0.491735
323 0.443187 0.0483889  0.508424
3759 0.194349 0.378545  0.427106
3519 0.383616 0.258337  0.358047
3217 0.258536 0.561734  0.17973
1437 0.23752 0.437513  0.324967
1808 0.369116 0.431058  0.199826
544 0.351245 0.407746  0.241009
570 0.203821 0.242903  0.553276
3081 0.68596 0.222708  0.0913318
1106 0.367286 0.156715  0.475999
809 0.296076 0.0404016  0.663523
1214 0.175863 0.571134  0.253003
2051 0.345409 0.125894  0.528697
1389 0.264091 0.291512  0.444397
2504 0.0313377 0.504449  0.464214
823 0.373262 0.215524  0.411215
3466 0.27691 0.329362  0.393727
1375 0.423182 0.246095  0.330723
583 0.110482 0.510954  0.378564
751 0.393119 0.356038  0.250843
1723 0.603285 0.264349  0.132365
3971 0.305578 0.210364  0.484058
34 0.45296 0.290937  0.256103
1330 0.671532 0.195203  0.133265
2888 0.20146 0.637456  0.161083
779 0.557924 0.206542  0.235535
344 0.351152 0.187282  0.461566
3942 0.465174 0.279131  0.255695
2397 0.359633 0.627744  0.0126236
472 0.0186879 0.765364  0.215948
2735 0.340718 0.339283  0.32
1850 0.499524 0.218265  0.282211
4055 0.257255 0.058384  0.684361
1937 0.108155 0.272964  0.61888
1707 0.160823 0.512214  0.326962
1200 0.0467447 0.783462  0.169793
3772 0.421474 0.245308  0.333218
2369 0.379332 0.274743  0.345925
2443 0.219324 0.375117  0.405558
152 0.545077 0.226285  0.228638
1610 0.418444 0.169178  0.412378
2403 0.613133 0.274467  0.1124
759 0.369919 0.302372  0.327709
3859 0.0728249 0.590583  0.336593
583 0.593257 0.128018  0.278725
2290 0.374214 0.0699409  0.555845
470 0.0999046 0.593936  0.306159
734 0.660172 0.331065  0.00876298
3162 0.516638 0.378036  0.105326
361 0.668517 0.259081  0.0724025
1953 0.275394 0.2887  0.435905
3001 0.0752919 0.278022  0.646686
1706 0.367758 0.296783  0.335459
3848 0.101097 0.455479  0.443424
1658 0.297813 0.491058  0.211129
2850 0.411954 0.285055  0.302991
1705 0.193519 0.361127  0.445354
1544 0.425447 0.43148  0.143073
3609 0.291353 0.246103  0.462544
1419 0.0585033 0.528392  0.413104
3078 0.638352 0.218275  0.143372
3239 0.244639 0.328036  0.427325
2834 0.507355 0.435383  0.0572621
2370 0.460312 0.0391949  0.500493
2329 0.637656 0.146109  0.216235
3799 0.162081 0.315618  0.522302
2941 0.90834 0.0203473  0.0713126
492 0.437475 0.146796  0.415729
2215 0.0321993 0.397188  0.570612
152 0.0896336 0.55164  0.358726
3803 0.462081 0.00823955  0.529679
1952 0.453093 0.424847  0.12206
1260 0.565225 0.319908  0.114867
1951 0.573611 0.237193  0.189196
1094 0.115944 0.432666  0.45139
2810 0.696163 0.13917  0.164668
4005 0.591572 0.0499268  0.358501
3148 0.327239 0.190142  0.48262
944 0.445397 0.285343  0.26926
2498 0.0873314 0.25658  0.656088
2141 0.441237 0.0801242  0.478638
3481 0.561363 0.260504  0.178133
2715 0.149939 0.0464908  0.80357
3162 0.783145 0.154951  0.0619035
2855 0.390504 0.133244  0.476251
1260 0.302037 0.19712  0.500843
170 0.311473 0.631785  0.0567427
1706 0.780227 0.188966  0.0308069
1597 0.121893 0.316931  0.561176
3817 0.475658 0.453075  0.0712678
3274 0.43267 0.428411  0.138919
3333 0.312548 0.202051  0.485401
637 0.632421 0.0928735  0.274706
2091 0.213114 0.172724  0.614161
1628 0.0603466 0.462116  0.477538
582 0.296173 0.408142  0.295685
3149 0.611388 0.318686  0.0699256
3883 0.640479 0.313047  0.0464735
1380 0.158907 0.68433  0.156763
1496 0.440443 0.41433  0.145227
1269 0.315125 0.288996  0.395879
3958 0.29825 0.212247  0.489503
3060 0.411404 0.323353  0.265243
2662 0.373183 0.359733  0.267084
693 0.252502 0.42472  0.322778
914 0.426745 0.226612  0.346643
126 0.379964 0.318647  0.301389
2831 0.344319 0.258823  0.396858
3683 0.213309 0.107117  0.679574
2051 0.47442 0.248291  0.277289
1374 0.421526 0.204337  0.374137
1693 0.376432 0.524904  0.0986644
2911 0.317915 0.120149  0.561936
169 0.279073 0.51336  0.207567
1925 0.252408 0.446658  0.300934
533 0.43912 0.30717  0.25371
888 0.190594 0.46762  0.341786
1848 0.287187 0.656349  0.0564645
584 0.458096 0.459051  0.0828522
3850 0.133448 0.441851  0.424701
2636 0.353642 0.606654  0.0397039
3967 0.330467 0.186303  0.48323
1896 0.526936 0.103333  0.36973
2188 0.401531 0.131029  0.46744
1821 0.34846 0.0868452  0.564695
1514 0.385769 0.557916  0.0563149
2988 0.458686 0.477088  0.0642262
3370 0.185337 0.6617  0.152962
2716 0.352067 0.221351  0.426582
1638 0.570849 0.0525089  0.376642
1375 0.234612 0.407117  0.358271
2796 0.44094 0.216317  0.342743
1372 0.474102 0.101149  0.424748
1323 0.456383 0.248463  0.295155
1724 0.260007 0.445105  0.294888
2848 0.117494 0.731742  0.150764
140 0.188637 0.191756  0.619606
2622 0.188332 0.487992  0.323676
141 0.765744 0.0249651  0.209291
658 0.520034 0.393068  0.0868977
2317 0.447557 0.427783  0.12466
3258 0.68748 0.160346  0.152174
1153 0.482985 0.0947658  0.422249
2879 0.32862 0.382856  0.288524
2023 0.0370035 0.0711033  0.891893
3314 0.369531 0.298362  0.332108
987 0.0179843 0.409828  0.572188
472 0.335373 0.128291  0.536336
1944 0.331662 0.0502012  0.618137
643 0.231146 0.109568  0.659286
2216 0.3681 0.14365  0.48825
3303 0.0559886 0.407882  0.53613
3271 0.207608 0.310626  0.481766
3093 0.533903 0.0689904  0.397107
1386 0.187401 0.312732  0.499867
3300 0.2406 0.300853  0.458548
1875 0.38536 0.364001  0.250639
2840 0.118854 0.515076  0.36607
143 0.483139 0.462768  0.0540925
2832 0.554008 0.135547  0.310445
349 0.107636 0.34291  0.549453
2756 0.914053 0.0166971  0.0692503
599 0.17636 0.426864  0.396776
830 0.129091 0.513781  0.357127
2449 0.271046 0.247603  0.481351
80 0.344973 0.0765089  0.578518
2862 0.336196 0.349121  0.314683
742 0.262696 0.361339  0.375964
3623 0.535363 0.107789  0.356848
1142 0.380141 0.510414  0.109444
2552 0.475763 0.0160572  0.50818
2653 0.192585 0.284147  0.523268
592 0.381095 0.0964542  0.522451
2093 0.14411 0.417421  0.438469
1338 0.222129 0.61071  0.167161
3979 0.442851 0.0923085  0.464841
949 0.0715649 0.718885  0.20955
1942 0.262427 0.482729  0.254844
1951 0.162851 0.316014  0.521134
3949 0.14317 0.23835  0.61848
596 0.454541 0.42888  0.116579
3288 0.456526 0.474168  0.0693064
1482 0.200569 0.627809  0.171621
595 0.113912 0.370429  0.515659
183 0.384672 0.319879  0.295449
199 0.303018 0.617961  0.0790209
2350 0.336553 0.47794  0.185506
1419 0.578322 0.248386  0.173292
3783 0.424296 0.347939  0.227765
632 0.51132 0.366968  0.121712
3435 0.336485 0.530425  0.13309
955 0.377244 0.277932  0.344824
2471 0.281955 0.337971  0.380074
2933 0.437616 0.436495  0.125889
1290 0.337126 0.0732994  0.589575
1098 0.315623 0.281403  0.402974
2881 0.350135 0.213914  0.435951
922 0.344872 0.238358  0.41677
1947 0.306424 0.477503  0.216072
1430 0.131944 0.570351  0.297705
2829 0.139412 0.523407  0.337181
3276 0.270625 0.445303  0.284072
2882 0.473003 0.235123  0.291874
444 0.307534 0.365077  0.327389
586 0.347818 0.389198  0.262984
2563 0.114633 0.321811  0.563556
3514 0.353172 0.428803  0.218024
1692 0.292265 0.314124  0.393611
1393 0.361575 0.193878  0.444547
2873 0.0678803 0.35558  0.57654
2837 0.627435 0.268188  0.104377
133 0.402773 0.292521  0.304707
3809 0.393918 0.330063  0.276018
2881 0.440313 0.477455  0.0822322
3347 0.495571 0.209945  0.294485
3390 0.547711 0.305878  0.146411
2873 0.230596 0.639427  0.129977
846 0.0334702 0.528631  0.437899
3088 0.655465 0.229038  0.115496
2290 0.294397 0.644638  0.0609647
1149 0.475117 0.278036  0.246847
1339 0.241071 0.702252  0.0566765
3431 0.0277993 0.745243  0.226957
4012 0.0162561 0.282512  0.701232
938 0.585942 0.0954785  0.318579
3045 0.318589 0.380639  0.300772
880 0.535169 0.439826  0.0250056
1327 0.504772 0.223638  0.27159
2697 0.624122 0.132853  0.243025
2921 0.561091 0.291007  0.147902
2897 0.533596 0.197269  0.269135
1283 0.353638 0.328255  0.318107
3623 0.363382 0.315683  0.320935
857 0.264374 0.467479  0.268146
2051 0.302018 0.229929  0.468054
1566 0.359847 0.537728  0.102425
586 0.216894 0.27967  0.503436
1822 0.265658 0.33419  0.400152
865 0.0248789 0.48345  0.491671
1204 0.457001 0.350009  0.192989
253 0.274374 0.345209  0.380417
3364 0.377708 0.414196  0.208096
382 0.405929 0.348012  0.246059
49 0.0529466 0.396551  0.550503
1236 0.152274 0.421185  0.426541
1503 0.3548 0.331149  0.314051
4089 0.164175 0.601647  0.234179
3200 0.142021 0.565288  0.292692
656 0.441302 0.347328  0.21137
2771 0.371774 0.384238  0.243988
2870 0.0123607 0.547789  0.43985
3289 0.111596 0.420998  0.467405
1888 0.387192 0.18815  0.424658
2842 0.0689418 0.198822  0.732236
1936 0.279371 0.454039  0.266589
1706 0.0878405 0.540046  0.372114
585 0.240947 0.354711  0.404342
572 0.283741 0.585726  0.130533
3939 0.255134 0.279185  0.465681
1595 0.422837 0.0814108  0.495752
2346 0.63426 0.233325  0.132415
487 0.407736 0.504315  0.0879494
496 0.505774 0.0202926  0.473933
1496 0.224143 0.687376  0.0884815
1909 0.255805 0.382551  0.361644
548 0.275741 0.224607  0.499652
1400 0.446697 0.242702  0.310602
1966 0.214193 0.448656  0.337151
2527 0.287854 0.392364  0.319782
115 0.287659 0.364961  0.34738
1706 0.35944 0.224469  0.416091
189 0.352899 0.0389703  0.608131
867 0.167918 0.408815  0.423267
576 0.223531 0.3277  0.44877
2144 0.535156 0.315325  0.149519
1358 0.243314 0.20257  0.554117
1339 0.516146 0.275403  0.208451
3226 0.69991 0.025391  0.274699
2508 0.410608 0.0532013  0.53619
1298 0.407818 0.475855  0.116327
2444 0.412185 0.024123  0.563692
152 0.706049 0.162174  0.131777
748 0.238961 0.0755212  0.685518
2901 0.305626 0.381902  0.312472
2845 0.335812 0.227695  0.436493
165 0.497079 0.394455  0.108467
3251 0.730995 0.0423554  0.22665
2350 0.33056 0.369219  0.300222
2030 0.182125 0.378048  0.439826
3307 0.482938 0.417875  0.0991867
179 0.291044 0.312335  0.396621
1482 0.22566 0.422191  0.352149
2812 0.391274 0.146821  0.461905
218 0.386007 0.596488  0.0175052
3512 0.497144 0.0224684  0.480388
1429 0.267591 0.237383  0.495026
2137 0.229685 0.437125  0.33319
140 0.434334 0.493927  0.0717395
1759 0.250426 0.66356  0.0860144
3040 0.506449 0.250472  0.243079
2857 0.517763 0.375889  0.106348
979 0.430104 0.40067  0.169225
110 0.219486 0.300948  0.479566
2897 0.016876 0.217065  0.766059
189 0.513696 0.21777  0.268534
571 0.39138 0.298814  0.309806
711 0.471609 0.366362  0.162029
1462 0.466539 0.0923249  0.441136
1658 0.0930041 0.425881  0.481115
2901 0.132557 0.431289  0.436155
3537 0.468364 0.0484321  0.483204
1243 0.316557 0.54524  0.138202
3075 0.0226401 0.274555  0.702804
2163 0.115696 0.545415  0.338889
3314 0.148721 0.678857  0.172422
1880 0.319466 0.596396  0.0841386
695 0.305018 0.431574  0.263408
3176 0.149614 0.529928  0.320458
1006 0.287924 0.30779  0.404286
437 0.223562 0.374084  0.402354
1167 0.232019 0.288052  0.479929
2850 0.28751 0.322682  0.389808
849 0.193376 0.730648  0.0759762
704 0.49936 0.139271  0.361369
3104 0.714231 0.0209627  0.264806
2870 0.306493 0.458457  0.235049
2215 0.469209 0.0462788  0.484512
3364 0.132878 0.535042  0.33208
586 0.329202 0.404582  0.266216
2725 0.37631 0.26839  0.355301
2871 0.49913 0.156101  0.34477
830 0.268782 0.359962  0.371256
3825 0.461064 0.165672  0.373264
1312 0.564741 0.124867  0.310392
3084 0.421766 0.23007  0.348164
763 0.371853 0.362161  0.265986
3768 0.476465 0.00785143  0.515683
3335 0.298169 0.245668  0.456164
1337 0.253543 0.553098  0.193359
2900 0.452501 0.401692  0.145807
579 0.171866 0.0760242  0.75211
3949 0.152527 0.721619  0.125855
575 0.742907 0.114699  0.142395
2290 0.0700942 0.145761  0.784145
3029 0.253426 0.304263  0.44231
824 0.291443 0.196025  0.512532
2919 0.471986 0.337706  0.190308
5 0.499197 0.296246  0.204557
179 0.330393 0.320521  0.349086
759 0.156917 0.473644  0.369439
1692 0.453527 0.184466  0.362007
2449 0.131886 0.576292  0.291822
4019 0.344289 0.303637  0.352074
2953 0.494458 0.459364  0.0461777
955 0.556455 0.164156  0.279389
732 0.206376 0.644596  0.149028
1333 0.226381 0.383246  0.390373
3460 0.132489 0.533727  0.333784
3375 0.274798 0.432829  0.292373
1599 0.250979 0.322427  0.426594
588 0.505154 0.196387  0.29846
658 0.130654 0.444378  0.424967
1904 0.196994 0.521723  0.281283
3420 0.401763 0.353885  0.244352
583 0.206234 0.118015  0.675751
3646 0.542175 0.410213  0.0476111
2146 0.0820459 0.305159  0.612795
1726 0.271193 0.368708  0.360099
637 0.367887 0.392823  0.23929
168 0.605579 0.361002  0.0334194
572 0.290944 0.369338  0.339717
2276 0.392802 0.533147  0.0740511
3841 0.0696711 0.770509  0.15982
2532 0.439542 0.486083  0.0743748
3192 0.184378 0.496595  0.319027
418 0.37311 0.0577198  0.56917
3327 0.352033 0.259437  0.38853
764 0.384258 0.352542  0.2632
1702 0.265391 0.563808  0.170801
1567 0.42301 0.266936  0.310054
3956 0.714258 0.08362  0.202122
2768 0.428622 0.259868  0.31151
3504 0.544951 0.357549  0.0975001
124 0.656674 0.319043  0.0242828
1706 0.354841 0.114426  0.530733
1620 0.637601 0.0550601  0.307339
2820 0.37005 0.333341  0.29661
1560 0.434607 0.520691  0.0447014
165 0.270762 0.248742  0.480497
974 0.253761 0.388956  0.357282
1033 0.379363 0.291268  0.329369
148 0.406272 0.547976  0.0457525
3683 0.0998424 0.311338  0.588819
2051 0.308197 0.121961  0.569842
1339 0.0281656 0.326417  0.645417
3515 0.0539771 0.451381  0.494642
458 0.411118 0.298886  0.289995
1681 0.332514 0.616904  0.0505819
4022 0.27835 0.348741  0.372909
3423 0.381878 0.560769  0.0573523
3398 0.415204 0.523196  0.0615991
2680 0.415971 0.300166  0.283863
1760 0.426409 0.504882  0.0687093
3286 0.0893149 0.674826  0.235859
8 0.637046 0.172353  0.190601
1706 0.634868 0.102378  0.262754
111 0.0496264 0.492808  0.457565
1394 0.0435808 0.584714  0.371705
576 0.175231 0.531579  0.293189
139 0.443018 0.364593  0.192389
2158 0.537045 0.232683  0.230272
466 0.542407 0.0689494  0.388644
155 0.375383 0.311441  0.313176
4 0.16114 0.385934  0.452926
3274 0.488841 0.292572  0.218587
3051 0.357452 0.576543  0.0660055
2410 0.409413 0.448439  0.142148
3398 0.437059 0.256694  0.306247
2384 0.0312533 0.153555  0.815192
3044 0.424389 0.317192  0.258419
2887 0.661754 0.0432123  0.295034
3759 0.365162 0.341891  0.292947
237 0.738388 0.0798692  0.181743
963 0.39494 0.587966  0.0170943
325 0.305142 0.388866  0.305991
2643 0.215667 0.0235776  0.760755
3570 0.335595 0.51551  0.148895
133 0.411325 0.35112  0.237555
1540 0.551775 0.0319393  0.416286
1727 0.344162 0.335826  0.320012
1620 0.463627 0.242628  0.293744
1786 0.491854 0.0409365  0.467209
1951 0.711559 0.271344  0.0170971
3550 0.289035 0.129158  0.581808
2504 0.413661 0.0382362  0.548102
2091 0.193884 0.675785  0.130331
3949 0.300058 0.412779  0.287163
55 0.544417 0.16947  0.286113
2131 0.1435 0.31907  0.53743
2181 0.406952 0.392805  0.200243
2259 0.0375573 0.619545  0.342897
3664 0.235383 0.606873  0.157745
2320 0.296553 0.459303  0.244144
853 0.316636 0.38869  0.294674
2003 0.095364 0.324517  0.580119
3032 0.11125 0.116874  0.771875
190 0.0587631 0.255626  0.68561
408 0.308558 0.340768  0.350674
1392 0.381775 0.441072  0.177153
588 0.375972 0.227467  0.396561
2074 0.248877 0.38376  0.367363
1928 0.427187 0.250133  0.32268
189 0.127301 0.325552  0.547147
1531 0.10739 0.414668  0.477942
3664 0.555606 0.320251  0.124143
1965 0.358853 0.373943  0.267204
1660 0.20885 0.343089  0.448061
3289 0.428216 0.342054  0.22973
2051 0.316322 0.0992002  0.584478
3474 0.302493 0.653234  0.0442735
602 0.168402 0.285654  0.545944
3261 0.31006 0.441782  0.248159
2009 0.420587 0.536141  0.0432722
1217 0.384005 0.320527  0.295468
3997 0.442822 0.437808  0.119371
2337 0.459301 0.044393  0.496306
758 0.511715 0.197575  0.290711
436 0.0233525 0.483846  0.492801
2917 0.368339 0.331025  0.300636
574 0.218302 0.113547  0.668151
1548 0.115143 0.331209  0.553648
3707 0.511049 0.0254342  0.463517
1768 0.525879 0.365061  0.10906
4005 0.434748 0.379611  0.185641
3013 0.395059 0.0322067  0.572735
3175 0.597481 0.255068  0.147451
2440 0.548126 0.42558  0.0262931
1826 0.212277 0.400247  0.387476
2564 0.464077 0.465876  0.0700465
1404 0.715956 0.120789  0.163255
769 0.116093 0.319433  0.564473
3077 0.0315168 0.465012  0.503471
153 0.607197 0.208795  0.184008
905 0.230667 0.347681  0.421653
1428 0.24131 0.373353  0.385337
44 0.510858 0.192224  0.296918
2841 0.252754 0.664515  0.0827309
1554 0.503082 0.34163  0.155289
2371 0.431853 0.213782  0.354365
3690 0.326179 0.291214  0.382607
895 0.298478 0.24606  0.455463
4005 0.206334 0.0261539  0.767512
3620 0.0990603 0.535746  0.365194
123 0.412269 0.18393  0.403801
576 0.562734 0.113743  0.323523
2557 0.451832 0.37778  0.170389
808 0.289544 0.536613  0.173843
2194 0.493608 0.124258  0.382134
3091 0.232298 0.410537  0.357165
2362 0.41077 0.334549  0.254681
1011 0.279419 0.404747  0.315834
141 0.262111 0.575914  0.161975
3183 0.538893 0.0893733  0.371734
1 0.0957504 0.356524  0.547725
1697 0.550687 0.358034  0.0912796
2720 0.342907 0.338079  0.319013
3100 0.52303 0.289482  0.187488
362 0.485746 0.463592  0.0506626
1211 0.261643 0.349378  0.38898
3640 0.39488 0.478521  0.126598
2825 0.327452 0.559956  0.112591
1154 0.424292 0.51955  0.0561586
586 0.252905 0.360764  0.386331
2713 0.236847 0.151199  0.611954
2712 0.370465 0.370323  0.259212
2065 0.115014 0.390775  0.494211
1612 0.0337094 0.220203  0.746087
820 0.265652 0.458922  0.275427
1300 0.276103 0.300057  0.42384
4072 0.40646 0.309372  0.284169
3601 0.479842 0.387602  0.132557
2718 0.24427 0.35011  0.405621
1405 0.0309937 0.0381014  0.930905
1473 0.661482 0.184746  0.153772
781 0.334007 0.420965  0.245028
1949 0.355909 0.388376  0.255715
504 0.0103045 0.712625  0.27707
865 0.317296 0.356912  0.325791
3904 0.0575587 0.59727  0.345171
2928 0.182453 0.254946  0.562601
2935 0.411691 0.216873  0.371436
4079 0.0530019 0.353583  0.593415
1291 0.412813 0.301806  0.285381
2764 0.395744 0.277486  0.32677
3309 0.454214 0.279214  0.266571
3895 0.350656 0.405864  0.243481
632 0.421648 0.0462276  0.532125
3351 0.642287 0.046216  0.311497
2287 0.422581 0.321685  0.255734
3470 0.294439 0.14095  0.56461
175 0.306206 0.356982  0.336813
1583 0.144526 0.310729  0.544745
575 0.466288 0.309432  0.224279
1129 0.604761 0.058395  0.336844
1710 0.419376 0.323631  0.256993
2363 0.603617 0.224781  0.171602
2363 0.0859213 0.606621  0.307457
3659 0.197558 0.242922  0.559521
673 0.286884 0.334136  0.37898
3248 0.445768 0.487101  0.0671302
2078 0.47602 0.0573588  0.466621
389 0.0299068 0.670337  0.299757
66 0.229797 0.743319  0.0268847
3859 0.37911 0.343783  0.277107
1466 0.489644 0.0727735  0.437582
2758 0.432336 0.217515  0.35015
2537 0.326282 0.358548  0.315169
3274 0.16195 0.639543  0.198508
2 0.268363 0.225128  0.506509
2825 0.331987 0.15103  0.516984
2487 0.447379 0.107341  0.44528
2430 0.251802 0.489499  0.258699
390 0.499807 0.302171  0.198022
2021 0.385238 0.348588  0.266174
1121 0.463483 0.203609  0.332908
4080 0.291763 0.108342  0.599894
958 0.258576 0.431385  0.310039
3159 0.635691 0.242  0.122309
579 0.295224 0.258721  0.446055
828 0.680188 0.108843  0.210968
431 0.0963742 0.737839  0.165787
2775 0.600613 0.0213032  0.378084
2535 0.343708 0.27872  0.377573
620 0.577608 0.290177  0.132215
2546 0.0319676 0.553845  0.414187
2835 0.319811 0.40413  0.27606
1306 0.0853421 0.399878  0.51478
2051 0.273153 0.319992  0.406854
2239 0.497935 0.280171  0.221894
1137 0.324804 0.225017  0.450179
2604 0.0918828 0.14047  0.767648
970 0.390908 0.287833  0.321259
2334 0.0965343 0.509512  0.393953
1929 0.463227 0.103063  0.433711
3819 0.437861 0.283541  0.278598
573 0.411226 0.369369  0.219405
2840 0.36467 0.131521  0.503809
1503 0.452718 0.325296  0.221985
1496 0.5006 0.00708909  0.492311
230 0.239984 0.525289  0.234726
3609 0.158694 0.271139  0.570167
2522 0.380664 0.211406  0.407931
12 0.425695 0.47962  0.0946845
1429 0.850868 0.0504088  0.0987231
594 0.242715 0.349072  0.408213
3370 0.307231 0.395539  0.29723
3697 0.30913 0.680054  0.0108158
1258 0.139794 0.643949  0.216257
1286 0.107697 0.563292  0.329011
2813 0.170636 0.55461  0.274754
1786 0.473733 0.264049  0.262218
2357 0.314071 0.35879  0.327139
588 0.463165 0.504443  0.0323923
507 0.258198 0.386956  0.354846
3657 0.078123 0.530163  0.391714
1826 0.112489 0.393533  0.493978
604 0.286705 0.443161  0.270134
165 0.183646 0.524069  0.292285
3474 0.214636 0.456129  0.329235
2903 0.298654 0.0114209  0.689926
1944 0.207422 0.515444  0.277134
835 0.499093 0.0334902  0.467417
2127 0.286779 0.197468  0.515753
3808 0.540692 0.202184  0.257124
573 0.00951156 0.567264  0.423224
1083 0.407625 0.308996  0.283379
2384 0.293192 0.550202  0.156606
961 0.433602 0.371596  0.194802
1546 0.452677 0.420153  0.12717
1195 0.0345561 0.542832  0.422611
585 0.420597 0.117381  0.462023
242 0.296586 0.558254  0.14516
585 0.364929 0.377736  0.257336
569 0.215848 0.294735  0.489417
569 0.349936 0.301158  0.348906
922 0.45574 0.129523  0.414736
1753 0.47524 0.365209  0.159551
1692 0.115621 0.441234  0.443146
576 0.507089 0.191848  0.301062
1693 0.303628 0.378568  0.317804
2027 0.0373455 0.169624  0.79303
740 0.340178 0.431432  0.22839
2403 0.357923 0.160354  0.481722
442 0.524562 0.329078  0.146361
523 0.294945 0.276197  0.428858
637 0.436222 0.370688  0.19309
2329 0.144673 0.374701  0.480626
4025 0.0950382 0.582031  0.322931
3797 0.383316 0.0937356  0.522949
1706 0.281297 0.291884  0.42682
2855 0.167271 0.187097  0.645632
918 0.493579 0.306617  0.199803
1504 0.0256769 0.311429  0.662894
650 0.299533 0.30531  0.395156
650 0.0358304 0.443557  0.520612
1848 0.292689 0.171372  0.535939
3867 0.627991 0.117055  0.254953
579 0.256954 0.48057  0.262476
2906 0.343241 0.342554  0.314205
1404 0.281973 0.247098  0.470929
466 0.428577 0.323251  0.248172
2602 0.531528 0.0913563  0.377116
3577 0.0400567 0.485578  0.474365
2837 0.30245 0.196682  0.500868
992 0.527521 0.179586  0.292893
3425 0.291082 0.196067  0.512851
3902 0.27385 0.493835  0.232315
3253 0.116564 0.433339  0.450097
1586 0.47023 0.523797  0.00597324
3402 0.143168 0.373346  0.483486
3392 0.421095 0.348182  0.230722
265 0.129518 0.608477  0.262005
1403 0.180332 0.528448  0.29122
2850 0.313233 0.401903  0.284864
961 0.214604 0.520607  0.264789
2084 0.426021 0.233253  0.340727
2898 0.133646 0.337126  0.529228
1621 0.478149 0.423507  0.0983438
144 0.153668 0.568752  0.27758
408 0.309763 0.266079  0.424159
541 0.440789 0.472507  0.086704
2889 0.382004 0.18241  0.435585
3461 0.453971 0.142183  0.403846
4033 0.147069 0.187495  0.665436
190 0.323422 0.374217  0.302361
3238 0.0795871 0.547127  0.373286
780 0.353583 0.325208  0.321209
3861 0.479769 0.473172  0.0470584
2933 0.66453 0.214275  0.121195
2511 0.2932 0.359938  0.346862
2504 0.318405 0.522602  0.158993
3141 0.475598 0.294118  0.230284
2829 0.343567 0.302469  0.353964
1608 0.390819 0.23942  0.369761
2201 0.158715 0.27647  0.564815
384 0.510711 0.091735  0.397554
2174 0.457092 0.30668  0.236228
1539 0.357181 0.0843222  0.558497
945 0.598579 0.110197  0.291223
914 0.322806 0.326399  0.350794
587 0.316958 0.505435  0.177607
3751 0.561298 0.407193  0.0315091
2515 0.325167 0.609166  0.0656668
165 0.4994 0.150497  0.350104
632 0.28228 0.157249  0.560472
1928 0.165027 0.784593  0.0503794
4074 0.232509 0.519145  0.248346
2306 0.153268 0.360807  0.485924
3731 0.0708729 0.240916  0.688211
1383 0.377708 0.522529  0.0997635
160 0.119458 0.650831  0.229711
430 0.313977 0.403688  0.282335
2726 0.490266 0.225526  0.284208
3325 0.308854 0.376863  0.314284
1940 0.264534 0.328284  0.407181
673 0.593923 0.129484  0.276593
3750 0.203178 0.540452  0.25637
999 0.550843 0.380695  0.0684626
1516 0.405784 0.30068  0.293536
1046 0.544927 0.126935  0.328138
3659 0.0685176 0.0627965  0.868686
1525 0.13181 0.816837  0.0513531
3657 0.370928 0.0449172  0.584155
1693 0.362015 0.616973  0.0210127
1 0.383515 0.254114  0.362371
2826 0.393378 0.566224  0.0403983
3845 0.468602 0.0504784  0.48092
213 0.0558059 0.424216  0.519978
4005 0.367889 0.0190941  0.613017
2336 0.133351 0.215094  0.651554
1010 0.397928 0.45534  0.146732
2316 0.534386 0.1081  0.357514
1359 0.298032 0.18974  0.512228
587 0.448849 0.17001  0.381141
2427 0.447323 0.430153  0.122524
2384 0.352517 0.439866  0.207617
3503 0.206212 0.0320012  0.761787
585 0.19369 0.456198  0.350112
751 0.603222 0.289215  0.107563
581 0.480313 0.443619  0.076068
2049 0.216149 0.344729  0.439122
2700 0.435514 0.372692  0.191794
2365 0.432365 0.486026  0.081609
2242 0.203475 0.63374  0.162785
5 0.522689 0.0451335  0.432177
66 0.309077 0.0917609  0.599162
2841 0.464202 0.206155  0.329643
2140 0.0504956 0.891585  0.0579195
3101 0.673647 0.250489  0.0758642
1692 0.333439 0.61232  0.0542407
1531 0.389457 0.254432  0.356111
1405 0.301931 0.275377  0.422692
1237 0.209295 0.397679  0.393026
2136 0.21808 0.489072  0.292847
1298 0.522573 0.247909  0.229517
169 0.0791946 0.510291  0.410514
3364 0.461809 0.416168  0.122023
3201 0.437004 0.136745  0.426251
1811 0.415128 0.218186  0.366686
979 0.42223 0.428839  0.148932
3971 0.507091 0.292627  0.200282
2878 0.323988 0.587832  0.08818
2409 0.468759 0.28933  0.241911
142 0.260435 0.0921302  0.647435
3500 0.493715 0.104829  0.401455
3808 0.533935 0.0241418  0.441924
795 0.00705399 0.363031  0.629915
2865 0.442199 0.392393  0.165408
