1738 0.37133 0.374097  0.254573
1760 0.10206 0.469921  0.428019
1217 0.49362 0.324532  0.181848
814 0.299541 0.296205  0.404254
2443 0.197773 0.490043  0.312184
1784 0.749432 0.136377  0.11419
2843 0.10003 0.415393  0.484577
1037 0.198242 0.419489  0.382269
1286 0.255577 0.215133  0.52929
51 0.531465 0.441306  0.0272287
1501 0.430497 0.219755  0.349748
1071 0.429396 0.100247  0.470358
143 0.332143 0.443201  0.224656
2256 0.323597 0.101694  0.574709
3107 0.318778 0.165504  0.515719
164 0.578413 0.376859  0.0447276
905 0.133192 0.211246  0.655562
599 0.141137 0.686495  0.172368
1761 0.39149 0.0734579  0.535052
2192 0.154073 0.546232  0.299696
1425 0.015997 0.378747  0.605256
1308 0.185877 0.336249  0.477874
2946 0.259039 0.417743  0.323219
2631 0.489577 0.0894424  0.42098
1226 0.432853 0.22367  0.343477
2854 0.271627 0.190519  0.537854
3117 0.455279 0.220493  0.324228
3303 0.0898564 0.407198  0.502946
1236 0.180425 0.66997  0.149605
2544 0.12047 0.529211  0.350319
2975 0.463694 0.0405564  0.49575
2200 0.449057 0.225922  0.325021
821 0.181783 0.613541  0.204676
2177 0.292885 0.657476  0.0496385
636 0.397564 0.153827  0.448609
509 0.309351 0.219896  0.470753
2911 0.435686 0.209374  0.35494
3443 0.0329873 0.271071  0.695941
3006 0.320919 0.224094  0.454987
168 0.423059 0.154784  0.422157
818 0.209248 0.26385  0.526901
1918 0.382038 0.458016  0.159947
1537 0.207794 0.446814  0.345392
748 0.403034 0.394441  0.202524
2235 0.115965 0.547563  0.336471
2948 0.587238 0.338596  0.0741652
2580 0.060197 0.469008  0.470795
2995 0.535429 0.105468  0.359103
1039 0.459464 0.288722  0.251814
3415 0.367818 0.252957  0.379225
1043 0.205363 0.686832  0.107805
332 0.282983 0.53874  0.178277
564 0.023062 0.525647  0.451291
3065 0.303639 0.33122  0.365141
2093 0.195778 0.513387  0.290835
37 0.061831 0.552407  0.385762
1596 0.343673 0.0406952  0.615631
1748 0.216748 0.396496  0.386756
3004 0.34326 0.344382  0.312359
748 0.475796 0.315268  0.208936
2153 0.285559 0.347541  0.3669
2226 0.415137 0.388932  0.195931
77 0.0941117 0.351838  0.55405
603 0.240817 0.470711  0.288472
277 0.427384 0.490719  0.0818968
1765 0.355287 0.308456  0.336257
682 0.111722 0.42486  0.463418
599 0.054605 0.45956  0.485836
1386 0.357269 0.1281  0.514632
3400 0.0725314 0.391106  0.536363
1478 0.0617609 0.633817  0.304422
1518 0.133814 0.376108  0.490078
2161 0.506467 0.208324  0.285209
1125 0.0984997 0.657287  0.244213
2597 0.294934 0.540693  0.164372
2742 0.248192 0.452827  0.298981
807 0.140978 0.48659  0.372431
3509 0.110526 0.376263  0.51321
415 0.538746 0.351296  0.109957
3265 0.430646 0.129652  0.439702
88 0.0950005 0.669113  0.235886
864 0.239206 0.451992  0.308801
1184 0.269304 0.433269  0.297427
1070 0.585071 0.138551  0.276378
1079 0.146204 0.361291  0.492505
1075 0.448156 0.540423  0.0114208
3245 0.902976 0.0311822  0.0658418
3006 0.405977 0.506413  0.0876103
2871 0.778067 0.0545612  0.167372
3496 0.0747092 0.314128  0.611162
383 0.437308 0.515002  0.0476896
1231 0.437487 0.464638  0.0978748
113 0.258576 0.42165  0.319774
3135 0.778098 0.056888  0.165014
367 0.131632 0.390374  0.477994
599 0.207963 0.155446  0.636591
2562 0.36754 0.320771  0.311688
197 0.823877 0.0819894  0.0941334
303 0.687518 0.117329  0.195153
2019 0.387083 0.212501  0.400416
3505 0.114742 0.347153  0.538105
393 0.101815 0.681176  0.217009
3265 0.532433 0.441037  0.0265308
2425 0.00956219 0.674208  0.316229
3549 0.812994 0.12127  0.0657359
2444 0.187303 0.303849  0.508848
1646 0.495283 0.340708  0.164009
603 0.640348 0.193658  0.165995
1785 0.160436 0.397198  0.442366
2018 0.124711 0.337797  0.537491
2722 0.241913 0.338875  0.419212
3338 0.362624 0.242888  0.394489
1462 0.184269 0.407991  0.40774
2235 0.146468 0.750468  0.103064
2941 0.79717 0.11413  0.0887007
1492 0.542564 0.127707  0.329728
1072 0.136336 0.39638  0.467284
3470 0.476552 0.152206  0.371241
1935 0.146048 0.363762  0.49019
1553 0.26687 0.0566516  0.676478
2328 0.242321 0.498616  0.259062
1143 0.135992 0.523158  0.34085
3221 0.0593646 0.848046  0.0925897
2058 0.401454 0.378335  0.220211
3147 0.0228348 0.429163  0.548002
3083 0.399898 0.430557  0.169544
3139 0.391144 0.237063  0.371793
2158 0.300204 0.356275  0.343522
2840 0.439771 0.43884  0.121389
478 0.310917 0.51606  0.173022
1036 0.200947 0.252974  0.546078
603 0.34743 0.414606  0.237964
3186 0.406469 0.321637  0.271894
1500 0.0595013 0.567941  0.372557
2154 0.183614 0.790838  0.0255487
787 0.452153 0.0238923  0.523955
2758 0.117491 0.374303  0.508206
3413 0.530441 0.428169  0.0413904
2434 0.132275 0.543707  0.324018
2054 0.364024 0.233173  0.402803
794 0.601715 0.338328  0.0599572
3300 0.404202 0.357571  0.238227
2797 0.0317567 0.570838  0.397406
1923 0.32714 0.172607  0.500253
480 0.183359 0.454311  0.362331
2811 0.16 0.718185  0.121815
527 0.313045 0.249742  0.437213
2794 0.384512 0.282201  0.333287
774 0.102047 0.682016  0.215937
2212 0.423443 0.175495  0.401062
1117 0.138185 0.314741  0.547074
2418 0.0610692 0.856092  0.082839
3334 0.343046 0.32252  0.334434
2474 0.320251 0.344122  0.335628
3009 0.0634436 0.366007  0.570549
2676 0.646659 0.2429  0.110441
1812 0.34436 0.580276  0.0753647
22 0.329405 0.109614  0.560981
116 0.349899 0.313071  0.33703
206 0.210702 0.172472  0.616826
1976 0.790179 0.0610256  0.148795
2940 0.354041 0.409676  0.236284
2946 0.104384 0.124025  0.771591
2627 0.13605 0.428423  0.435527
3329 0.401777 0.381576  0.216647
1738 0.820787 0.0499556  0.129257
533 0.472672 0.279053  0.248275
3030 0.228983 0.563709  0.207308
3095 0.530097 0.287593  0.18231
2602 0.201914 0.703891  0.0941954
813 0.487067 0.16337  0.349563
1116 0.423178 0.321104  0.255718
684 0.229639 0.68186  0.0885016
2265 0.386147 0.305178  0.308676
1890 0.0193291 0.391098  0.589573
2022 0.454946 0.232972  0.312082
1761 0.0101927 0.768232  0.221576
2608 0.498925 0.0391026  0.461973
2188 0.22959 0.160411  0.609999
1195 0.634761 0.228169  0.13707
1874 0.480926 0.342258  0.176815
2797 0.626881 0.331971  0.0411472
32 0.279483 0.431273  0.289244
2177 0.123702 0.155299  0.721
172 0.224692 0.339649  0.435659
2411 0.24579 0.302042  0.452169
2336 0.168809 0.389719  0.441472
1900 0.0315099 0.615935  0.352555
48 0.497122 0.168127  0.334751
195 0.375886 0.202292  0.421822
2680 0.125791 0.271313  0.602895
3515 0.207136 0.472708  0.320156
2321 0.214553 0.44068  0.344767
2322 0.493567 0.215869  0.290564
3550 0.118793 0.0702205  0.810986
530 0.170124 0.202635  0.62724
512 0.296662 0.245356  0.457982
2875 0.652617 0.0859455  0.261437
2073 0.161485 0.599504  0.239011
336 0.0114305 0.0393862  0.949183
2208 0.216811 0.529993  0.253196
527 0.320767 0.405653  0.27358
1541 0.372217 0.298582  0.329201
773 0.391406 0.183672  0.424921
3080 0.438372 0.254891  0.306738
2594 0.325456 0.345732  0.328812
1041 0.111495 0.43494  0.453564
1506 0.277557 0.231074  0.491368
22 0.395658 0.219643  0.384699
439 0.349496 0.471354  0.17915
814 0.047146 0.247149  0.705705
2769 0.382192 0.288511  0.329298
2875 0.533723 0.0905035  0.375774
75 0.20785 0.562879  0.229271
216 0.190095 0.220826  0.589079
2005 0.193634 0.402773  0.403594
2303 0.173259 0.312717  0.514025
2027 0.240346 0.60149  0.158164
3452 0.0540578 0.451509  0.494433
2571 0.319143 0.601027  0.0798296
543 0.0369762 0.541381  0.421643
1333 0.531069 0.00772311  0.461208
2305 0.552526 0.260644  0.18683
123 0.583153 0.255057  0.16179
116 0.37752 0.348466  0.274014
3417 0.562702 0.239912  0.197386
737 0.385681 0.356581  0.257737
2741 0.672144 0.231269  0.0965871
2321 0.0608963 0.597445  0.341659
367 0.207734 0.0510673  0.741199
3414 0.361492 0.126396  0.512112
1494 0.299518 0.403181  0.297301
1759 0.519223 0.30848  0.172297
774 0.49699 0.448899  0.0541109
3126 0.275563 0.254272  0.470165
3150 0.413353 0.173704  0.412943
748 0.257092 0.169712  0.573195
3436 0.472774 0.109182  0.418044
684 0.224697 0.371756  0.403546
953 0.438704 0.313392  0.247904
1285 0.277625 0.36157  0.360806
1902 0.165385 0.681965  0.152649
1873 0.090666 0.497058  0.412276
3210 0.0598478 0.705132  0.23502
2320 0.0270488 0.816464  0.156487
727 0.207938 0.477236  0.314826
1319 0.301522 0.385571  0.312907
1750 0.374029 0.400712  0.225259
1719 0.135389 0.298706  0.565905
2234 0.483661 0.0449123  0.471427
320 0.0962227 0.718825  0.184952
1932 0.288072 0.307909  0.404019
335 0.268043 0.583219  0.148738
785 0.479819 0.477428  0.0427535
1820 0.0256419 0.514333  0.460025
868 0.715638 0.245472  0.0388903
1917 0.0558968 0.485393  0.45871
424 0.231454 0.381746  0.386799
2770 0.208452 0.224317  0.56723
2303 0.390177 0.517409  0.0924143
1540 0.55098 0.429714  0.019306
1800 0.176805 0.565829  0.257366
767 0.50718 0.41548  0.0773392
2042 0.165438 0.328851  0.505711
3090 0.117661 0.168832  0.713507
271 0.0624473 0.293139  0.644414
1078 0.117641 0.10257  0.779789
3419 0.478392 0.363676  0.157932
1806 0.575252 0.193542  0.231206
617 0.114355 0.77231  0.113335
3072 0.0123005 0.288679  0.69902
1489 0.236346 0.608233  0.155422
313 0.255723 0.485359  0.258918
2478 0.353252 0.153364  0.493384
835 0.295735 0.308784  0.395482
3129 0.244043 0.27829  0.477667
1319 0.215682 0.498076  0.286242
3012 0.773031 0.208695  0.0182736
300 0.494674 0.316775  0.18855
837 0.232397 0.147706  0.619897
202 0.0928505 0.694293  0.212857
1507 0.0436266 0.487986  0.468388
2846 0.314324 0.327901  0.357775
3074 0.327398 0.310071  0.362531
439 0.0888338 0.550367  0.360799
235 0.364534 0.306687  0.328779
132 0.483034 0.485924  0.0310418
1583 0.154291 0.256698  0.589011
2921 0.17997 0.428744  0.391286
2969 0.512517 0.0908298  0.396653
2265 0.383348 0.453199  0.163453
3112 0.944545 0.035841  0.0196137
84 0.69322 0.0385438  0.268236
3239 0.21166 0.709356  0.0789838
3310 0.559054 0.26973  0.171216
3073 0.367431 0.316475  0.316094
3197 0.282924 0.296065  0.421011
739 0.364274 0.363001  0.272725
903 0.036752 0.324074  0.639174
1490 0.579593 0.403246  0.0171605
178 0.145537 0.402906  0.451557
1744 0.408008 0.211124  0.380869
956 0.141802 0.776896  0.0813026
1611 0.21196 0.410659  0.377381
1416 0.409313 0.21578  0.374907
3101 0.0569071 0.544287  0.398806
837 0.439387 0.276796  0.283816
1912 0.347481 0.488796  0.163723
2582 0.421329 0.175547  0.403123
1137 0.141134 0.615421  0.243444
1383 0.309994 0.540025  0.149981
3156 0.374874 0.194737  0.430389
1922 0.128501 0.453403  0.418096
14 0.328076 0.344832  0.327092
439 0.142045 0.193588  0.664367
2060 0.184903 0.386718  0.428379
1914 0.201914 0.420357  0.377729
2710 0.510721 0.31536  0.173919
2298 0.288064 0.585274  0.126662
1359 0.366465 0.181406  0.452129
368 0.302195 0.507476  0.190329
1561 0.492314 0.0384829  0.469203
738 0.279356 0.290324  0.43032
2942 0.380036 0.569306  0.0506584
1540 0.140468 0.208152  0.65138
896 0.657514 0.192666  0.14982
247 0.206437 0.149721  0.643842
1513 0.310752 0.14545  0.543798
676 0.392872 0.463661  0.143467
3086 0.411049 0.234913  0.354038
3340 0.131806 0.434089  0.434106
2854 0.136133 0.301789  0.562078
47 0.182947 0.423932  0.393121
2136 0.482031 0.203712  0.314258
1815 0.44876 0.235221  0.316019
2368 0.00958309 0.716777  0.27364
3321 0.10842 0.460747  0.430834
172 0.273871 0.240714  0.485414
660 0.896776 0.0264212  0.0768026
2078 0.153426 0.218592  0.627982
2975 0.456394 0.258137  0.285469
563 0.0693453 0.492444  0.438211
896 0.160783 0.437873  0.401344
3354 0.326401 0.422146  0.251454
1648 0.121215 0.708969  0.169816
1049 0.135931 0.48174  0.382329
486 0.142434 0.476008  0.381558
2773 0.459713 0.350786  0.189501
1118 0.0247846 0.511107  0.464108
3347 0.130209 0.634834  0.234957
1027 0.0793718 0.660322  0.260306
546 0.210431 0.451451  0.338119
3160 0.15177 0.624639  0.223591
483 0.0264623 0.530441  0.443097
435 0.210239 0.26226  0.527501
1553 0.311446 0.223002  0.465552
2831 0.36437 0.275917  0.359712
2740 0.247932 0.123293  0.628775
2883 0.341464 0.199122  0.459414
1634 0.356495 0.251093  0.392412
2300 0.173716 0.349487  0.476797
740 0.426256 0.250605  0.323139
3439 0.474634 0.510538  0.0148286
2166 0.4155 0.294309  0.290191
655 0.0867651 0.617309  0.295926
472 0.500322 0.0181602  0.481518
1962 0.0295286 0.454015  0.516456
948 0.451391 0.384513  0.164096
2027 0.142822 0.722209  0.134969
797 0.0539871 0.445073  0.50094
1328 0.355109 0.617406  0.0274851
22 0.445861 0.117516  0.436622
3032 0.0579227 0.485658  0.45642
1253 0.0139216 0.476381  0.509698
960 0.394066 0.361152  0.244782
2321 0.290462 0.402612  0.306926
1901 0.348575 0.380641  0.270784
1136 0.224593 0.536933  0.238473
2554 0.434246 0.227803  0.33795
403 0.345628 0.328247  0.326126
19 0.413609 0.554947  0.0314442
935 0.294768 0.435068  0.270164
625 0.189968 0.189132  0.620899
1513 0.320647 0.544736  0.134617
3086 0.314013 0.357373  0.328613
1297 0.776507 0.150951  0.0725416
25 0.265545 0.416644  0.317811
1727 0.372754 0.276034  0.351213
798 0.254162 0.197792  0.548046
873 0.368002 0.541648  0.0903503
1140 0.125002 0.715544  0.159454
2067 0.29065 0.378206  0.331144
748 0.317529 0.56873  0.113742
2401 0.165585 0.503536  0.330878
584 0.0736734 0.438315  0.488011
1723 0.189786 0.593677  0.216538
2778 0.168677 0.38042  0.450903
3004 0.290461 0.360809  0.34873
114 0.387007 0.313179  0.299814
2372 0.0313694 0.427218  0.541413
601 0.205063 0.33678  0.458157
2797 0.123991 0.332506  0.543504
1637 0.339432 0.0523265  0.608241
798 0.297389 0.101344  0.601267
2905 0.271044 0.480235  0.248721
2188 0.184751 0.388013  0.427236
1382 0.390253 0.164353  0.445394
1110 0.239089 0.612721  0.148189
1412 0.495862 0.220695  0.283443
1759 0.44502 0.0153895  0.539591
1120 0.281183 0.560028  0.158789
176 0.0917489 0.567405  0.340846
1495 0.155317 0.372252  0.472431
2373 0.369881 0.247972  0.382147
2104 0.516536 0.0859349  0.397529
2315 0.393928 0.45165  0.154422
2017 0.207998 0.203507  0.588495
3346 0.301105 0.391689  0.307207
974 0.508055 0.417534  0.0744106
3136 0.130414 0.518148  0.351438
2185 0.332636 0.2951  0.372264
1491 0.360048 0.0102933  0.629659
1920 0.542877 0.168392  0.288731
296 0.162419 0.605209  0.232372
2484 0.493418 0.474443  0.0321392
708 0.156553 0.23249  0.610957
1212 0.252759 0.424294  0.322947
1779 0.454139 0.20701  0.338851
596 0.469614 0.226215  0.304171
3333 0.423734 0.262791  0.313475
296 0.580558 0.394447  0.024995
2693 0.0900053 0.361736  0.548259
1497 0.0475686 0.685499  0.266932
2279 0.264972 0.221182  0.513846
1117 0.447201 0.215626  0.337173
1765 0.223422 0.416605  0.359973
1246 0.354379 0.234188  0.411433
2409 0.100321 0.474974  0.424706
2385 0.618316 0.227456  0.154228
1811 0.235926 0.235668  0.528406
1610 0.331665 0.381898  0.286437
3014 0.111764 0.145625  0.742611
2801 0.401569 0.082085  0.516346
429 0.411116 0.226432  0.362452
1591 0.263481 0.424703  0.311816
2380 0.124631 0.464055  0.411313
2338 0.781727 0.12094  0.0973322
1762 0.211894 0.622083  0.166023
663 0.179075 0.346808  0.474117
1801 0.134555 0.419147  0.446297
3382 0.0270601 0.402271  0.570669
27 0.638847 0.208178  0.152974
1127 0.174134 0.527286  0.29858
251 0.4709 0.131877  0.397223
3158 0.260805 0.093417  0.645778
624 0.490127 0.236633  0.27324
1877 0.392903 0.247327  0.35977
2061 0.407053 0.528504  0.0644423
222 0.0802038 0.292625  0.627172
1779 0.34267 0.457125  0.200205
2552 0.384362 0.20412  0.411519
1123 0.349383 0.34108  0.309538
147 0.313995 0.593243  0.0927621
674 0.0289884 0.485149  0.485863
1844 0.209792 0.241023  0.549185
2263 0.169993 0.459952  0.370056
2761 0.123754 0.632516  0.24373
205 0.546416 0.363415  0.0901692
1911 0.346075 0.383282  0.270643
2011 0.361178 0.21192  0.426903
596 0.612972 0.212874  0.174154
1515 0.174528 0.609484  0.215988
2070 0.157671 0.262313  0.580016
1695 0.14424 0.366522  0.489238
404 0.312228 0.475035  0.212737
928 0.312638 0.379715  0.307647
3003 0.251952 0.116564  0.631484
2321 0.245819 0.38513  0.36905
526 0.361886 0.351485  0.286629
3351 0.225101 0.106824  0.668076
1597 0.499023 0.317944  0.183033
2296 0.585101 0.0812728  0.333627
1286 0.476686 0.0714675  0.451847
3058 0.374537 0.295043  0.33042
172 0.11736 0.376612  0.506029
1795 0.522787 0.144523  0.33269
700 0.15985 0.38771  0.45244
1213 0.0866402 0.532508  0.380852
1785 0.392128 0.195615  0.412257
2272 0.258892 0.345074  0.396034
1588 0.296639 0.0159447  0.687416
1117 0.576864 0.355425  0.067711
1906 0.72713 0.251461  0.0214096
3248 0.215821 0.481613  0.302566
930 0.287256 0.381665  0.331079
2497 0.482174 0.0363317  0.481494
208 0.361761 0.392442  0.245797
2716 0.164725 0.587132  0.248143
1385 0.800139 0.0318541  0.168007
1908 0.165254 0.265697  0.56905
2192 0.131461 0.505581  0.362958
3000 0.303021 0.326535  0.370444
2193 0.554803 0.325487  0.119709
398 0.40563 0.316399  0.277971
3545 0.475064 0.307544  0.217392
2051 0.575723 0.338732  0.0855442
817 0.208593 0.37473  0.416677
252 0.0239593 0.35757  0.618471
157 0.207576 0.497167  0.295257
556 0.490285 0.443123  0.0665917
749 0.26746 0.166543  0.565996
2709 0.277415 0.520705  0.20188
812 0.689893 0.0684477  0.24166
1086 0.17839 0.200221  0.621389
3445 0.131092 0.370536  0.498372
1702 0.240781 0.510912  0.248308
2016 0.400603 0.556822  0.0425755
2425 0.130217 0.768351  0.101432
1222 0.332232 0.357889  0.309879
1916 0.140696 0.490652  0.368652
2235 0.383263 0.141658  0.475079
2257 0.308548 0.666191  0.0252606
3274 0.326345 0.265958  0.407697
385 0.660428 0.0684074  0.271165
843 0.0191011 0.558836  0.422063
3313 0.0658179 0.306319  0.627863
3331 0.489142 0.237036  0.273822
1235 0.149608 0.0257779  0.824614
2668 0.269689 0.116803  0.613508
1558 0.163621 0.291492  0.544887
830 0.280675 0.0119545  0.707371
517 0.0900023 0.506816  0.403181
3009 0.47358 0.511565  0.0148543
3509 0.218293 0.424462  0.357245
875 0.428643 0.350528  0.220829
2841 0.436488 0.024485  0.539027
3362 0.373038 0.24997  0.376991
3380 0.564119 0.119223  0.316658
2872 0.382607 0.341516  0.275877
160 0.381789 0.340327  0.277884
2983 0.385124 0.380314  0.234562
439 0.33493 0.436575  0.228495
778 0.641608 0.153206  0.205186
2189 0.598525 0.193289  0.208186
1813 0.231936 0.206112  0.561952
3545 0.341106 0.368458  0.290436
650 0.30195 0.439436  0.258614
309 0.873779 0.100304  0.0259169
1866 0.410816 0.406868  0.182316
2160 0.281153 0.336035  0.382812
339 0.167643 0.808233  0.024124
1893 0.39069 0.201456  0.407855
3229 0.891275 0.0218408  0.0868841
1604 0.139623 0.47953  0.380847
254 0.0441615 0.463394  0.492445
2073 0.4007 0.252932  0.346368
2939 0.218131 0.555925  0.225944
456 0.0113017 0.612322  0.376377
2830 0.349311 0.128691  0.521998
2744 0.0384418 0.415287  0.546271
672 0.327364 0.452527  0.220109
2894 0.412451 0.324031  0.263518
2595 0.260129 0.403075  0.336796
155 0.0904763 0.577521  0.332002
797 0.289596 0.314887  0.395516
1999 0.438299 0.278699  0.283003
2096 0.326193 0.381831  0.291977
358 0.272956 0.620973  0.106071
2060 0.426054 0.330958  0.242988
599 0.358015 0.341041  0.300944
3435 0.308298 0.417356  0.274346
3278 0.174448 0.514349  0.311203
952 0.561483 0.0884863  0.35003
728 0.373497 0.405221  0.221282
1800 0.119063 0.107123  0.773814
1721 0.431818 0.43279  0.135392
13 0.165952 0.158326  0.675721
289 0.514226 0.303379  0.182394
304 0.547811 0.440903  0.0112858
1890 0.213134 0.542653  0.244214
707 0.231195 0.227386  0.541418
1807 0.258555 0.453296  0.288149
3155 0.289382 0.3212  0.389418
515 0.118127 0.0348143  0.847058
191 0.286002 0.129141  0.584858
3136 0.305102 0.246533  0.448365
1106 0.332824 0.257011  0.410165
1133 0.229663 0.439794  0.330543
1090 0.113679 0.475078  0.411244
463 0.420101 0.113838  0.466061
3323 0.776755 0.0355689  0.187676
1919 0.36769 0.267938  0.364372
2573 0.34546 0.365285  0.289255
241 0.179259 0.218353  0.602388
1126 0.279242 0.236561  0.484197
1810 0.619955 0.122199  0.257846
1036 0.265004 0.149745  0.585252
1990 0.578165 0.0738999  0.347935
693 0.454866 0.0968727  0.448261
1382 0.381834 0.306747  0.311419
2239 0.408458 0.434846  0.156695
3098 0.148988 0.373355  0.477657
533 0.303367 0.450981  0.245652
3408 0.331581 0.396159  0.272261
1295 0.492724 0.29034  0.216936
235 0.281239 0.38789  0.330871
444 0.162828 0.451656  0.385516
2883 0.25099 0.397361  0.35165
171 0.140125 0.248757  0.611118
285 0.211216 0.203365  0.585419
762 0.228737 0.717027  0.0542354
1489 0.431272 0.534278  0.0344497
1311 0.37317 0.135407  0.491423
677 0.159601 0.389955  0.450443
2295 0.115023 0.515015  0.369962
2162 0.662778 0.131624  0.205598
1031 0.30338 0.293309  0.403311
20 0.255215 0.207297  0.537487
2752 0.305714 0.107888  0.586398
190 0.20537 0.247793  0.546837
2231 0.808837 0.13396  0.0572029
2411 0.372096 0.158476  0.469428
2197 0.588701 0.197651  0.213648
1345 0.185624 0.398013  0.416363
393 0.071579 0.442368  0.486053
2248 0.0868011 0.504437  0.408762
1296 0.806414 0.0703357  0.12325
1115 0.473374 0.313972  0.212654
3171 0.19951 0.277786  0.522704
2318 0.0711026 0.602971  0.325926
1763 0.0887584 0.562788  0.348454
27 0.194407 0.78001  0.0255826
1067 0.592443 0.349994  0.0575625
244 0.492023 0.482604  0.0253726
3013 0.310173 0.144794  0.545033
595 0.0466261 0.285716  0.667657
3096 0.404369 0.237793  0.357838
2077 0.464164 0.0548016  0.481035
2561 0.173834 0.308676  0.51749
3322 0.437457 0.424582  0.137961
1131 0.29157 0.182727  0.525703
3333 0.515343 0.0309464  0.45371
1524 0.332194 0.524329  0.143477
1691 0.411529 0.47006  0.118411
3235 0.404603 0.144978  0.450419
1138 0.511142 0.465401  0.023457
1710 0.315391 0.165743  0.518867
2567 0.0492547 0.473495  0.477251
704 0.579967 0.107713  0.31232
1146 0.571605 0.41979  0.00860526
22 0.47779 0.165328  0.356883
3153 0.249072 0.255828  0.495099
1323 0.605754 0.28445  0.109796
3252 0.176926 0.71508  0.107994
104 0.237512 0.377958  0.384531
1754 0.0499754 0.406398  0.543626
1431 0.338379 0.365231  0.29639
1984 0.648678 0.130413  0.220909
2944 0.357161 0.210844  0.431996
3489 0.475065 0.515454  0.00948091
50 0.165456 0.451681  0.382863
2000 0.533584 0.0543571  0.412059
1763 0.144879 0.540782  0.314338
2113 0.332689 0.429118  0.238193
3432 0.428916 0.300272  0.270812
1373 0.27411 0.270909  0.45498
1488 0.671986 0.191533  0.13648
2231 0.323969 0.252611  0.42342
514 0.529594 0.2188  0.251606
833 0.46324 0.422629  0.114131
720 0.451857 0.361303  0.18684
816 0.347617 0.211411  0.440972
2396 0.25814 0.113449  0.628411
1134 0.32335 0.374608  0.302042
1930 0.485809 0.441164  0.0730278
2896 0.33061 0.20105  0.46834
2852 0.237365 0.210169  0.552465
2319 0.724658 0.103562  0.17178
1781 0.264845 0.33705  0.398105
843 0.771479 0.0785795  0.149941
1573 0.0524453 0.579346  0.368209
628 0.590691 0.166362  0.242947
2907 0.565094 0.180033  0.254873
2512 0.0135744 0.405078  0.581348
1924 0.426003 0.227879  0.346118
2429 0.270487 0.401722  0.327792
141 0.312353 0.334752  0.352894
2804 0.187759 0.155636  0.656605
2328 0.170938 0.508978  0.320084
2319 0.353279 0.236177  0.410545
511 0.220326 0.336146  0.443528
88 0.512697 0.316853  0.17045
1725 0.42743 0.298687  0.273883
597 0.32634 0.249133  0.424527
2227 0.457593 0.239667  0.30274
1207 0.050378 0.62479  0.324832
3530 0.343827 0.241364  0.414809
1386 0.0156578 0.743574  0.240768
2733 0.297672 0.481084  0.221244
2760 0.406346 0.156615  0.437039
2989 0.472269 0.284174  0.243557
1129 0.395905 0.468211  0.135884
2226 0.183145 0.349827  0.467029
1810 0.283421 0.530353  0.186225
3021 0.305288 0.571491  0.123222
3109 0.278544 0.372365  0.34909
815 0.261386 0.198066  0.540548
749 0.440462 0.129731  0.429806
2558 0.46326 0.0384509  0.498289
1295 0.371713 0.240918  0.387369
2268 0.26801 0.683898  0.0480919
454 0.0449553 0.432551  0.522493
1802 0.333027 0.310614  0.356359
3322 0.508936 0.185108  0.305956
67 0.240907 0.39441  0.364683
1143 0.321332 0.274198  0.404471
1380 0.345558 0.434235  0.220207
2854 0.261094 0.159605  0.579301
58 0.228887 0.261801  0.509312
802 0.252047 0.352111  0.395842
2851 0.44738 0.330253  0.222367
3478 0.18273 0.366883  0.450387
3341 0.375916 0.130667  0.493417
1034 0.320909 0.156185  0.522906
2854 0.733862 0.195626  0.0705128
3487 0.324775 0.40077  0.274455
1899 0.308117 0.557754  0.134129
906 0.277427 0.265918  0.456656
1788 0.105051 0.108117  0.786833
2992 0.131814 0.390046  0.478139
1025 0.294026 0.316394  0.38958
2279 0.30108 0.557336  0.141584
2564 0.190428 0.575492  0.234081
778 0.368896 0.335336  0.295768
3110 0.0787962 0.498619  0.422585
607 0.290082 0.64969  0.0602282
1240 0.393067 0.19293  0.414003
1891 0.3091 0.414461  0.276439
2857 0.526112 0.359477  0.114411
1491 0.358766 0.318164  0.32307
3333 0.407304 0.228517  0.364179
954 0.401029 0.312092  0.286879
1510 0.465195 0.306452  0.228354
2859 0.313176 0.530147  0.156677
2074 0.546249 0.176968  0.276783
1070 0.275197 0.392861  0.331942
740 0.119273 0.698282  0.182445
2975 0.618029 0.180403  0.201568
512 0.546555 0.297155  0.15629
1108 0.685631 0.0858888  0.22848
2162 0.428613 0.446899  0.124488
277 0.0724475 0.150123  0.777429
1003 0.373824 0.175462  0.450714
3186 0.27747 0.147671  0.57486
2959 0.215462 0.406786  0.377752
729 0.478626 0.353106  0.168267
3340 0.381573 0.211937  0.40649
909 0.405672 0.42108  0.173248
2698 0.0253656 0.101802  0.872832
1881 0.0180557 0.441184  0.54076
531 0.48654 0.364239  0.149222
3544 0.291349 0.673436  0.0352146
1945 0.621078 0.36327  0.0156525
716 0.0203725 0.680697  0.29893
1601 0.157629 0.672852  0.169519
2680 0.176224 0.512547  0.311229
1913 0.384175 0.328864  0.286961
2210 0.380564 0.332026  0.287409
369 0.555189 0.236467  0.208344
2586 0.178091 0.399469  0.42244
3116 0.222533 0.355262  0.422206
1138 0.629368 0.228528  0.142104
221 0.046659 0.0434649  0.909876
748 0.638288 0.0441264  0.317586
2384 0.145199 0.233999  0.620802
1627 0.123573 0.417476  0.458951
1005 0.448221 0.27392  0.277859
2259 0.614651 0.160393  0.224957
2150 0.275287 0.34795  0.376762
3107 0.601921 0.0227643  0.375314
3012 0.467011 0.0488731  0.484116
2942 0.469556 0.395317  0.135127
1785 0.216392 0.250363  0.533244
472 0.543163 0.20762  0.249217
62 0.412207 0.400878  0.186915
1989 0.403191 0.155803  0.441007
702 0.504982 0.254313  0.240705
252 0.543968 0.0407697  0.415263
341 0.194036 0.400673  0.405291
1574 0.296135 0.282245  0.421619
2268 0.322951 0.285719  0.39133
2324 0.586374 0.0670988  0.346527
3401 0.426609 0.377308  0.196084
3003 0.0716089 0.257037  0.671355
111 0.53014 0.347044  0.122817
2172 0.103797 0.336605  0.559598
1235 0.425181 0.494334  0.080485
1248 0.41964 0.319209  0.261151
2085 0.478425 0.284559  0.237016
1636 0.419656 0.176468  0.403875
1225 0.317977 0.183347  0.498675
2850 0.194478 0.716937  0.0885851
1052 0.557587 0.392167  0.0502457
1552 0.0183876 0.579198  0.402414
2836 0.803199 0.0131933  0.183608
836 0.177306 0.694437  0.128257
1404 0.136186 0.156614  0.7072
1081 0.0999544 0.376477  0.523568
1603 0.3098 0.479063  0.211137
628 0.565819 0.152809  0.281372
2521 0.430969 0.260693  0.308337
3274 0.338214 0.404225  0.257562
337 0.527089 0.21014  0.262771
2683 0.39558 0.18012  0.424299
699 0.843258 0.0557542  0.100988
421 0.716978 0.0940078  0.189014
27 0.120024 0.488393  0.391583
3509 0.42059 0.433309  0.146101
20 0.401604 0.197426  0.40097
1054 0.0180203 0.358706  0.623273
1594 0.226484 0.504021  0.269495
932 0.684746 0.200618  0.114636
144 0.229571 0.181378  0.589051
3266 0.699594 0.231912  0.0684943
67 0.297449 0.471901  0.23065
1652 0.0531928 0.343647  0.603161
79 0.300073 0.385382  0.314545
1645 0.573924 0.365819  0.0602571
738 0.178097 0.289914  0.531989
1656 0.21732 0.361896  0.420784
968 0.529971 0.252185  0.217845
2770 0.351356 0.437715  0.210929
1314 0.269298 0.622913  0.107789
526 0.0258124 0.485198  0.488989
2914 0.335108 0.19949  0.465403
3398 0.579718 0.217824  0.202458
2694 0.270902 0.429756  0.299342
3315 0.521293 0.434933  0.0437745
1756 0.384914 0.442292  0.172794
3332 0.53438 0.361104  0.104516
3088 0.510722 0.290547  0.198731
1307 0.417163 0.0844675  0.49837
831 0.330726 0.228366  0.440908
1999 0.252027 0.0853662  0.662607
2822 0.240193 0.485932  0.273876
2075 0.0951762 0.200567  0.704257
3035 0.198352 0.640524  0.161124
3015 0.182745 0.579777  0.237478
820 0.614802 0.342362  0.0428364
1997 0.558765 0.147748  0.293487
1821 0.65215 0.194221  0.153629
2786 0.176686 0.771457  0.0518567
3479 0.538738 0.056796  0.404466
734 0.137742 0.426523  0.435734
336 0.646411 0.116444  0.237145
1800 0.335642 0.108314  0.556044
1103 0.459464 0.334557  0.205979
710 0.3871 0.232564  0.380335
1118 0.348094 0.619581  0.0323245
428 0.143644 0.324612  0.531744
275 0.592738 0.359742  0.0475195
2639 0.567406 0.0675173  0.365077
2983 0.438622 0.0789852  0.482393
1750 0.388583 0.388059  0.223358
928 0.248141 0.361352  0.390506
2178 0.403486 0.295449  0.301066
3314 0.257254 0.212174  0.530572
794 0.431124 0.169141  0.399735
846 0.702216 0.265498  0.0322858
2348 0.089281 0.432478  0.478241
1997 0.306569 0.581451  0.11198
1795 0.345673 0.30269  0.351637
601 0.508733 0.0565497  0.434717
287 0.283658 0.128004  0.588338
2839 0.374648 0.303068  0.322284
2624 0.52577 0.0681219  0.406108
23 0.31024 0.349402  0.340358
745 0.310659 0.144155  0.545187
3548 0.57583 0.183144  0.241026
2203 0.111762 0.0944213  0.793817
1498 0.89541 0.0272495  0.0773401
423 0.110445 0.624628  0.264927
423 0.310134 0.613671  0.0761953
326 0.393527 0.526227  0.0802459
839 0.424714 0.296011  0.279275
2347 0.0641687 0.464739  0.471092
208 0.288997 0.486116  0.224887
3003 0.469334 0.255474  0.275191
1808 0.170121 0.367558  0.462321
299 0.489358 0.309635  0.201006
105 0.395194 0.0250588  0.579747
3543 0.340344 0.307815  0.351841
3389 0.44985 0.303407  0.246743
1296 0.303883 0.338787  0.35733
957 0.013218 0.302067  0.684715
1896 0.175011 0.474866  0.350123
2842 0.436486 0.285708  0.277806
2380 0.376927 0.435921  0.187152
2227 0.38666 0.381496  0.231845
3239 0.250814 0.344722  0.404464
111 0.0686599 0.0380764  0.893264
3277 0.884145 0.0132947  0.102561
2409 0.134539 0.103816  0.761645
165 0.23083 0.207048  0.562122
1814 0.434505 0.145261  0.420234
3470 0.124374 0.306076  0.56955
2352 0.421391 0.29642  0.282189
397 0.244986 0.29411  0.460904
2491 0.564177 0.0482449  0.387578
654 0.355302 0.396316  0.248382
1074 0.0407311 0.230765  0.728504
1356 0.0365727 0.586914  0.376514
2595 0.216378 0.448469  0.335152
1342 0.315911 0.595229  0.0888593
430 0.170478 0.638694  0.190827
2846 0.429214 0.0684931  0.502293
568 0.347597 0.44808  0.204323
866 0.0832392 0.775333  0.141428
171 0.110125 0.432211  0.457664
3329 0.317368 0.32362  0.359012
2488 0.832855 0.138726  0.0284188
3359 0.424154 0.11718  0.458665
1241 0.293838 0.368593  0.337569
2799 0.3259 0.257658  0.416442
2487 0.669009 0.13209  0.198901
1036 0.880284 0.0916473  0.0280685
615 0.409282 0.371673  0.219045
740 0.291506 0.393943  0.314551
223 0.245491 0.354719  0.39979
2799 0.0767195 0.510634  0.412646
688 0.0450233 0.695727  0.25925
1067 0.0407877 0.21281  0.746402
366 0.277791 0.0096001  0.712609
1997 0.326417 0.44722  0.226363
723 0.189856 0.177049  0.633095
2815 0.322238 0.454261  0.223502
1357 0.391183 0.548216  0.0606009
2596 0.135304 0.268635  0.596061
2324 0.429305 0.228798  0.341897
964 0.202822 0.0932594  0.703919
1989 0.141642 0.363262  0.495097
3483 0.0457053 0.291387  0.662908
1630 0.54805 0.0109099  0.44104
337 0.0738092 0.602738  0.323453
2411 0.02261 0.812452  0.164938
390 0.477058 0.356326  0.166617
1778 0.596474 0.205958  0.197568
2678 0.22247 0.623229  0.154301
2756 0.342455 0.336688  0.320857
370 0.13501 0.434373  0.430617
2941 0.364142 0.473523  0.162335
1991 0.342858 0.380407  0.276735
864 0.391252 0.513904  0.0948437
3069 0.109466 0.551566  0.338968
1313 0.463605 0.280549  0.255846
2851 0.32676 0.0376559  0.635584
2605 0.156438 0.442352  0.40121
2162 0.184752 0.531464  0.283784
1662 0.071687 0.486023  0.44229
1763 0.644405 0.110025  0.24557
1330 0.239886 0.369254  0.39086
2286 0.175221 0.563928  0.260851
3546 0.262636 0.557758  0.179606
2188 0.484463 0.372324  0.143213
1757 0.532914 0.380593  0.0864926
160 0.0969769 0.254079  0.648944
1913 0.230157 0.429915  0.339929
1458 0.348127 0.508538  0.143336
1492 0.292682 0.411993  0.295325
1148 0.431757 0.185337  0.382906
2949 0.440494 0.215325  0.344181
247 0.224784 0.442846  0.33237
2297 0.0858445 0.219338  0.694817
968 0.123415 0.255064  0.621521
2922 0.702025 0.0720681  0.225907
3520 0.233541 0.674004  0.0924546
2923 0.215026 0.365335  0.419639
1781 0.108453 0.498981  0.392566
2322 0.452171 0.405447  0.142382
1225 0.457438 0.155436  0.387125
85 0.397378 0.309642  0.29298
494 0.476369 0.0616483  0.461983
2155 0.355298 0.329696  0.315006
2001 0.203124 0.445133  0.351743
1786 0.335008 0.547825  0.117167
1132 0.275333 0.101034  0.623633
2846 0.271253 0.389641  0.339106
704 0.186654 0.59094  0.222406
2911 0.0890786 0.471245  0.439676
2488 0.253413 0.302139  0.444448
677 0.398862 0.273594  0.327544
655 0.333852 0.373911  0.292237
3499 0.476734 0.0681189  0.455147
1729 0.361245 0.239406  0.399349
755 0.373864 0.587322  0.0388133
886 0.398722 0.206864  0.394414
77 0.341742 0.384125  0.274133
2910 0.34054 0.345695  0.313765
3007 0.540026 0.386204  0.0737699
968 0.236854 0.175512  0.587633
444 0.239158 0.682072  0.0787694
1258 0.508052 0.257875  0.234073
956 0.360123 0.422789  0.217088
2909 0.175766 0.385048  0.439186
1389 0.423339 0.422415  0.154246
1078 0.862777 0.0827352  0.0544876
1177 0.705282 0.028689  0.266029
3011 0.206708 0.223605  0.569686
2022 0.368746 0.469534  0.16172
1293 0.284894 0.655298  0.0598076
1046 0.497048 0.487811  0.0151413
2932 0.0576109 0.461376  0.481013
2055 0.176892 0.599521  0.223587
1338 0.529197 0.457645  0.0131587
2797 0.492281 0.274437  0.233282
699 0.439096 0.241957  0.318947
2077 0.308896 0.320188  0.370916
1997 0.0919512 0.447649  0.4604
2906 0.561285 0.115173  0.323543
1228 0.411669 0.296725  0.291606
3108 0.302273 0.0802405  0.617487
2309 0.303536 0.592466  0.103998
1206 0.224347 0.478738  0.296915
1249 0.810902 0.0517147  0.137383
3152 0.790642 0.102941  0.106417
978 0.284798 0.123438  0.591763
2536 0.0135882 0.469802  0.51661
403 0.524859 0.281388  0.193754
435 0.260002 0.419115  0.320883
1886 0.313763 0.580777  0.10546
3511 0.509435 0.37802  0.112545
2979 0.248282 0.293189  0.45853
2674 0.479621 0.156238  0.364141
866 0.642023 0.129535  0.228442
3283 0.216879 0.369316  0.413805
2392 0.0522995 0.658772  0.288929
600 0.120853 0.453386  0.425761
174 0.0471106 0.44382  0.50907
674 0.314558 0.268394  0.417049
1049 0.238675 0.627995  0.13333
3337 0.419336 0.412809  0.167855
1749 0.247527 0.115996  0.636477
375 0.480711 0.351744  0.167545
1962 0.39103 0.301261  0.307709
2003 0.433864 0.142507  0.42363
494 0.334548 0.375627  0.289825
2795 0.475401 0.297228  0.227371
1386 0.274918 0.324431  0.400652
838 0.103431 0.75788  0.138689
2850 0.22924 0.381595  0.389165
2894 0.172575 0.406348  0.421077
3508 0.421494 0.380257  0.198249
2698 0.0885142 0.690881  0.220605
1566 0.468103 0.472864  0.0590333
1986 0.102293 0.445543  0.452164
1763 0.0275166 0.254182  0.718302
2231 0.483492 0.473295  0.0432125
648 0.157181 0.730467  0.112353
2585 0.547746 0.0277789  0.424475
2948 0.153472 0.413103  0.433425
2075 0.0805111 0.650812  0.268677
980 0.186156 0.332432  0.481412
467 0.246216 0.577604  0.17618
2764 0.297692 0.411114  0.291194
3331 0.29689 0.40878  0.29433
2223 0.512236 0.25678  0.230984
1125 0.293774 0.36669  0.339536
3013 0.222011 0.450209  0.32778
751 0.391238 0.368768  0.239994
1945 0.197414 0.379323  0.423262
2487 0.326434 0.258929  0.414638
199 0.229558 0.727963  0.0424783
1441 0.378485 0.543644  0.0778711
3033 0.422771 0.523333  0.053896
2047 0.333276 0.536217  0.130507
851 0.456137 0.18586  0.358003
1298 0.793803 0.107025  0.0991726
1588 0.284746 0.267183  0.448071
2799 0.218757 0.451802  0.329441
3330 0.756634 0.209258  0.0341075
1996 0.278251 0.518384  0.203365
2096 0.160858 0.43959  0.399551
580 0.277056 0.471816  0.251128
2188 0.110177 0.611276  0.278548
3547 0.182435 0.634158  0.183406
815 0.0274159 0.470377  0.502208
3340 0.156174 0.59424  0.249586
3039 0.334997 0.290806  0.374197
27 0.232989 0.379244  0.387767
2257 0.460629 0.178104  0.361267
2472 0.445418 0.274449  0.280133
311 0.389553 0.0639954  0.546451
1207 0.627986 0.0579062  0.314108
80 0.212902 0.456883  0.330216
2329 0.343143 0.148235  0.508622
1326 0.197962 0.197614  0.604424
2234 0.399542 0.430216  0.170242
1892 0.292863 0.256002  0.451135
1384 0.517923 0.34672  0.135357
3346 0.456542 0.447393  0.0960653
1244 0.0839267 0.454799  0.461274
660 0.554969 0.429479  0.0155522
52 0.272404 0.131116  0.59648
777 0.418145 0.553405  0.0284507
2069 0.432218 0.209829  0.357953
25 0.0784902 0.397677  0.523832
2846 0.274014 0.264856  0.46113
1351 0.029721 0.70137  0.268909
1495 0.0406304 0.635649  0.323721
561 0.253548 0.484901  0.261551
1916 0.314389 0.252323  0.433288
3157 0.10311 0.418635  0.478255
2568 0.794077 0.114858  0.091065
210 0.0235921 0.407867  0.568541
177 0.272676 0.542326  0.184999
2597 0.125215 0.447895  0.426891
2225 0.677139 0.283351  0.0395102
2629 0.05969 0.449255  0.491055
3234 0.262275 0.207128  0.530598
2758 0.148339 0.290971  0.56069
3315 0.362454 0.5717  0.0658462
2725 0.450819 0.527978  0.0212039
194 0.406555 0.312561  0.280884
3127 0.355329 0.237069  0.407602
874 0.271194 0.521067  0.207738
2442 0.428432 0.545908  0.0256592
3138 0.036782 0.480697  0.482521
2681 0.124997 0.295004  0.579999
2793 0.227817 0.305844  0.466339
2474 0.487319 0.0666023  0.446079
746 0.407283 0.313224  0.279493
564 0.431585 0.367325  0.201089
2685 0.50822 0.197242  0.294539
79 0.261041 0.671049  0.0679101
3266 0.303834 0.246102  0.450064
2222 0.231678 0.44856  0.319762
368 0.0157917 0.462795  0.521413
715 0.275307 0.4575  0.267193
736 0.34965 0.446159  0.204191
1123 0.454867 0.0955502  0.449583
3414 0.772332 0.153541  0.0741268
1496 0.267481 0.707001  0.0255186
390 0.317139 0.200135  0.482726
2880 0.272108 0.411794  0.316098
3139 0.414107 0.465459  0.120435
542 0.063024 0.277174  0.659802
615 0.470605 0.0224158  0.506979
351 0.323268 0.322363  0.35437
3357 0.433229 0.52349  0.0432802
1349 0.158775 0.808589  0.0326359
3073 0.307564 0.614663  0.077773
2954 0.456385 0.0744039  0.469211
595 0.313413 0.420256  0.266331
2148 0.279403 0.114481  0.606116
3391 0.325037 0.351885  0.323078
2946 0.445818 0.344848  0.209334
3232 0.625222 0.299549  0.0752289
2142 0.124321 0.40642  0.46926
3011 0.818512 0.0743678  0.10712
655 0.360392 0.204614  0.434994
520 0.338416 0.398697  0.262887
3218 0.316704 0.277266  0.406029
3077 0.355424 0.529733  0.114843
2281 0.102446 0.575949  0.321605
2757 0.343529 0.36172  0.294751
3410 0.691205 0.279041  0.0297538
2314 0.128951 0.521284  0.349766
19 0.314189 0.423237  0.262574
1125 0.194723 0.588715  0.216562
2969 0.442399 0.117346  0.440255
1561 0.112285 0.426992  0.460723
2514 0.331183 0.139447  0.52937
3087 0.66813 0.0885261  0.243344
2740 0.189366 0.33802  0.472614
2553 0.0980937 0.569115  0.332791
3538 0.55215 0.214182  0.233668
3146 0.547742 0.116218  0.33604
46 0.303868 0.43811  0.258022
2222 0.795781 0.113055  0.0911644
188 0.744425 0.219324  0.0362508
1074 0.0468832 0.334743  0.618374
2278 0.249129 0.469728  0.281143
150 0.473195 0.214913  0.311892
873 0.361895 0.356426  0.281679
472 0.0367306 0.366664  0.596606
1462 0.332288 0.307366  0.360345
472 0.377798 0.322682  0.299519
1491 0.0254598 0.826257  0.148283
1381 0.124739 0.434746  0.440515
2372 0.431935 0.23031  0.337755
420 0.561876 0.176162  0.261962
1344 0.403503 0.18718  0.409318
335 0.178574 0.0462822  0.775144
654 0.33499 0.372523  0.292487
431 0.268463 0.385503  0.346034
2679 0.29134 0.456942  0.251718
2476 0.559229 0.34421  0.0965609
471 0.212673 0.426826  0.360501
2277 0.0272859 0.691478  0.281236
1247 0.266248 0.382945  0.350807
527 0.36688 0.399967  0.233153
2083 0.661767 0.21732  0.120912
3489 0.133186 0.323142  0.543672
2529 0.28421 0.370951  0.344839
1338 0.348342 0.461148  0.19051
2021 0.356529 0.24583  0.397642
1649 0.570697 0.204177  0.225126
2920 0.350109 0.250508  0.399383
188 0.387208 0.355328  0.257464
494 0.261177 0.226137  0.512686
2085 0.0130666 0.479153  0.50778
2725 0.388724 0.409293  0.201983
3099 0.467738 0.243161  0.289101
1329 0.426852 0.104145  0.469003
868 0.0522513 0.0349765  0.912772
458 0.217457 0.576853  0.20569
2387 0.0892217 0.442826  0.467952
3229 0.418665 0.0451115  0.536223
2208 0.207368 0.643126  0.149506
951 0.397361 0.457253  0.145386
70 0.622987 0.140247  0.236766
2574 0.193574 0.384975  0.421451
1895 0.226996 0.15857  0.614434
2466 0.416069 0.308396  0.275535
