4085 0.351771 0.445248  0.202981
8881 0.0130583 0.324994  0.661948
5548 0.322012 0.434374  0.243614
3676 0.467402 0.343395  0.189203
7963 0.421493 0.406362  0.172145
2567 0.148021 0.493138  0.358842
14410 0.276021 0.507343  0.216636
6723 0.205291 0.333566  0.461144
6301 0.415833 0.0347498  0.549417
12384 0.272309 0.247004  0.480687
1573 0.42135 0.412758  0.165892
14385 0.595261 0.352889  0.0518505
6534 0.376385 0.353728  0.269886
13459 0.0156116 0.71053  0.273859
14298 0.0205962 0.152453  0.826951
2449 0.245716 0.428583  0.325702
1743 0.362501 0.131994  0.505505
7550 0.388457 0.38965  0.221892
13506 0.205767 0.351782  0.442451
13991 0.365856 0.049814  0.58433
7948 0.155037 0.686103  0.15886
7106 0.27361 0.100536  0.625855
13536 0.467023 0.498161  0.0348161
603 0.476656 0.274808  0.248537
6302 0.551988 0.393091  0.0549216
1768 0.494832 0.138533  0.366635
12175 0.491217 0.274457  0.234326
2358 0.388985 0.026234  0.584781
10898 0.446452 0.188773  0.364775
14310 0.282667 0.451983  0.26535
1441 0.219708 0.433501  0.346792
551 0.227789 0.396795  0.375416
12173 0.110583 0.376667  0.51275
9625 0.0235475 0.417029  0.559424
12864 0.195915 0.382963  0.421122
8209 0.44692 0.432022  0.121058
630 0.680419 0.259014  0.0605669
5042 0.311695 0.292964  0.395341
3514 0.306501 0.271622  0.421878
13552 0.330699 0.357108  0.312192
317 0.524782 0.210371  0.264847
2796 0.370154 0.457129  0.172717
4098 0.225846 0.315014  0.459141
13146 0.474505 0.220156  0.305339
3888 0.156698 0.681321  0.161981
11300 0.239106 0.321718  0.439176
11650 0.626475 0.0461232  0.327402
9967 0.218167 0.244047  0.537786
4387 0.52625 0.305604  0.168146
13528 0.576569 0.269315  0.154115
9769 0.350326 0.20994  0.439735
9368 0.460153 0.361124  0.178723
4663 0.226774 0.251504  0.521722
14581 0.575822 0.405458  0.0187209
2906 0.237189 0.45469  0.308121
3172 0.389646 0.33039  0.279965
9540 0.160375 0.40209  0.437535
949 0.527829 0.256186  0.215985
11869 0.282532 0.0623603  0.655108
7443 0.623381 0.0996261  0.276993
12175 0.153643 0.0868945  0.759462
9530 0.189404 0.661758  0.148838
1447 0.367144 0.35266  0.280196
11884 0.429744 0.120394  0.449862
3804 0.446464 0.23729  0.316246
5411 0.532777 0.0946648  0.372558
3378 0.7574 0.0155387  0.227061
2946 0.491267 0.0688575  0.439875
5045 0.370741 0.303179  0.32608
3577 0.310599 0.274733  0.414669
10541 0.271243 0.272413  0.456343
14164 0.507399 0.409176  0.0834252
14481 0.4747 0.47538  0.0499199
4103 0.169219 0.39926  0.431521
7250 0.354906 0.581864  0.0632294
3244 0.43804 0.428034  0.133926
6447 0.378087 0.215356  0.406558
5114 0.31068 0.0347401  0.65458
14044 0.203021 0.391527  0.405452
275 0.331582 0.0710019  0.597416
2358 0.459358 0.130081  0.41056
12995 0.26022 0.443576  0.296204
7368 0.311845 0.541211  0.146945
6125 0.0674165 0.387284  0.545299
14461 0.31477 0.284414  0.400816
12476 0.228659 0.34364  0.427701
13822 0.0182969 0.545117  0.436586
1441 0.359254 0.541412  0.0993341
3248 0.520168 0.0837731  0.396059
7172 0.161996 0.120934  0.71707
307 0.325934 0.310433  0.363633
10541 0.531121 0.147215  0.321664
10962 0.320019 0.391624  0.288358
9506 0.436142 0.127828  0.436029
14591 0.0917723 0.889083  0.0191443
11187 0.264399 0.380101  0.3555
9707 0.085778 0.799187  0.115035
574 0.0276204 0.526875  0.445504
7160 0.236206 0.302868  0.460926
10961 0.654351 0.105765  0.239884
5534 0.326405 0.217681  0.455913
12653 0.0831494 0.345753  0.571097
3886 0.232918 0.361087  0.405995
3748 0.0719032 0.380805  0.547292
4091 0.073284 0.454393  0.472323
12175 0.383968 0.347706  0.268327
5143 0.450763 0.221377  0.32786
7306 0.0980859 0.237906  0.664008
2354 0.585974 0.0128095  0.401216
7727 0.249695 0.376351  0.373954
8910 0.325436 0.528605  0.145959
4101 0.337362 0.470361  0.192278
349 0.302625 0.329444  0.367932
5956 0.368549 0.278617  0.352834
1568 0.421356 0.205907  0.372737
12536 0.59891 0.090672  0.310418
6300 0.402026 0.313151  0.284823
9779 0.0431123 0.15085  0.806038
4388 0.175139 0.396126  0.428736
3708 0.323398 0.356422  0.32018
10764 0.217382 0.520374  0.262244
12966 0.503728 0.0254573  0.470814
2569 0.0159699 0.418224  0.565806
4390 0.155123 0.34708  0.497797
1200 0.0999263 0.127285  0.772789
10841 0.271318 0.303974  0.424708
633 0.307133 0.34173  0.351137
4088 0.578167 0.369348  0.0524852
597 0.375342 0.368297  0.256361
13506 0.288162 0.2386  0.473238
8655 0.0702654 0.587985  0.34175
5990 0.387957 0.248311  0.363732
12328 0.255788 0.382377  0.361835
8743 0.292211 0.384122  0.323667
6429 0.249394 0.316446  0.434161
7278 0.502902 0.19801  0.299088
7962 0.506764 0.297628  0.195609
7406 0.815062 0.161087  0.0238503
3768 0.334879 0.497976  0.167144
5127 0.294033 0.465427  0.240539
7243 0.327104 0.306224  0.366672
1224 0.725404 0.174666  0.0999301
3363 0.19698 0.153478  0.649542
5797 0.344594 0.419993  0.235413
14545 0.278046 0.353356  0.368598
8059 0.196327 0.423564  0.380108
2231 0.375769 0.270485  0.353746
9625 0.124902 0.520714  0.354384
1447 0.547435 0.403153  0.0494121
9047 0.234261 0.472637  0.293102
7043 0.692121 0.120452  0.187427
14299 0.147456 0.45857  0.393974
6392 0.230579 0.499256  0.270165
10438 0.475161 0.337764  0.187076
2848 0.206417 0.492551  0.301032
7981 0.343697 0.0374675  0.618836
7667 0.40874 0.308656  0.282604
9970 0.370646 0.351107  0.278247
3390 0.161736 0.15083  0.687434
4390 0.125114 0.45431  0.420576
509 0.357606 0.196441  0.445953
5772 0.61114 0.229105  0.159755
11878 0.553027 0.201743  0.24523
5240 0.314022 0.592345  0.0936325
12994 0.319276 0.28943  0.391294
5804 0.49775 0.264115  0.238135
6062 0.304839 0.537157  0.158004
14386 0.529027 0.0395896  0.431384
2981 0.11068 0.378604  0.510716
5114 0.201319 0.195464  0.603217
5143 0.451793 0.0544467  0.49376
6126 0.650093 0.0408369  0.30907
9890 0.412753 0.378599  0.208647
12881 0.115374 0.691697  0.192929
7122 0.604929 0.193367  0.201704
9807 0.40369 0.353632  0.242679
10585 0.239345 0.343875  0.41678
10802 0.466409 0.342205  0.191386
5109 0.0398339 0.140114  0.820052
2005 0.129991 0.33619  0.533819
11531 0.19604 0.476782  0.327178
8504 0.343513 0.394454  0.262033
9888 0.347206 0.227002  0.425792
10425 0.659506 0.273005  0.0674895
3852 0.253406 0.456974  0.289619
13697 0.278594 0.491942  0.229463
2332 0.030205 0.486406  0.483388
7109 0.431761 0.177138  0.391101
9608 0.447775 0.441179  0.111047
9542 0.449294 0.137927  0.412779
1703 0.272322 0.423543  0.304135
10764 0.137313 0.697582  0.165105
10654 0.214046 0.29181  0.494144
6301 0.372174 0.180635  0.447191
12433 0.149229 0.585397  0.265374
12408 0.661212 0.233412  0.105376
13990 0.205062 0.0787399  0.716198
3054 0.711582 0.0892889  0.199129
7041 0.110886 0.591337  0.297777
7506 0.34775 0.339722  0.312528
12786 0.365428 0.467957  0.166615
12175 0.24007 0.436669  0.323261
5883 0.100848 0.451104  0.448048
13817 0.621516 0.276469  0.102015
6449 0.0128954 0.124922  0.862182
4974 0.356705 0.33957  0.303725
2814 0.273526 0.293913  0.432561
12174 0.355987 0.199901  0.444112
596 0.0477569 0.325976  0.626267
13383 0.290883 0.0904914  0.618626
1447 0.323742 0.292733  0.383525
5262 0.203484 0.397638  0.398879
6495 0.344427 0.319446  0.336127
7132 0.143209 0.649903  0.206889
9291 0.365198 0.317171  0.317631
1360 0.370139 0.434239  0.195622
1744 0.327413 0.305393  0.367195
4088 0.25959 0.372019  0.368391
1688 0.399158 0.359913  0.240928
4956 0.498424 0.436467  0.0651085
7619 0.335456 0.367923  0.29662
5555 0.0860389 0.196154  0.717807
10882 0.354054 0.255308  0.390639
6557 0.0353226 0.608369  0.356308
4372 0.383703 0.309573  0.306725
11002 0.547279 0.13555  0.317172
7157 0.562074 0.0572411  0.380685
8319 0.501933 0.166156  0.331911
7609 0.0358921 0.921893  0.0422147
1 0.550971 0.385533  0.063496
2109 0.25729 0.177005  0.565706
60 0.38214 0.246667  0.371193
6027 0.569177 0.369174  0.0616486
4913 0.250427 0.284374  0.465199
5609 0.0911806 0.118461  0.790359
12683 0.360997 0.57289  0.0661125
4060 0.450154 0.412635  0.13721
9176 0.190134 0.40925  0.400616
10227 0.503215 0.34894  0.147846
6104 0.428547 0.397082  0.174371
1484 0.826499 0.0636632  0.109838
1302 0.388011 0.269181  0.342808
3843 0.266484 0.512489  0.221027
7389 0.397923 0.0310792  0.570998
2235 0.064309 0.828846  0.106845
9786 0.606469 0.337833  0.0556981
9588 0.475946 0.460407  0.0636463
6544 0.483815 0.0255891  0.490595
2335 0.29506 0.0708763  0.634064
4982 0.416241 0.562675  0.0210846
10964 0.277931 0.0164527  0.705616
9049 0.273786 0.230343  0.495871
10801 0.076061 0.385503  0.538436
7328 0.25132 0.448961  0.299719
2919 0.515547 0.385663  0.0987902
824 0.327784 0.191892  0.480325
855 0.508644 0.141443  0.349913
303 0.372445 0.309925  0.31763
6483 0.0720122 0.51995  0.408038
14453 0.118512 0.277185  0.604303
14299 0.123678 0.50556  0.370762
5787 0.389824 0.452146  0.15803
9887 0.151382 0.614566  0.234051
8305 0.421179 0.49863  0.0801911
9507 0.460428 0.248878  0.290694
5114 0.486223 0.492136  0.0216409
5555 0.361173 0.391877  0.24695
3175 0.302202 0.328657  0.369141
10019 0.628717 0.0641568  0.307127
13552 0.270617 0.550998  0.178385
542 0.53912 0.100435  0.360445
1844 0.283645 0.644721  0.0716343
11447 0.228247 0.320106  0.451647
5152 0.112474 0.222525  0.665001
14324 0.320445 0.570702  0.108853
2291 0.226645 0.673363  0.0999916
6464 0.0902067 0.0883536  0.82144
13477 0.334701 0.478893  0.186406
4108 0.184326 0.429674  0.386
2046 0.291132 0.0969565  0.611912
4321 0.271623 0.536466  0.191911
763 0.354882 0.259145  0.385973
2569 0.420173 0.251442  0.328385
9083 0.293639 0.326006  0.380355
12842 0.176862 0.0765378  0.746601
12825 0.158788 0.564603  0.276609
8739 0.279062 0.506688  0.21425
9063 0.780152 0.018852  0.200996
449 0.127968 0.098167  0.773865
5981 0.60959 0.0428523  0.347558
829 0.478161 0.285858  0.235981
8375 0.313072 0.261525  0.425403
3462 0.244388 0.335078  0.420533
9249 0.492249 0.26138  0.246371
14561 0.0282144 0.326137  0.645649
12538 0.680354 0.180901  0.138744
303 0.644874 0.0190184  0.336108
11890 0.389171 0.328691  0.282138
4960 0.647038 0.287967  0.0649945
4508 0.749075 0.191528  0.0593964
5972 0.336321 0.437732  0.225947
11094 0.476561 0.480854  0.0425854
9097 0.381241 0.549845  0.068914
13556 0.246327 0.411917  0.341757
9066 0.437416 0.4706  0.0919839
5214 0.0390677 0.230041  0.730892
7168 0.232891 0.334117  0.432992
6301 0.426828 0.268246  0.304926
8954 0.457676 0.48054  0.0617849
14442 0.29501 0.348336  0.356654
355 0.385788 0.0711198  0.543092
6445 0.256263 0.24012  0.503617
272 0.643683 0.0991705  0.257146
13222 0.17655 0.463412  0.360038
12301 0.0326887 0.864865  0.102447
8615 0.503201 0.150401  0.346397
9506 0.173008 0.321458  0.505534
10001 0.586195 0.0596329  0.354172
10982 0.020832 0.611758  0.36741
4392 0.198912 0.360344  0.440744
12132 0.213322 0.0392616  0.747417
8814 0.401079 0.300793  0.298128
630 0.161664 0.507906  0.33043
516 0.25003 0.46196  0.288009
9130 0.453377 0.253458  0.293165
14301 0.482835 0.466006  0.0511589
7313 0.347918 0.310998  0.341083
5284 0.313319 0.185836  0.500845
8358 0.20989 0.577393  0.212717
3899 0.147296 0.324427  0.528277
11842 0.445243 0.129107  0.42565
2070 0.0325954 0.13814  0.829265
117 0.276462 0.341912  0.381626
2606 0.249257 0.387849  0.362894
12481 0.308847 0.348231  0.342922
6512 0.558925 0.382405  0.0586692
10134 0.56919 0.259947  0.170862
6308 0.00847792 0.672755  0.318768
12906 0.555031 0.117765  0.327205
7075 0.420847 0.0205513  0.558602
188 0.0720234 0.683153  0.244823
12316 0.466124 0.333585  0.200291
4390 0.251334 0.442567  0.306098
5223 0.107755 0.566678  0.325567
4320 0.440017 0.301836  0.258147
2028 0.409936 0.252512  0.337552
2509 0.32187 0.632815  0.0453142
14470 0.391614 0.37431  0.234076
6097 0.280231 0.584788  0.134982
14151 0.488122 0.220043  0.291835
13765 0.180169 0.43992  0.379911
8746 0.348195 0.454444  0.197361
4109 0.369705 0.194427  0.435868
2350 0.133021 0.417921  0.449058
6311 0.250957 0.277561  0.471482
10939 0.338123 0.562267  0.09961
10531 0.594664 0.213011  0.192325
1445 0.353935 0.446215  0.19985
11538 0.343288 0.437276  0.219436
10857 0.0740697 0.589072  0.336858
7694 0.0201288 0.0355855  0.944286
4104 0.502865 0.140344  0.356791
11501 0.524475 0.0167618  0.458763
7579 0.409897 0.442089  0.148013
9530 0.501815 0.0560209  0.442164
2982 0.540059 0.132581  0.32736
1457 0.307618 0.375158  0.317224
5114 0.0736077 0.168432  0.75796
3254 0.188155 0.51562  0.296225
274 0.254634 0.314775  0.430591
10826 0.221162 0.348458  0.43038
9815 0.469442 0.322969  0.207589
4086 0.188856 0.60535  0.205794
11900 0.809451 0.0692014  0.121347
127 0.483561 0.359293  0.157146
6311 0.362133 0.313928  0.323939
2125 0.0749311 0.484505  0.440564
2387 0.165174 0.369481  0.465345
5907 0.622024 0.371075  0.00690189
13042 0.254349 0.296118  0.449534
1684 0.490325 0.3711  0.138575
11113 0.446346 0.45121  0.102444
11770 0.335194 0.165325  0.499481
6613 0.351897 0.387872  0.260231
6389 0.333211 0.418946  0.247843
13072 0.270757 0.208298  0.520945
4136 0.498415 0.200579  0.301006
11748 0.550554 0.066537  0.382909
13959 0.423293 0.0589024  0.517805
1707 0.11382 0.364963  0.521216
4108 0.292138 0.398184  0.309677
13005 0.255152 0.122422  0.622427
4108 0.749218 0.0480298  0.202752
9570 0.332103 0.354235  0.313662
6304 0.430151 0.244135  0.325714
7229 0.292638 0.250368  0.456993
12993 0.282351 0.223636  0.494013
13610 0.319536 0.401012  0.279451
5480 0.352935 0.585099  0.0619663
5046 0.172656 0.400134  0.42721
6302 0.241259 0.096516  0.662225
12135 0.161225 0.343906  0.494869
1615 0.237475 0.0562254  0.7063
11426 0.526766 0.331688  0.141546
10820 0.143416 0.327155  0.529429
14296 0.182687 0.462583  0.35473
7092 0.149161 0.424467  0.426372
5788 0.555635 0.169387  0.274979
9500 0.299171 0.358854  0.341975
11470 0.3989 0.289678  0.311422
5902 0.141559 0.616446  0.241995
1441 0.273241 0.0650231  0.661736
13221 0.369137 0.277484  0.353379
4980 0.142933 0.336984  0.520083
13650 0.24629 0.163391  0.590319
12818 0.600617 0.372356  0.0270273
4368 0.304406 0.347081  0.348512
164 0.511203 0.261934  0.226863
4774 0.384883 0.375854  0.239262
7090 0.109817 0.370731  0.519452
9065 0.204917 0.0490651  0.746018
2060 0.382088 0.22505  0.392862
5053 0.644612 0.286609  0.0687794
7328 0.570068 0.0906127  0.339319
13796 0.385272 0.403672  0.211056
10964 0.689332 0.190807  0.119861
198 0.496387 0.141595  0.362019
7681 0.345197 0.448214  0.206589
6540 0.770904 0.0821787  0.146917
14164 0.109883 0.490713  0.399404
3006 0.284719 0.499691  0.21559
10834 0.0814263 0.126655  0.791919
6099 0.207531 0.528938  0.263531
1763 0.0659148 0.589312  0.344773
4298 0.427799 0.306164  0.266037
5262 0.521089 0.10067  0.378242
5847 0.539705 0.0693293  0.390966
6323 0.260754 0.309142  0.430104
3617 0.373342 0.253389  0.373269
2823 0.673248 0.248863  0.0778883
7262 0.586569 0.245673  0.167758
5534 0.494106 0.343539  0.162355
5534 0.172901 0.220777  0.606322
7091 0.0120306 0.596508  0.391462
688 0.221252 0.583644  0.195104
9363 0.454773 0.531622  0.0136053
13033 0.0486744 0.654731  0.296595
10880 0.238112 0.406907  0.354981
5200 0.317855 0.263662  0.418483
7323 0.457874 0.515757  0.0263687
14015 0.0514362 0.437276  0.511288
9066 0.385268 0.346406  0.268326
6304 0.228054 0.621748  0.150198
5262 0.557571 0.242899  0.199531
12169 0.26386 0.37946  0.35668
3734 0.714526 0.212566  0.0729081
4843 0.320813 0.213102  0.466086
9530 0.203732 0.444359  0.351909
6266 0.049911 0.451427  0.498662
12174 0.0280549 0.427374  0.544571
2792 0.53937 0.156135  0.304495
8746 0.606569 0.164063  0.229367
3857 0.520291 0.0125674  0.467141
7168 0.179297 0.370482  0.45022
11424 0.523837 0.115468  0.360695
2273 0.210136 0.077608  0.712256
6302 0.325047 0.311234  0.363719
2133 0.318475 0.263864  0.417661
11717 0.315402 0.523276  0.161322
9530 0.543825 0.241265  0.21491
8855 0.553837 0.253808  0.192355
5011 0.490005 0.475623  0.034372
945 0.415416 0.315153  0.269431
6083 0.702089 0.268726  0.0291854
10489 0.41986 0.331404  0.248736
6311 0.274874 0.498078  0.227048
10926 0.246617 0.209877  0.543506
5786 0.116141 0.561454  0.322405
11831 0.242607 0.278461  0.478931
6386 0.594079 0.0648746  0.341046
10933 0.216976 0.108052  0.674973
5709 0.216481 0.39755  0.385968
13118 0.267764 0.508436  0.2238
7154 0.156522 0.598981  0.244497
7249 0.35462 0.302379  0.343001
6304 0.0164161 0.72603  0.257554
12524 0.203338 0.383033  0.413629
12864 0.416653 0.29921  0.284136
9506 0.0434981 0.84374  0.112762
9326 0.192265 0.396158  0.411577
2846 0.163776 0.285753  0.550471
8375 0.60451 0.0305093  0.36498
6308 0.391307 0.196064  0.412629
1484 0.427653 0.309713  0.262633
4386 0.363125 0.187132  0.449743
12175 0.433959 0.429887  0.136154
5549 0.281153 0.461787  0.25706
4172 0.0833946 0.190686  0.725919
7280 0.568435 0.0730486  0.358517
1447 0.543642 0.149318  0.30704
6439 0.434288 0.555153  0.0105595
7217 0.529042 0.0352332  0.435725
10929 0.350234 0.215214  0.434552
4506 0.500393 0.179552  0.320055
12411 0.215327 0.402973  0.381701
7396 0.282893 0.444152  0.272955
9530 0.225883 0.701489  0.0726284
13222 0.307824 0.556272  0.135904
10048 0.311139 0.316835  0.372026
7671 0.302934 0.442715  0.254352
2476 0.401694 0.266035  0.332271
2934 0.360164 0.343773  0.296063
10141 0.119053 0.0844262  0.79652
13867 0.0319424 0.907612  0.0604454
14376 0.197943 0.631856  0.170201
8739 0.714798 0.0497932  0.235409
14299 0.227813 0.16814  0.604047
11002 0.422893 0.230698  0.346409
10714 0.240083 0.381373  0.378544
11303 0.467851 0.395406  0.136742
4092 0.367453 0.270748  0.361799
4380 0.0237751 0.445947  0.530278
1018 0.352262 0.390262  0.257477
4589 0.517313 0.271296  0.211392
4734 0.561263 0.0721721  0.366565
1201 0.353469 0.24853  0.398
12916 0.470954 0.356608  0.172438
1443 0.226358 0.4813  0.292342
5817 0.475615 0.463377  0.0610075
4429 0.338252 0.307055  0.354693
14297 0.461004 0.352372  0.186623
11823 0.494122 0.0925843  0.413294
1447 0.591923 0.0695637  0.338514
12921 0.556143 0.177351  0.266506
3450 0.666376 0.0794668  0.254157
10205 0.527811 0.319362  0.152828
6902 0.235515 0.324302  0.440183
12328 0.269847 0.303872  0.426281
4271 0.651397 0.067138  0.281465
10904 0.764416 0.0421761  0.193408
1724 0.298682 0.0703804  0.630937
5534 0.231877 0.497811  0.270311
11489 0.533897 0.333817  0.132286
14141 0.270751 0.140858  0.588391
7617 0.67899 0.137698  0.183312
396 0.328285 0.42794  0.243775
14561 0.281208 0.299157  0.419635
6529 0.504182 0.179834  0.315984
12544 0.319466 0.111042  0.569492
8578 0.387565 0.449445  0.16299
7864 0.412104 0.186429  0.401467
323 0.13245 0.382638  0.484912
7712 0.294998 0.475431  0.229571
13105 0.102331 0.354129  0.54354
317 0.456161 0.184574  0.359265
2054 0.393056 0.395379  0.211565
1738 0.315873 0.251542  0.432585
9548 0.695508 0.230458  0.0740335
1461 0.0554715 0.376162  0.568366
4675 0.445036 0.256893  0.29807
11888 0.158856 0.594656  0.246489
11360 0.329013 0.0746486  0.596339
8309 0.638762 0.124174  0.237064
11086 0.417591 0.201598  0.380812
14555 0.321087 0.346017  0.332896
9887 0.276147 0.488189  0.235664
14298 0.31522 0.321759  0.363021
6461 0.26952 0.113995  0.616485
7328 0.532452 0.220319  0.247228
4390 0.331732 0.456137  0.212131
1741 0.0907077 0.471099  0.438194
465 0.218138 0.464217  0.317645
6301 0.134359 0.601095  0.264545
13958 0.0967352 0.494189  0.409075
4127 0.0563534 0.559756  0.383891
1753 0.305623 0.554362  0.140015
6050 0.300336 0.462257  0.237408
6300 0.338337 0.482007  0.179655
5910 0.0999937 0.319462  0.580545
5272 0.428883 0.213437  0.35768
12103 0.346251 0.351135  0.302614
9048 0.347318 0.406331  0.246352
3021 0.406578 0.583873  0.00954981
13572 0.323748 0.254735  0.421516
8466 0.0872035 0.445811  0.466986
9208 0.594064 0.247445  0.158491
13065 0.288843 0.367387  0.34377
14442 0.413447 0.332956  0.253597
4089 0.532007 0.0318863  0.436107
12231 0.228282 0.231088  0.54063
6301 0.306792 0.471412  0.221796
6428 0.284814 0.328368  0.386818
3896 0.206973 0.417746  0.375281
2475 0.531873 0.225682  0.242445
2278 0.38554 0.307135  0.307324
9479 0.641857 0.260849  0.097294
2142 0.0754683 0.357472  0.567059
4223 0.289713 0.34057  0.369717
13758 0.0347238 0.65003  0.315246
5804 0.187981 0.387648  0.424371
908 0.432066 0.237412  0.330522
13773 0.320826 0.403184  0.27599
14003 0.217723 0.299535  0.482742
6503 0.137037 0.410347  0.452616
513 0.240242 0.140768  0.61899
4088 0.355918 0.185108  0.458973
2577 0.5391 0.222885  0.238015
7180 0.536318 0.270571  0.193111
257 0.3417 0.461749  0.196551
326 0.497039 0.293908  0.209053
1903 0.265456 0.589747  0.144796
4060 0.248127 0.0211917  0.730682
13915 0.4172 0.257564  0.325236
14541 0.178143 0.525441  0.296415
13224 0.520295 0.100221  0.379484
14478 0.327383 0.285008  0.387609
14310 0.486603 0.0417952  0.471602
13348 0.551078 0.387729  0.0611922
1845 0.457299 0.0333553  0.509346
14301 0.474386 0.102749  0.422865
661 0.385024 0.0736424  0.541334
10909 0.294915 0.388733  0.316353
7803 0.471772 0.167557  0.360671
9367 0.275543 0.0165376  0.707919
13718 0.268489 0.484261  0.24725
5240 0.580951 0.0163094  0.402739
6304 0.845369 0.019853  0.134778
9161 0.330694 0.549452  0.119855
11099 0.616103 0.109609  0.274287
11734 0.0326898 0.391091  0.576219
12988 0.223137 0.73162  0.0452438
3284 0.609817 0.262305  0.127878
9921 0.196028 0.392807  0.411165
1722 0.335926 0.287626  0.376448
9610 0.396882 0.246733  0.356385
5920 0.221047 0.750742  0.0282113
1447 0.173381 0.545211  0.281407
9032 0.381881 0.0898763  0.528243
6145 0.741449 0.0765544  0.181996
12175 0.312262 0.36341  0.324328
5974 0.061677 0.304885  0.633438
2193 0.23592 0.433702  0.330379
5127 0.479401 0.309517  0.211081
3920 0.609781 0.156426  0.233793
8548 0.360308 0.0378865  0.601806
11869 0.363604 0.515128  0.121268
2654 0.283741 0.300197  0.416062
6356 0.255368 0.507136  0.237496
10677 0.194004 0.600363  0.205632
9506 0.226187 0.436295  0.337519
10164 0.184267 0.203796  0.611937
9178 0.15231 0.457977  0.389713
6310 0.313393 0.345434  0.341173
12538 0.265876 0.357595  0.376529
14131 0.391002 0.0351757  0.573822
5548 0.271987 0.373849  0.354164
3812 0.0921154 0.491763  0.416121
11169 0.526316 0.308454  0.16523
12113 0.256923 0.391743  0.351334
8343 0.249319 0.274706  0.475975
1790 0.402729 0.270747  0.326524
3187 0.125609 0.135182  0.739209
3385 0.519975 0.312235  0.16779
13172 0.266628 0.402978  0.330394
1587 0.39822 0.261611  0.340169
12762 0.434557 0.446934  0.118508
13827 0.341274 0.332391  0.326336
4558 0.317404 0.404597  0.277998
4039 0.460149 0.0848615  0.45499
12174 0.0403147 0.27095  0.688735
5222 0.314409 0.421864  0.263727
12175 0.401692 0.219341  0.378967
12008 0.0806047 0.549288  0.370107
12173 0.357391 0.372988  0.269621
4659 0.156565 0.0192221  0.824213
12320 0.528446 0.0288123  0.442742
20 0.215995 0.403751  0.380254
1672 0.433134 0.16847  0.398396
7225 0.383637 0.346989  0.269374
6147 0.477409 0.0776492  0.444942
11479 0.204374 0.43421  0.361416
7407 0.281919 0.376502  0.341579
10964 0.271515 0.354493  0.373992
1825 0.446677 0.316963  0.23636
12574 0.374196 0.428605  0.197199
6252 0.0246657 0.503359  0.471975
13875 0.51567 0.0927802  0.39155
289 0.180175 0.40133  0.418496
9530 0.609886 0.347155  0.0429596
7817 0.416616 0.390123  0.193262
275 0.183251 0.473705  0.343044
5758 0.19864 0.155346  0.646013
7168 0.119499 0.276454  0.604047
12638 0.520432 0.317636  0.161932
11421 0.114205 0.386237  0.499558
197 0.875414 0.0200257  0.10456
1552 0.364089 0.346391  0.28952
1552 0.0548942 0.209745  0.735361
1967 0.369065 0.403019  0.227915
14299 0.86466 0.111946  0.0233938
8941 0.491982 0.339601  0.168416
8246 0.0690495 0.793888  0.137063
5462 0.198776 0.398773  0.402451
9888 0.859455 0.0651317  0.0754135
4805 0.137844 0.361342  0.500814
852 0.081041 0.160246  0.758713
910 0.396533 0.56937  0.0340969
2393 0.333073 0.356958  0.309969
5015 0.197612 0.400103  0.402285
6976 0.0557285 0.353685  0.590587
3646 0.0504599 0.657303  0.292237
3631 0.433607 0.0519027  0.51449
539 0.258613 0.352135  0.389252
4652 0.203979 0.3407  0.455321
6380 0.0788698 0.589852  0.331279
10549 0.37181 0.51597  0.11222
12926 0.215106 0.544969  0.239925
9575 0.589597 0.24116  0.169243
3658 0.298281 0.36764  0.334079
13005 0.203699 0.376946  0.419355
5857 0.412871 0.438122  0.149007
2102 0.0451653 0.545476  0.409359
1615 0.411081 0.121785  0.467134
4665 0.471921 0.261479  0.266601
11943 0.341119 0.263161  0.395719
8746 0.34216 0.286153  0.371687
6568 0.411918 0.344767  0.243315
14424 0.152111 0.307529  0.54036
2466 0.433526 0.324346  0.242128
14303 0.447341 0.251333  0.301326
14298 0.686076 0.204166  0.109758
12319 0.110672 0.784596  0.104733
4089 0.376322 0.23198  0.391699
9085 0.41514 0.388463  0.196397
11203 0.410648 0.418545  0.170807
2742 0.270972 0.220871  0.508158
12174 0.501484 0.241452  0.257063
2748 0.450528 0.311911  0.237561
3810 0.262406 0.352406  0.385188
4750 0.0985367 0.204538  0.696925
2843 0.0983654 0.294929  0.606705
2851 0.464601 0.153348  0.382051
3098 0.263791 0.0887003  0.647508
9888 0.393158 0.557696  0.0491455
1733 0.297204 0.271941  0.430856
1484 0.216151 0.151379  0.63247
12637 0.378073 0.0812608  0.540667
12132 0.321112 0.383247  0.295641
1777 0.404878 0.565666  0.0294552
13954 0.413693 0.541853  0.0444536
12535 0.436788 0.234334  0.328878
8456 0.260876 0.360119  0.379006
5555 0.206293 0.372383  0.421324
4724 0.341194 0.130914  0.527891
468 0.429387 0.465898  0.104715
1803 0.35516 0.389574  0.255266
4663 0.30704 0.585484  0.107475
1157 0.224442 0.427603  0.347954
5085 0.476196 0.262533  0.261271
5015 0.340601 0.378034  0.281364
5009 0.410033 0.486475  0.103492
1810 0.0572196 0.585225  0.357556
5608 0.453743 0.136433  0.409824
3443 0.481828 0.49233  0.0258415
4100 0.385974 0.442717  0.17131
2063 0.399588 0.360423  0.239989
6056 0.255239 0.228157  0.516604
1447 0.263892 0.329808  0.4063
9365 0.411306 0.213956  0.374738
14472 0.368079 0.243375  0.388546
13163 0.0253935 0.60622  0.368386
9499 0.551493 0.262373  0.186133
7170 0.494748 0.312088  0.193164
5022 0.51457 0.428076  0.0573542
9273 0.264129 0.695794  0.0400764
4565 0.225716 0.548496  0.225789
14006 0.50652 0.276423  0.217057
8750 0.344447 0.266113  0.389441
6526 0.202884 0.589336  0.20778
6541 0.13036 0.48698  0.38266
14501 0.391173 0.187052  0.421775
4270 0.518112 0.208588  0.2733
12537 0.508717 0.260003  0.23128
4513 0.119127 0.133478  0.747396
12328 0.429889 0.406908  0.163203
8000 0.0774918 0.460298  0.46221
8839 0.41589 0.346506  0.237604
6565 0.196029 0.32746  0.47651
9192 0.246291 0.567328  0.186381
1220 0.248124 0.409937  0.341938
642 0.0657832 0.0225424  0.911674
14297 0.424113 0.369453  0.206434
14299 0.352475 0.521691  0.125834
13280 0.368718 0.223259  0.408023
4178 0.373648 0.184253  0.442099
9530 0.413898 0.572393  0.0137094
4973 0.124864 0.492913  0.382223
14299 0.216482 0.167873  0.615645
11707 0.067106 0.31993  0.612964
5555 0.255939 0.407091  0.33697
5207 0.369345 0.062854  0.567801
3447 0.247544 0.30432  0.448136
3203 0.1789 0.312802  0.508298
13882 0.308941 0.17485  0.516209
6246 0.357767 0.341022  0.301211
5823 0.337206 0.195064  0.467729
13222 0.312528 0.496751  0.190721
11571 0.709415 0.275357  0.0152272
11423 0.245544 0.493852  0.260604
5910 0.351519 0.349084  0.299397
3816 0.414523 0.177073  0.408404
7873 0.303329 0.111407  0.585264
6536 0.430062 0.0722633  0.497675
6308 0.325473 0.353193  0.321334
2046 0.55131 0.330368  0.118322
2349 0.0496879 0.555401  0.394911
2571 0.319372 0.402955  0.277673
4415 0.0526087 0.462039  0.485352
1461 0.239397 0.371235  0.389367
3280 0.0656589 0.699134  0.235208
4299 0.392239 0.493994  0.113766
11349 0.41663 0.0804491  0.502921
12174 0.0185854 0.445429  0.535986
7268 0.337033 0.51764  0.145328
8746 0.150811 0.473997  0.375192
11175 0.241187 0.70328  0.0555326
4136 0.241999 0.394478  0.363523
1676 0.093537 0.783749  0.122714
9085 0.213809 0.31539  0.470801
13832 0.256835 0.29749  0.445675
6018 0.0839344 0.0982871  0.817779
8305 0.182326 0.808446  0.00922744
9748 0.369086 0.231193  0.399721
9399 0.394809 0.351225  0.253966
4508 0.425963 0.0598448  0.514192
12555 0.651592 0.0770872  0.271321
13766 0.150771 0.29887  0.550359
5015 0.406624 0.0479822  0.545394
4280 0.136962 0.767449  0.0955889
14210 0.317657 0.292203  0.39014
10934 0.232286 0.720478  0.0472359
5327 0.442612 0.426672  0.130716
3446 0.0536322 0.60571  0.340657
14298 0.531037 0.126076  0.342887
12656 0.139045 0.440357  0.420598
4926 0.152883 0.0187214  0.828395
3284 0.130034 0.0988866  0.771079
5003 0.118502 0.239726  0.641772
10928 0.415111 0.240293  0.344596
4103 0.558388 0.266938  0.174673
2795 0.481869 0.436956  0.0811751
7895 0.0476208 0.653813  0.298566
9856 0.256951 0.220984  0.522065
13760 0.428968 0.101473  0.469559
2970 0.382644 0.249254  0.368102
7862 0.0998388 0.5627  0.337461
7179 0.210367 0.570176  0.219458
5947 0.555817 0.186725  0.257458
8039 0.398859 0.287972  0.313169
5067 0.607811 0.229477  0.162712
7154 0.462328 0.279139  0.258533
493 0.409226 0.312021  0.278753
13997 0.060198 0.24738  0.692422
12992 0.0693785 0.198999  0.731622
272 0.400324 0.145476  0.4542
6207 0.187106 0.400777  0.412116
1443 0.448539 0.0715803  0.47988
836 0.451566 0.421728  0.126706
10218 0.375305 0.0543007  0.570394
13129 0.407735 0.359455  0.232809
11591 0.294456 0.269286  0.436257
6304 0.0480756 0.454107  0.497818
12309 0.474992 0.323546  0.201462
11097 0.317015 0.633306  0.0496794
5534 0.222411 0.0472332  0.730356
1510 0.556119 0.264493  0.179388
8306 0.710189 0.124735  0.165075
2775 0.382373 0.372579  0.245048
14297 0.715703 0.122842  0.161455
6515 0.400695 0.0460327  0.553273
8710 0.390068 0.291626  0.318306
10678 0.340935 0.424805  0.23426
9168 0.19006 0.348085  0.461855
6342 0.0616012 0.812657  0.125742
10546 0.334774 0.0891596  0.576067
5548 0.489121 0.447166  0.0637136
11567 0.114182 0.267752  0.618065
12993 0.328989 0.424232  0.246778
11851 0.835626 0.147376  0.0169982
4096 0.213007 0.743431  0.0435611
8947 0.731731 0.237201  0.0310686
1891 0.733393 0.196416  0.0701914
6300 0.378337 0.521613  0.10005
12538 0.467836 0.244034  0.28813
11552 0.148042 0.482431  0.369528
9819 0.211801 0.395401  0.392798
8061 0.412175 0.394625  0.1932
6620 0.296047 0.155295  0.548658
13084 0.235221 0.103129  0.66165
9005 0.609226 0.0788601  0.311914
12171 0.397833 0.0494787  0.552688
13554 0.243543 0.30195  0.454507
12094 0.415545 0.424519  0.159936
9471 0.641386 0.146891  0.211723
9228 0.595064 0.0487726  0.356164
7633 0.517401 0.274421  0.208178
5933 0.465478 0.171194  0.363327
13904 0.524251 0.129382  0.346367
14031 0.566315 0.346463  0.0872224
13265 0.270873 0.446879  0.282248
7086 0.754058 0.222564  0.023378
13740 0.355086 0.235995  0.408919
4796 0.54899 0.0441838  0.406826
9928 0.480756 0.304422  0.214822
1484 0.251788 0.299561  0.448651
12994 0.442556 0.352049  0.205395
9614 0.160384 0.143411  0.696205
1666 0.534961 0.171365  0.293674
661 0.392234 0.280926  0.326839
12901 0.256128 0.145994  0.597877
13431 0.412884 0.409774  0.177342
7984 0.242172 0.464226  0.293603
14413 0.132523 0.46709  0.400387
7560 0.352006 0.325465  0.322529
9031 0.520711 0.0698787  0.40941
10753 0.171935 0.412696  0.415369
12173 0.356852 0.51038  0.132768
9007 0.0858711 0.587665  0.326464
11442 0.292316 0.424683  0.283001
9184 0.162544 0.520692  0.316764
5564 0.573367 0.339996  0.0866375
2404 0.0330273 0.482158  0.484815
10766 0.11595 0.367541  0.516509
9530 0.0497437 0.46561  0.484646
1754 0.265609 0.122299  0.612091
1890 0.392057 0.25568  0.352263
14260 0.554281 0.372572  0.0731475
12174 0.40746 0.180573  0.411967
6543 0.0712623 0.102033  0.826704
6499 0.347073 0.258692  0.394235
493 0.40462 0.227261  0.368119
5240 0.579495 0.224523  0.195982
12175 0.357182 0.170495  0.472323
381 0.482161 0.251793  0.266046
12132 0.563721 0.200536  0.235743
5015 0.756014 0.109894  0.134092
14002 0.396291 0.219617  0.384092
455 0.157934 0.435143  0.406922
14165 0.287868 0.431508  0.280624
9092 0.24359 0.420673  0.335737
3098 0.552829 0.132439  0.314732
9813 0.0870456 0.248746  0.664208
8384 0.493777 0.0737895  0.432434
10593 0.330049 0.385809  0.284142
2816 0.246602 0.0845021  0.668896
3871 0.613677 0.216645  0.169678
12139 0.437462 0.4526  0.109938
524 0.0330285 0.445598  0.521374
5887 0.0801202 0.387204  0.532675
14553 0.201007 0.117353  0.68164
4388 0.637555 0.327585  0.0348602
13506 0.700119 0.0850495  0.214832
4677 0.475044 0.187333  0.337624
4677 0.311421 0.148791  0.539788
11569 0.175175 0.555069  0.269757
13867 0.573243 0.0789115  0.347846
6418 0.356183 0.207204  0.436613
14154 0.234277 0.444732  0.32099
12827 0.103428 0.479898  0.416674
13977 0.400993 0.239978  0.359029
14580 0.202018 0.438237  0.359744
13172 0.299135 0.0826048  0.61826
5033 0.156859 0.28677  0.556371
9529 0.274781 0.381458  0.343761
10878 0.178404 0.408644  0.412952
5714 0.566063 0.0944709  0.339466
14298 0.0604258 0.686746  0.252828
3751 0.135654 0.449804  0.414542
14386 0.329557 0.387983  0.282459
10828 0.254148 0.424365  0.321487
13991 0.158363 0.620644  0.220993
3171 0.454178 0.488154  0.0576677
11427 0.281986 0.334896  0.383119
7331 0.435944 0.45522  0.108835
7312 0.112794 0.452749  0.434457
8356 0.311235 0.560845  0.12792
4034 0.225434 0.270229  0.504337
12174 0.349717 0.353236  0.297048
3149 0.496903 0.0453785  0.457718
9632 0.246622 0.371618  0.38176
14296 0.242445 0.390146  0.367409
1476 0.272966 0.617376  0.109658
12173 0.448451 0.436658  0.114891
13957 0.323891 0.373888  0.30222
3853 0.372451 0.318652  0.308896
12729 0.522659 0.221897  0.255444
3125 0.154209 0.323704  0.522087
8832 0.0637488 0.121897  0.814354
6175 0.148874 0.216594  0.634533
13525 0.284031 0.259193  0.456776
3363 0.539452 0.311857  0.148691
12958 0.45759 0.427244  0.115167
6641 0.26132 0.365902  0.372778
13621 0.596732 0.135295  0.267973
8712 0.266327 0.48787  0.245803
4667 0.300918 0.313606  0.385475
6412 0.563925 0.150321  0.285754
2559 0.104356 0.510784  0.38486
8903 0.143363 0.430156  0.426482
8814 0.528806 0.0900582  0.381136
4048 0.057062 0.331046  0.611892
7154 0.434722 0.429706  0.135572
9530 0.0811616 0.410128  0.508711
3713 0.194822 0.154433  0.650745
7518 0.285511 0.498223  0.216266
744 0.246149 0.363104  0.390746
4105 0.206074 0.484337  0.309589
11708 0.0197673 0.0920486  0.888184
11830 0.0330553 0.695013  0.271932
14072 0.394838 0.0237507  0.581411
868 0.0842505 0.412854  0.502896
14298 0.213541 0.687698  0.0987614
12500 0.660034 0.0148703  0.325096
4120 0.1302 0.337987  0.531812
10386 0.289684 0.315401  0.394915
1799 0.137562 0.0694669  0.792971
5572 0.194517 0.125309  0.680173
447 0.340811 0.203902  0.455287
11839 0.0468953 0.60496  0.348145
9335 0.268043 0.165016  0.566942
3225 0.536416 0.372987  0.0905967
11585 0.457482 0.366212  0.176306
9049 0.214106 0.459609  0.326284
5986 0.287207 0.518578  0.194215
3284 0.50793 0.18817  0.3039
1461 0.274324 0.179553  0.546123
8246 0.41241 0.533536  0.0540531
11122 0.428585 0.184526  0.386889
9530 0.268249 0.354092  0.37766
5022 0.707652 0.128387  0.163961
1486 0.243978 0.271715  0.484306
7863 0.348983 0.364485  0.286533
12199 0.442899 0.164924  0.392177
2354 0.479974 0.137412  0.382614
8002 0.344256 0.270618  0.385126
6311 0.518381 0.251731  0.229887
4513 0.385738 0.293323  0.320939
7690 0.349205 0.105411  0.545384
13536 0.238188 0.325329  0.436484
13775 0.0645241 0.201263  0.734213
7175 0.387249 0.293704  0.319047
12035 0.0455363 0.64949  0.304974
9188 0.379441 0.584725  0.035834
5207 0.0840334 0.304981  0.610985
744 0.568563 0.375524  0.0559128
6300 0.43589 0.300308  0.263802
12039 0.382919 0.303369  0.313712
13518 0.251084 0.255186  0.49373
5523 0.346057 0.640854  0.0130896
13037 0.281277 0.149663  0.56906
10764 0.279125 0.342229  0.378646
7963 0.135201 0.714424  0.150375
5221 0.174679 0.28935  0.53597
8920 0.305975 0.322244  0.371781
1484 0.301598 0.218931  0.479471
8294 0.352548 0.280583  0.366869
1476 0.0520899 0.338587  0.609323
14298 0.115013 0.278965  0.606022
12970 0.112842 0.360044  0.527115
5084 0.4401 0.225859  0.33404
13872 0.342627 0.363339  0.294035
14527 0.6876 0.057234  0.255166
4373 0.560414 0.0467908  0.392796
6526 0.591086 0.223352  0.185562
8458 0.386246 0.522897  0.0908578
11842 0.175493 0.0344009  0.790106
6302 0.0866063 0.307392  0.606001
3304 0.372035 0.114216  0.513749
9530 0.412349 0.172443  0.415209
2888 0.419827 0.364349  0.215824
13541 0.642787 0.25227  0.104943
14034 0.357206 0.409001  0.233793
3247 0.385599 0.0277218  0.58668
3550 0.400911 0.20909  0.39
11882 0.433423 0.0792423  0.487335
5476 0.201791 0.0703524  0.727857
1720 0.401076 0.191188  0.407735
3378 0.457074 0.445923  0.097003
5212 0.374942 0.230212  0.394846
2476 0.149436 0.668187  0.182377
191 0.037238 0.524017  0.438745
6308 0.189293 0.507473  0.303234
4101 0.274364 0.322548  0.403089
9530 0.338162 0.311001  0.350836
9530 0.798386 0.137263  0.0643511
1008 0.247422 0.0479192  0.704659
14299 0.197071 0.384273  0.418656
10965 0.164254 0.269258  0.566488
6300 0.414337 0.186545  0.399118
7577 0.416716 0.322147  0.261137
10659 0.546552 0.174011  0.279437
13390 0.402147 0.395743  0.20211
12970 0.550827 0.0607083  0.388465
9887 0.108257 0.720165  0.171577
3096 0.233817 0.383798  0.382385
4091 0.282726 0.600399  0.116875
14093 0.33709 0.468738  0.194172
3241 0.478418 0.0517553  0.469826
1732 0.065817 0.334108  0.600075
11834 0.0795687 0.357917  0.562514
9778 0.512335 0.451674  0.0359907
5564 0.28544 0.0267393  0.687821
12873 0.442385 0.328104  0.229511
4909 0.415052 0.228434  0.356514
5793 0.0788073 0.745943  0.175249
1469 0.454321 0.295782  0.249898
14396 0.556921 0.0999657  0.343114
1140 0.268889 0.454459  0.276653
11585 0.406893 0.259021  0.334087
4359 0.43022 0.234331  0.33545
9501 0.193037 0.364437  0.442527
5262 0.555327 0.262591  0.182082
1747 0.362867 0.517991  0.119142
1678 0.262506 0.219284  0.51821
10803 0.458293 0.112062  0.429645
3921 0.47697 0.499868  0.0231617
11174 0.362054 0.37074  0.267205
9923 0.387949 0.542992  0.0690596
8750 0.323971 0.262814  0.413215
604 0.41457 0.111869  0.473561
10844 0.210133 0.531053  0.258813
5480 0.434749 0.432154  0.133096
9182 0.215254 0.228548  0.556197
12151 0.187608 0.429299  0.383092
9184 0.179952 0.785702  0.0343459
7073 0.448286 0.0944924  0.457221
11861 0.371455 0.127192  0.501352
8425 0.104883 0.640347  0.25477
11961 0.194546 0.468834  0.33662
2852 0.554137 0.276155  0.169708
3159 0.304295 0.365633  0.330072
9530 0.424099 0.148922  0.426979
12171 0.349838 0.614741  0.0354215
1476 0.455785 0.291755  0.25246
4096 0.0511984 0.370583  0.578219
5799 0.230322 0.626421  0.143257
3211 0.540928 0.393172  0.0659002
7690 0.257611 0.422682  0.319707
12988 0.66346 0.059029  0.277511
4088 0.332654 0.321695  0.345651
12132 0.3389 0.301116  0.359984
9507 0.445083 0.0360005  0.518917
11825 0.162637 0.533574  0.303789
13819 0.227453 0.677351  0.0951962
3399 0.433639 0.297495  0.268867
12526 0.548194 0.0357798  0.416026
14426 0.333384 0.323803  0.342813
597 0.541909 0.357469  0.100622
1441 0.0764261 0.611584  0.31199
846 0.235748 0.20378  0.560472
693 0.0962384 0.615522  0.28824
9561 0.331718 0.444089  0.224193
5127 0.781748 0.0703923  0.14786
14520 0.347838 0.0658032  0.586359
5109 0.0147394 0.508791  0.476469
5456 0.0405611 0.240706  0.718733
11826 0.0256799 0.571599  0.402721
9318 0.5017 0.0922088  0.406091
12301 0.223674 0.54203  0.234297
2199 0.475256 0.22165  0.303094
1413 0.354543 0.23019  0.415267
10847 0.437536 0.430707  0.131757
13536 0.168698 0.487214  0.344088
11489 0.264972 0.572356  0.162672
10147 0.533177 0.423507  0.0433154
14299 0.374218 0.07415  0.551632
4979 0.261108 0.240309  0.498583
9756 0.0541034 0.755196  0.190701
630 0.45777 0.313544  0.228687
4362 0.365711 0.287731  0.346558
2854 0.0241784 0.248423  0.727399
12172 0.261233 0.258811  0.479956
12407 0.0681728 0.353313  0.578515
12902 0.321863 0.444113  0.234024
8515 0.058331 0.596395  0.345274
7087 0.116495 0.434258  0.449247
5966 0.228338 0.412346  0.359316
7282 0.3221 0.537945  0.139955
8167 0.461955 0.150379  0.387666
5015 0.363029 0.229164  0.407807
8695 0.605893 0.347436  0.0466716
4386 0.352223 0.408334  0.239444
1723 0.155717 0.401754  0.442529
13975 0.285935 0.490288  0.223777
7230 0.508933 0.227314  0.263753
2102 0.232414 0.666936  0.10065
7926 0.0761242 0.374439  0.549437
1473 0.476319 0.256024  0.267657
2413 0.468686 0.427706  0.103608
6057 0.227387 0.645131  0.127482
8844 0.318983 0.372362  0.308656
1283 0.489832 0.139561  0.370607
