7124 0.462125 0.228158  0.309717
1059 0.070314 0.341081  0.588605
3205 0.280247 0.552935  0.166818
2652 0.0459915 0.524712  0.429297
2111 0.199935 0.4539  0.346165
3954 0.332758 0.360466  0.306776
6367 0.457872 0.355303  0.186824
1845 0.0572257 0.828621  0.114153
2028 0.0816541 0.700882  0.217464
2061 0.466726 0.303494  0.22978
883 0.142068 0.418723  0.43921
466 0.185372 0.635584  0.179044
1802 0.0151149 0.48256  0.502325
4556 0.01271 0.528686  0.458604
2518 0.267784 0.134161  0.598054
6546 0.248011 0.457349  0.29464
6034 0.320634 0.247379  0.431986
1264 0.172566 0.380853  0.446581
2051 0.724958 0.0358196  0.239222
6271 0.452992 0.374175  0.172832
6201 0.5167 0.0977322  0.385568
3914 0.303859 0.590067  0.106073
5685 0.332054 0.293614  0.374332
1671 0.288675 0.43961  0.271715
338 0.471835 0.412193  0.115972
2494 0.0986815 0.625941  0.275377
7030 0.425557 0.328086  0.246358
5024 0.373127 0.499956  0.126917
5869 0.405373 0.368299  0.226328
6586 0.331929 0.304388  0.363684
7163 0.586602 0.116043  0.297355
3588 0.333286 0.461377  0.205337
3957 0.139066 0.32094  0.539993
7125 0.42546 0.246954  0.327586
1308 0.318649 0.224818  0.456533
2619 0.285803 0.580637  0.13356
6667 0.481352 0.4177  0.100948
2620 0.323184 0.356109  0.320707
1324 0.132498 0.686683  0.180819
5997 0.234384 0.371723  0.393893
2683 0.596769 0.0268782  0.376353
1659 0.611955 0.12949  0.258554
1053 0.193074 0.440665  0.366262
3282 0.482828 0.281574  0.235598
4509 0.671584 0.138  0.190417
4848 0.201917 0.325154  0.472928
2087 0.355615 0.266589  0.377796
4415 0.7508 0.155073  0.0941263
7039 0.598234 0.151856  0.24991
3325 0.260214 0.261265  0.478522
3403 0.509705 0.0507171  0.439578
2387 0.0845027 0.0339754  0.881522
4796 0.270303 0.201116  0.528581
1972 0.388855 0.440546  0.170599
1873 0.406208 0.559691  0.0341007
750 0.215214 0.349326  0.43546
4524 0.458985 0.454701  0.0863145
6917 0.307362 0.0240577  0.668581
6571 0.0840543 0.612564  0.303381
4310 0.226656 0.446623  0.326721
2683 0.275411 0.412943  0.311646
2188 0.421297 0.217043  0.36166
1603 0.253209 0.538781  0.20801
6881 0.322844 0.196544  0.480611
5287 0.384136 0.379758  0.236106
4313 0.333407 0.367783  0.29881
42 0.582067 0.0238395  0.394094
5260 0.464043 0.369001  0.166957
241 0.0462706 0.370983  0.582746
6795 0.572886 0.134726  0.292387
6315 0.607675 0.0334637  0.358861
268 0.644017 0.196479  0.159504
3357 0.280474 0.663709  0.0558173
6717 0.0792421 0.55351  0.367248
2549 0.427846 0.338873  0.233281
1512 0.285959 0.404799  0.309242
46 0.325002 0.181912  0.493086
2937 0.536737 0.0441816  0.419082
4745 0.14661 0.179223  0.674168
423 0.510938 0.0957747  0.393287
2065 0.331526 0.505289  0.163184
1425 0.272726 0.553695  0.173579
5309 0.356884 0.385442  0.257674
5213 0.45612 0.439466  0.104413
5987 0.456663 0.320026  0.22331
1080 0.39541 0.323864  0.280726
1061 0.366319 0.402469  0.231212
3391 0.300295 0.471642  0.228063
6772 0.392415 0.194028  0.413557
5837 0.433566 0.453444  0.11299
7071 0.190057 0.487714  0.322229
7289 0.19614 0.391872  0.411987
261 0.458864 0.431313  0.109823
5025 0.623424 0.204704  0.171873
1259 0.300112 0.177746  0.522142
1815 0.236997 0.498022  0.26498
1286 0.256004 0.543198  0.200798
5669 0.519261 0.247052  0.233687
3725 0.362928 0.296862  0.340211
4413 0.310825 0.251784  0.437391
721 0.263855 0.156542  0.579603
5834 0.454072 0.465195  0.0807328
2359 0.684838 0.0596481  0.255514
7313 0.290157 0.539858  0.169985
7153 0.325841 0.479835  0.194323
4179 0.412313 0.153212  0.434475
5365 0.733286 0.0173177  0.249396
3122 0.350737 0.217586  0.431677
6819 0.17351 0.517989  0.308501
1166 0.415796 0.161285  0.422919
220 0.113744 0.460771  0.425484
5662 0.363391 0.291111  0.345498
4499 0.352398 0.379329  0.268272
6218 0.342296 0.57456  0.0831438
1474 0.327886 0.319885  0.352229
687 0.321815 0.175805  0.50238
5039 0.235211 0.267988  0.496801
2142 0.112744 0.405778  0.481478
218 0.5557 0.295453  0.148847
2783 0.459263 0.283887  0.25685
569 0.344013 0.357881  0.298106
5925 0.350108 0.42746  0.222431
2042 0.028734 0.541883  0.429383
375 0.0973878 0.465062  0.43755
7036 0.218611 0.318572  0.462817
2624 0.25195 0.349459  0.398591
3762 0.107991 0.425363  0.466646
1929 0.0264228 0.719834  0.253743
2512 0.0951592 0.341252  0.563589
2072 0.330143 0.191056  0.478801
96 0.365888 0.381776  0.252337
5191 0.571827 0.327269  0.100904
1894 0.0340537 0.698217  0.26773
6067 0.424481 0.136129  0.43939
4254 0.643653 0.112296  0.24405
7231 0.334963 0.2912  0.373837
1209 0.325817 0.472063  0.20212
2666 0.0980086 0.855384  0.0466077
2130 0.218778 0.548752  0.23247
1002 0.387475 0.596395  0.0161303
854 0.622786 0.164232  0.212982
1252 0.445693 0.184291  0.370016
3000 0.215436 0.181036  0.603528
2247 0.316088 0.342818  0.341094
4105 0.262125 0.481365  0.256511
62 0.254359 0.664192  0.0814489
861 0.139561 0.817358  0.0430807
4841 0.468983 0.29586  0.235157
1590 0.166287 0.458714  0.375
2778 0.527925 0.214003  0.258071
4877 0.501075 0.100122  0.398802
4745 0.50792 0.194635  0.297445
6078 0.444096 0.339445  0.216459
232 0.518186 0.403711  0.0781038
2329 0.0194798 0.662708  0.317812
3368 0.225031 0.0317688  0.7432
2530 0.355866 0.449389  0.194746
4209 0.266296 0.562964  0.17074
5604 0.666367 0.292411  0.0412223
3331 0.416406 0.493113  0.090481
2722 0.417356 0.208082  0.374563
164 0.219451 0.531709  0.248841
2858 0.406096 0.372522  0.221382
4857 0.0383128 0.474064  0.487623
1558 0.161849 0.373659  0.464492
3736 0.266893 0.136026  0.597081
1867 0.922439 0.0266039  0.0509569
4985 0.29876 0.177856  0.523383
5870 0.416656 0.0295081  0.553836
5490 0.147695 0.236325  0.61598
4843 0.0848558 0.3343  0.580844
3794 0.272058 0.244408  0.483534
1076 0.213821 0.248248  0.537931
6321 0.497524 0.0327282  0.469748
7 0.18704 0.510001  0.302959
2612 0.454695 0.0560532  0.489252
1689 0.414222 0.181824  0.403954
3905 0.173676 0.728942  0.0973819
4616 0.496099 0.284377  0.219524
1882 0.404371 0.072153  0.523476
5149 0.607256 0.262818  0.129926
5692 0.30774 0.563095  0.129165
5085 0.184637 0.383818  0.431545
1286 0.375486 0.461993  0.162522
3871 0.388849 0.20699  0.404161
6558 0.609743 0.254239  0.136018
4848 0.159867 0.339047  0.501086
5605 0.391439 0.254926  0.353635
1350 0.275805 0.319439  0.404757
7292 0.54655 0.288902  0.164547
439 0.456075 0.231318  0.312607
1200 0.226131 0.406361  0.367508
5915 0.235409 0.389481  0.37511
3157 0.334124 0.178672  0.487204
5926 0.147243 0.121911  0.730847
1760 0.423308 0.341248  0.235444
6376 0.109756 0.335351  0.554893
1534 0.687035 0.146281  0.166685
1563 0.325646 0.327168  0.347186
3561 0.644288 0.0573019  0.29841
1105 0.357719 0.167256  0.475024
5797 0.239555 0.361023  0.399421
691 0.397586 0.204982  0.397431
2327 0.0799219 0.4008  0.519278
2795 0.57072 0.301767  0.127513
1368 0.436874 0.405476  0.157649
77 0.0911391 0.453089  0.455772
1413 0.295524 0.498111  0.206365
509 0.440104 0.403746  0.15615
7025 0.164854 0.671382  0.163764
4963 0.317281 0.407519  0.2752
3219 0.429781 0.271545  0.298675
4947 0.352492 0.421886  0.225623
7074 0.0679952 0.392677  0.539327
3208 0.0142663 0.5  0.485734
1073 0.374102 0.328011  0.297887
4915 0.117751 0.254569  0.62768
4439 0.253221 0.405733  0.341046
6146 0.567378 0.0360257  0.396597
4904 0.23441 0.459021  0.306569
880 0.497846 0.279873  0.222281
6161 0.081905 0.221676  0.696419
6031 0.387915 0.201735  0.41035
6298 0.512184 0.0279769  0.459839
3343 0.179847 0.380105  0.440047
5083 0.0873809 0.59807  0.314549
4363 0.698096 0.215318  0.086585
4682 0.26061 0.282552  0.456838
1936 0.0253817 0.416978  0.55764
3599 0.396601 0.389269  0.21413
2948 0.586457 0.351553  0.0619901
5383 0.826992 0.0793009  0.0937071
3542 0.484185 0.16212  0.353694
2681 0.508885 0.327956  0.163159
267 0.386419 0.219496  0.394085
7148 0.300661 0.285923  0.413416
4973 0.395007 0.197744  0.407249
5360 0.365672 0.467379  0.16695
2929 0.104782 0.345468  0.54975
6321 0.412054 0.549303  0.0386435
4369 0.865801 0.0904567  0.0437419
5316 0.22727 0.637664  0.135066
4588 0.458953 0.1607  0.380347
6360 0.274809 0.416274  0.308918
4148 0.587633 0.276275  0.136092
4888 0.30203 0.27237  0.4256
4687 0.390416 0.171035  0.43855
2858 0.447328 0.0871362  0.465536
6394 0.407268 0.455212  0.13752
2206 0.524635 0.149324  0.326041
355 0.739756 0.0948118  0.165432
1780 0.420155 0.278458  0.301387
1124 0.469058 0.112369  0.418573
2092 0.295305 0.0904972  0.614198
5471 0.105101 0.377544  0.517355
3954 0.323175 0.375605  0.30122
240 0.228591 0.377694  0.393716
814 0.359552 0.371696  0.268752
6504 0.258489 0.387555  0.353956
6023 0.302288 0.259171  0.438541
1461 0.433501 0.418154  0.148346
2911 0.478085 0.135103  0.386812
4556 0.477603 0.246236  0.276161
781 0.585608 0.302805  0.111587
1013 0.624277 0.0931302  0.282593
3212 0.372058 0.164935  0.463007
777 0.452156 0.328289  0.219555
200 0.343268 0.289116  0.367616
1424 0.40377 0.202149  0.394081
1794 0.0573806 0.324039  0.61858
4923 0.461531 0.105863  0.432607
4022 0.379399 0.0268441  0.593757
1884 0.355729 0.289726  0.354545
3572 0.0285263 0.499194  0.47228
1067 0.372636 0.0600124  0.567352
4527 0.45855 0.290415  0.251035
3918 0.156021 0.635697  0.208283
2017 0.306455 0.0405005  0.653044
2684 0.478371 0.182147  0.339482
4826 0.470367 0.428043  0.101589
4076 0.188512 0.387076  0.424412
2827 0.388417 0.380002  0.231581
6616 0.19688 0.609283  0.193837
1787 0.2612 0.402239  0.336561
3503 0.52536 0.199131  0.275509
4392 0.407559 0.114267  0.478175
3018 0.522454 0.094138  0.383408
5996 0.282355 0.444264  0.273382
604 0.272729 0.370546  0.356725
1490 0.417985 0.307871  0.274144
4006 0.431771 0.0310129  0.537216
5461 0.374727 0.230425  0.394849
1003 0.34797 0.41194  0.240091
4987 0.0709306 0.841353  0.0877163
2492 0.462949 0.263589  0.273462
5077 0.429272 0.233997  0.336731
482 0.609645 0.322458  0.0678968
3112 0.177559 0.342621  0.479819
5059 0.503629 0.415853  0.0805179
2210 0.128046 0.638908  0.233046
688 0.0787749 0.310981  0.610244
5004 0.174557 0.33516  0.490283
5073 0.0318103 0.483053  0.485136
5233 0.14073 0.632339  0.226931
951 0.196497 0.108561  0.694942
2447 0.308833 0.531022  0.160145
6498 0.146162 0.351708  0.50213
2664 0.133176 0.572603  0.294221
1924 0.484427 0.1342  0.381372
152 0.461993 0.307635  0.230372
4619 0.522275 0.205918  0.271808
6484 0.332757 0.418948  0.248296
5236 0.0742661 0.390618  0.535116
5937 0.295415 0.246572  0.458013
2636 0.293409 0.655699  0.0508914
3086 0.0292084 0.823538  0.147253
1881 0.490975 0.382238  0.126787
4184 0.501095 0.349786  0.149119
770 0.606666 0.334823  0.0585114
2990 0.084454 0.553638  0.361908
4786 0.271238 0.487963  0.240799
1545 0.0745348 0.312578  0.612888
5987 0.359772 0.257019  0.383209
4777 0.651965 0.274643  0.073392
6502 0.210963 0.716392  0.0726443
1300 0.269473 0.181907  0.54862
2789 0.654839 0.226029  0.119132
4126 0.08949 0.481638  0.428872
5652 0.0228705 0.49451  0.48262
3021 0.167003 0.692655  0.140342
6722 0.123291 0.0861384  0.790571
1869 0.322554 0.0876571  0.589789
3023 0.588334 0.114026  0.29764
4925 0.332954 0.556088  0.110957
3133 0.465861 0.169442  0.364696
3998 0.751196 0.117424  0.13138
5018 0.331538 0.496534  0.171928
976 0.363811 0.425237  0.210952
3411 0.164855 0.573746  0.261399
5105 0.479423 0.0783486  0.442229
5201 0.38749 0.238688  0.373822
2419 0.301749 0.346864  0.351387
2445 0.588267 0.222396  0.189337
3364 0.337197 0.185443  0.47736
5722 0.771522 0.150665  0.0778135
2935 0.325322 0.523153  0.151525
2351 0.129016 0.140776  0.730207
5435 0.125971 0.434787  0.439242
2677 0.633846 0.174449  0.191705
5024 0.352 0.459542  0.188458
4499 0.426836 0.181184  0.391981
1646 0.0577612 0.484434  0.457805
1504 0.154089 0.427446  0.418465
1636 0.203934 0.421235  0.374831
1785 0.530414 0.359099  0.110488
2634 0.355062 0.193911  0.451027
4011 0.42714 0.163439  0.409421
6891 0.276273 0.597115  0.126613
5889 0.563689 0.0435253  0.392786
5630 0.574694 0.13218  0.293126
532 0.359417 0.588057  0.0525253
3324 0.0974699 0.465149  0.437381
1932 0.407612 0.377986  0.214402
1735 0.448407 0.0916464  0.459946
6032 0.388709 0.399392  0.211899
4962 0.364773 0.56468  0.0705469
5067 0.454324 0.155795  0.389881
766 0.656659 0.316692  0.026649
5331 0.892524 0.0331611  0.0743146
5509 0.112525 0.567739  0.319737
7331 0.362525 0.29453  0.342945
3600 0.125241 0.490464  0.384295
6854 0.311681 0.519633  0.168687
409 0.550246 0.105011  0.344743
6389 0.425065 0.0825162  0.492419
3577 0.350318 0.195115  0.454566
2564 0.187066 0.671359  0.141575
49 0.232339 0.324103  0.443558
3957 0.771831 0.10876  0.119409
5560 0.473634 0.261603  0.264762
1424 0.45952 0.367665  0.172815
3570 0.333064 0.370127  0.296809
632 0.477275 0.446031  0.0766935
5783 0.187883 0.387609  0.424507
1640 0.459566 0.0124781  0.527956
3773 0.310901 0.332059  0.35704
2262 0.268691 0.104499  0.62681
3730 0.36646 0.239604  0.393936
554 0.560476 0.353996  0.0855278
5106 0.405025 0.33489  0.260085
4928 0.160112 0.738038  0.10185
6041 0.118107 0.105635  0.776258
5344 0.338735 0.200686  0.460579
6134 0.420625 0.0572771  0.522097
3066 0.050847 0.291749  0.657404
5472 0.185649 0.194971  0.619379
3171 0.364479 0.394618  0.240903
2545 0.54143 0.152489  0.306081
469 0.267173 0.552282  0.180545
4705 0.406875 0.114985  0.47814
7322 0.0221575 0.447567  0.530275
3518 0.449442 0.504342  0.0462161
469 0.512522 0.195548  0.291931
312 0.313502 0.593311  0.0931868
5944 0.079741 0.396223  0.524036
5725 0.375803 0.370656  0.253541
982 0.44195 0.391111  0.166939
1171 0.283304 0.279651  0.437045
6587 0.0564538 0.347272  0.596274
6743 0.521312 0.37069  0.107998
2736 0.416015 0.147708  0.436278
5768 0.416019 0.100968  0.483013
3216 0.381504 0.146925  0.471571
5569 0.280347 0.213703  0.50595
4560 0.213701 0.332564  0.453735
3714 0.0744836 0.113405  0.812111
1119 0.183135 0.444301  0.372564
5966 0.456029 0.116538  0.427433
2325 0.366856 0.210866  0.422278
6690 0.601295 0.284303  0.114402
1449 0.366979 0.305895  0.327125
106 0.454183 0.0658148  0.480002
5563 0.248958 0.2177  0.533342
6419 0.318896 0.133179  0.547924
3513 0.0373764 0.619587  0.343037
3186 0.38003 0.294792  0.325178
475 0.220812 0.478689  0.3005
5692 0.403154 0.540059  0.0567867
3384 0.47548 0.139297  0.385224
5221 0.508923 0.255604  0.235473
3511 0.132198 0.258639  0.609163
7216 0.248367 0.338742  0.412891
84 0.304787 0.346278  0.348935
735 0.433581 0.401307  0.165111
2773 0.613302 0.0809741  0.305724
3246 0.198315 0.489101  0.312584
6420 0.346808 0.31473  0.338462
1194 0.552569 0.37838  0.0690513
74 0.0700438 0.775335  0.154621
6599 0.401214 0.305167  0.293619
5363 0.0679237 0.509106  0.422971
919 0.314081 0.393719  0.2922
3811 0.816306 0.0548847  0.128809
1966 0.370713 0.357212  0.272075
6335 0.408719 0.435137  0.156144
6861 0.478043 0.3054  0.216556
2013 0.28361 0.115498  0.600892
6071 0.241823 0.488673  0.269504
473 0.173875 0.43083  0.395295
4535 0.307921 0.266981  0.425097
1074 0.227003 0.284347  0.48865
5771 0.484371 0.38009  0.135539
1391 0.278861 0.410428  0.310712
4252 0.431194 0.435783  0.133023
3122 0.333673 0.493678  0.172649
287 0.293809 0.474457  0.231734
4210 0.318661 0.390283  0.291056
6101 0.403158 0.297181  0.299661
4646 0.0509127 0.48342  0.465667
254 0.444881 0.355246  0.199873
1218 0.490208 0.0255341  0.484258
4503 0.287648 0.375241  0.337111
1389 0.402707 0.364829  0.232464
4673 0.370447 0.159786  0.469767
6375 0.439363 0.46084  0.0997967
2149 0.441533 0.106424  0.452043
4707 0.509717 0.45062  0.0396632
6126 0.166474 0.420671  0.412856
605 0.285044 0.198095  0.516861
193 0.205617 0.445508  0.348875
3347 0.247334 0.182367  0.570299
5973 0.433694 0.370948  0.195358
4537 0.121519 0.477044  0.401437
3386 0.459567 0.0215891  0.518844
6242 0.652481 0.155811  0.191708
7159 0.21091 0.218253  0.570838
1117 0.356574 0.23404  0.409386
1912 0.257829 0.548932  0.193239
4715 0.125544 0.0813149  0.793141
5081 0.371558 0.406545  0.221897
3865 0.0184891 0.523708  0.457803
3032 0.0435252 0.570674  0.385801
7241 0.392285 0.271855  0.33586
449 0.243517 0.384332  0.372152
4418 0.544818 0.370082  0.0850998
4059 0.360805 0.383224  0.255972
2235 0.322775 0.534137  0.143088
4505 0.359544 0.44138  0.199076
5287 0.343472 0.377687  0.278841
5904 0.367645 0.299056  0.333299
1185 0.163481 0.476779  0.35974
1550 0.393606 0.207119  0.399275
3686 0.117199 0.379335  0.503466
6010 0.253761 0.478283  0.267956
3067 0.464544 0.0339186  0.501537
1605 0.239344 0.383486  0.377169
464 0.382452 0.372889  0.244659
6935 0.344968 0.641524  0.0135078
2351 0.155316 0.148521  0.696163
5380 0.49221 0.39876  0.10903
3831 0.67112 0.272026  0.056854
6293 0.518049 0.235808  0.246142
587 0.388492 0.392277  0.219232
6008 0.345274 0.30194  0.352786
4511 0.382439 0.596922  0.0206393
914 0.216886 0.472886  0.310228
1520 0.765145 0.0396222  0.195233
2849 0.367736 0.115899  0.516364
3752 0.335443 0.251707  0.41285
1053 0.496967 0.241035  0.261998
5746 0.444617 0.526898  0.0284858
5044 0.510025 0.452092  0.0378824
2551 0.083973 0.705292  0.210735
7199 0.20006 0.404003  0.395937
1674 0.372284 0.464272  0.163444
4172 0.402199 0.204123  0.393678
943 0.398154 0.442105  0.159741
5679 0.184464 0.379269  0.436267
1313 0.119124 0.498855  0.382022
3545 0.283495 0.506069  0.210437
5977 0.0817554 0.345374  0.572871
3366 0.319444 0.507243  0.173313
6620 0.274116 0.364675  0.36121
2483 0.134679 0.676147  0.189175
118 0.412273 0.173508  0.414218
3212 0.410812 0.357118  0.23207
1561 0.385767 0.339495  0.274738
4570 0.411913 0.414297  0.17379
1012 0.219393 0.580752  0.199855
2751 0.107913 0.550737  0.341351
2505 0.203405 0.326807  0.469788
1746 0.706929 0.0421831  0.250888
2577 0.465571 0.25276  0.281669
71 0.559963 0.428372  0.0116658
7102 0.545338 0.344964  0.109698
46 0.490455 0.188746  0.320799
6329 0.44335 0.0996938  0.456956
5128 0.103027 0.377389  0.519584
576 0.607998 0.181772  0.21023
6425 0.424493 0.552766  0.0227406
4983 0.399469 0.57849  0.0220408
2778 0.335508 0.158906  0.505586
6893 0.429799 0.0334974  0.536703
2889 0.208267 0.483052  0.308681
2381 0.200293 0.447268  0.352439
5246 0.344857 0.128185  0.526959
945 0.50087 0.208223  0.290907
3577 0.181692 0.762163  0.0561448
1668 0.328389 0.546609  0.125002
1055 0.157152 0.678099  0.164748
4974 0.340557 0.161763  0.49768
1958 0.43747 0.355224  0.207306
5131 0.400539 0.33679  0.262671
3864 0.371822 0.518035  0.110143
2578 0.809236 0.0412612  0.149502
7332 0.122698 0.742266  0.135036
3825 0.60273 0.183082  0.214188
618 0.16218 0.335017  0.502803
1430 0.527044 0.254387  0.218569
3095 0.385701 0.358601  0.255698
4201 0.217109 0.130412  0.652478
4278 0.505571 0.382505  0.111924
7123 0.0257535 0.40327  0.570976
2436 0.338718 0.202856  0.458425
3089 0.319326 0.203008  0.477666
6508 0.282897 0.47294  0.244163
3970 0.324088 0.433083  0.242829
6290 0.372386 0.304386  0.323228
2831 0.410605 0.229619  0.359777
5063 0.478491 0.477948  0.0435613
3554 0.405937 0.312604  0.281458
776 0.0424022 0.454478  0.50312
4177 0.0862026 0.458489  0.455308
3887 0.525057 0.349436  0.125507
2240 0.331511 0.179533  0.488956
4464 0.234799 0.412305  0.352896
615 0.134685 0.383772  0.481543
6415 0.291967 0.166291  0.541742
4427 0.292674 0.247484  0.459843
3589 0.459545 0.328934  0.211521
946 0.19338 0.727803  0.0788167
5160 0.00800887 0.413071  0.57892
1253 0.652497 0.266484  0.081019
4959 0.237884 0.481175  0.280942
7154 0.182929 0.453522  0.36355
5219 0.173192 0.54512  0.281688
5591 0.596025 0.351353  0.0526224
4801 0.165392 0.244472  0.590135
6891 0.317747 0.334801  0.347453
1776 0.570674 0.170059  0.259267
2526 0.542663 0.175615  0.281722
135 0.539206 0.0529502  0.407844
4342 0.540306 0.183149  0.276546
4577 0.114353 0.508636  0.377011
4218 0.465603 0.506239  0.0281586
1430 0.0499095 0.393451  0.55664
1183 0.347774 0.100302  0.551925
2972 0.216202 0.385615  0.398183
1688 0.255143 0.299273  0.445584
4713 0.0805181 0.664541  0.254941
5685 0.557375 0.111354  0.331271
4391 0.532241 0.261295  0.206464
5439 0.235794 0.59599  0.168215
1001 0.272459 0.346084  0.381457
418 0.33365 0.417933  0.248417
898 0.647104 0.109114  0.243783
5965 0.363493 0.264122  0.372385
5224 0.283886 0.0793197  0.636794
5856 0.267333 0.411677  0.32099
6212 0.286266 0.437295  0.27644
1138 0.43435 0.41995  0.145699
631 0.27302 0.382087  0.344893
2802 0.294061 0.362324  0.343615
1609 0.175251 0.15008  0.674669
2738 0.235109 0.295952  0.468939
5804 0.254965 0.537428  0.207607
5442 0.349078 0.508873  0.142049
6957 0.21662 0.196905  0.586475
1369 0.425177 0.116026  0.458797
6657 0.426599 0.1892  0.384201
721 0.401474 0.523271  0.0752549
4033 0.144279 0.290992  0.564729
5646 0.358361 0.550135  0.0915036
271 0.202551 0.678685  0.118764
6118 0.244355 0.393474  0.362171
5993 0.110016 0.377023  0.512961
2683 0.516721 0.144923  0.338356
3477 0.495935 0.459175  0.04489
2061 0.238793 0.583018  0.178188
777 0.470659 0.283772  0.245569
2366 0.507449 0.428568  0.0639832
4212 0.325314 0.490564  0.184122
1121 0.466659 0.288477  0.244864
2175 0.555677 0.324983  0.11934
1771 0.790947 0.166728  0.0423251
6270 0.344135 0.176003  0.479862
5669 0.218622 0.611135  0.170244
6517 0.372793 0.217495  0.409713
8 0.297204 0.132737  0.570058
6476 0.277762 0.481957  0.240281
733 0.165527 0.599329  0.235144
3436 0.31327 0.296042  0.390688
3054 0.492317 0.472757  0.0349259
6168 0.432189 0.453362  0.114449
6048 0.51835 0.468634  0.0130157
1264 0.347197 0.407083  0.24572
2250 0.227092 0.35787  0.415038
2476 0.436494 0.281667  0.281839
3465 0.0728604 0.49177  0.43537
4613 0.229702 0.173777  0.596522
68 0.285922 0.461659  0.252419
5610 0.266381 0.130426  0.603194
2979 0.185873 0.451599  0.362528
212 0.559452 0.295141  0.145406
4172 0.198582 0.224529  0.576889
3911 0.283046 0.209202  0.507752
1760 0.329019 0.630593  0.0403879
593 0.816555 0.159366  0.0240791
1437 0.128501 0.53933  0.332169
4110 0.472648 0.391965  0.135387
4673 0.11721 0.12708  0.75571
3777 0.0843033 0.53565  0.380047
5150 0.361365 0.23196  0.406675
1200 0.0333044 0.444875  0.521821
5082 0.722899 0.0368159  0.240285
2151 0.623606 0.117748  0.258646
1225 0.266652 0.2888  0.444548
2084 0.251737 0.091888  0.656375
7132 0.165425 0.234516  0.600058
1717 0.155492 0.47612  0.368388
4660 0.267976 0.379065  0.352959
2963 0.355282 0.361535  0.283183
4512 0.446235 0.344568  0.209197
1805 0.495122 0.304796  0.200082
1136 0.429876 0.142508  0.427616
5796 0.283892 0.0148018  0.701307
2129 0.286094 0.304821  0.409085
1463 0.650581 0.0338839  0.315535
7119 0.18768 0.445471  0.366849
6470 0.262219 0.672152  0.0656296
4769 0.154539 0.737164  0.108297
6998 0.260718 0.144508  0.594773
6765 0.0510498 0.27624  0.67271
7035 0.164425 0.324366  0.511209
5711 0.53583 0.034709  0.429461
2821 0.225581 0.366635  0.407784
3403 0.147596 0.434795  0.41761
2389 0.0369681 0.186314  0.776718
5268 0.331412 0.341431  0.327157
862 0.661791 0.0995164  0.238693
2638 0.372702 0.371239  0.256059
6225 0.670006 0.141357  0.188638
7023 0.0560662 0.517525  0.426408
3473 0.497725 0.416609  0.0856658
5202 0.056623 0.374079  0.569298
3288 0.323689 0.327823  0.348488
5131 0.272022 0.493455  0.234523
237 0.658862 0.0447198  0.296418
2517 0.238625 0.172439  0.588937
4904 0.382829 0.087903  0.529268
1199 0.335626 0.361739  0.302636
2037 0.258684 0.406936  0.33438
4707 0.402092 0.524382  0.0735264
6542 0.458949 0.0864281  0.454623
343 0.262553 0.366624  0.370823
5173 0.457409 0.478532  0.0640582
6422 0.459222 0.0704084  0.47037
4216 0.0391722 0.585832  0.374995
2397 0.466853 0.441504  0.0916431
2603 0.104904 0.475491  0.419605
1346 0.147415 0.613641  0.238944
2290 0.156225 0.421307  0.422469
5116 0.274757 0.540694  0.184549
1316 0.24178 0.55769  0.20053
4594 0.332811 0.468886  0.198303
1359 0.393849 0.511219  0.0949311
2699 0.0838781 0.895138  0.0209844
2252 0.283432 0.230807  0.485761
5095 0.602327 0.196086  0.201587
1602 0.356039 0.365356  0.278605
651 0.837413 0.0957184  0.0668682
5755 0.218894 0.280553  0.500553
2647 0.549406 0.0752313  0.375363
686 0.285837 0.16274  0.551423
4506 0.0352503 0.668388  0.296362
2336 0.300292 0.507561  0.192147
5980 0.131872 0.774645  0.0934836
2635 0.0898143 0.381412  0.528774
1245 0.247439 0.446918  0.305643
1149 0.294829 0.443368  0.261803
130 0.249033 0.204529  0.546438
7101 0.12496 0.526535  0.348505
7064 0.330282 0.301664  0.368054
2280 0.297328 0.214823  0.487848
5805 0.265868 0.362901  0.371231
5103 0.189893 0.340763  0.469343
5058 0.375325 0.0906774  0.533997
4839 0.518857 0.126845  0.354298
5693 0.5859 0.362321  0.0517795
5581 0.374001 0.382375  0.243624
553 0.576453 0.196068  0.227479
2613 0.166503 0.602031  0.231466
2133 0.447891 0.116904  0.435206
6412 0.221402 0.528389  0.250209
4862 0.440181 0.393703  0.166116
6319 0.467495 0.162953  0.369552
4384 0.29735 0.33424  0.36841
2921 0.162818 0.419467  0.417715
1762 0.377101 0.583583  0.0393165
5276 0.276105 0.297048  0.426847
5843 0.77146 0.0685929  0.159947
2585 0.381682 0.331967  0.286351
4784 0.260598 0.580197  0.159205
3225 0.686399 0.0584638  0.255137
4980 0.233844 0.386511  0.379645
3886 0.523379 0.00892574  0.467695
3326 0.354222 0.381252  0.264526
1535 0.324971 0.313929  0.3611
3574 0.277152 0.285468  0.43738
6586 0.313425 0.400983  0.285592
4404 0.5577 0.203132  0.239168
5490 0.0293429 0.502728  0.467929
4523 0.44 0.225  0.335001
7336 0.247253 0.173756  0.578991
6895 0.464793 0.0775918  0.457615
7264 0.347901 0.0410037  0.611095
4013 0.625955 0.232202  0.141843
574 0.406095 0.410452  0.183454
3137 0.271316 0.0321783  0.696505
3333 0.233364 0.281704  0.484931
2825 0.502176 0.391504  0.106321
1557 0.3586 0.476606  0.164794
17 0.311678 0.352155  0.336166
6420 0.404508 0.117779  0.477712
313 0.291516 0.419835  0.288649
4972 0.325379 0.427222  0.2474
265 0.474742 0.479151  0.0461074
2001 0.361297 0.214738  0.423965
6516 0.578225 0.300992  0.120783
1047 0.489127 0.45052  0.0603533
2363 0.37409 0.479722  0.146188
1037 0.0771125 0.0552923  0.867595
2522 0.254027 0.33488  0.411093
3095 0.585077 0.0213766  0.393547
1609 0.499592 0.186219  0.314189
0 0.18082 0.163054  0.656125
4457 0.407096 0.228577  0.364327
2699 0.16163 0.4067  0.43167
3783 0.231064 0.257415  0.511521
3118 0.136975 0.500027  0.362998
6543 0.0246912 0.221685  0.753624
3874 0.431505 0.270905  0.29759
6600 0.349336 0.219704  0.430959
5448 0.483354 0.235358  0.281287
4004 0.247009 0.654497  0.0984939
5666 0.464118 0.0909654  0.444917
2231 0.558598 0.0357136  0.405688
4860 0.485634 0.320598  0.193768
5505 0.207302 0.385213  0.407485
3457 0.312087 0.413662  0.274251
2434 0.536983 0.321202  0.141815
1824 0.450552 0.178424  0.371024
2686 0.360417 0.0719289  0.567654
1624 0.261109 0.293408  0.445483
5200 0.168294 0.431919  0.399787
6392 0.468384 0.496524  0.0350916
2101 0.623645 0.249641  0.126714
5941 0.0586892 0.496608  0.444703
3628 0.156575 0.401833  0.441592
3630 0.56321 0.124375  0.312415
6859 0.285639 0.145428  0.568933
5237 0.369245 0.361451  0.269305
470 0.488274 0.0508065  0.460919
5662 0.510486 0.238161  0.251353
4983 0.556023 0.0564114  0.387566
7339 0.435229 0.259271  0.305499
4776 0.309933 0.365342  0.324726
3265 0.160135 0.619961  0.219904
6942 0.370289 0.225198  0.404513
6552 0.0156792 0.354651  0.62967
6407 0.356073 0.297912  0.346015
4513 0.432539 0.0369639  0.530497
5714 0.311825 0.664605  0.0235704
2454 0.198919 0.615338  0.185743
405 0.325176 0.226094  0.44873
475 0.24381 0.316036  0.440154
6772 0.106621 0.468442  0.424936
5879 0.518138 0.32618  0.155683
5029 0.261547 0.30656  0.431893
4676 0.234406 0.35439  0.411203
4024 0.381785 0.331175  0.28704
6465 0.310467 0.319149  0.370385
4071 0.213764 0.461316  0.32492
2622 0.397935 0.142507  0.459558
2727 0.0453163 0.591785  0.362899
6699 0.451909 0.137087  0.411003
5105 0.31381 0.458401  0.22779
5741 0.373772 0.32912  0.297108
5882 0.511676 0.332222  0.156101
5238 0.238557 0.44504  0.316403
5449 0.265494 0.365196  0.369311
6122 0.390648 0.297488  0.311864
2149 0.672104 0.173244  0.154651
4595 0.536551 0.197117  0.266332
1970 0.437082 0.293039  0.269879
641 0.37078 0.204279  0.424941
6261 0.321123 0.413835  0.265042
5826 0.5061 0.210634  0.283267
6045 0.29268 0.617186  0.0901341
7109 0.0798931 0.281042  0.639065
6212 0.456428 0.505722  0.0378496
6445 0.370045 0.118214  0.511741
3055 0.476173 0.480385  0.043442
1009 0.107886 0.598713  0.293401
1427 0.125916 0.309115  0.56497
2840 0.172978 0.278378  0.548644
6480 0.473563 0.428397  0.0980394
6736 0.358502 0.0793987  0.562099
3304 0.114198 0.62803  0.257772
2439 0.378069 0.33861  0.283321
192 0.210684 0.460076  0.32924
3281 0.427578 0.218668  0.353755
122 0.098878 0.0272195  0.873903
810 0.398133 0.511221  0.0906466
880 0.338404 0.381797  0.279798
3371 0.161773 0.310698  0.527529
5516 0.366876 0.114763  0.518361
3689 0.20861 0.055052  0.736338
1098 0.558758 0.0639763  0.377266
6441 0.394684 0.0490314  0.556284
829 0.205859 0.288026  0.506116
3182 0.221522 0.326219  0.45226
2113 0.0605048 0.383954  0.555542
814 0.76971 0.199217  0.0310732
3167 0.200842 0.264612  0.534546
5079 0.497661 0.10677  0.395569
6405 0.46963 0.127624  0.402747
5556 0.346817 0.564773  0.08841
1976 0.438706 0.463422  0.0978721
7149 0.543366 0.128966  0.327668
2395 0.151733 0.183711  0.664555
2494 0.374279 0.331297  0.294423
4393 0.753847 0.122369  0.123784
5622 0.478662 0.206376  0.314962
3918 0.284344 0.397661  0.317995
1505 0.406195 0.142508  0.451297
1608 0.477323 0.320347  0.20233
133 0.128682 0.340224  0.531094
7110 0.615465 0.0107014  0.373833
1626 0.573778 0.395971  0.0302516
680 0.377244 0.361116  0.26164
4323 0.623224 0.319019  0.0577571
1499 0.563105 0.285323  0.151572
1017 0.449819 0.032647  0.517534
430 0.207634 0.27681  0.515556
6719 0.39504 0.191062  0.413897
4240 0.449934 0.0502651  0.4998
6795 0.176221 0.527201  0.296578
3095 0.23781 0.413848  0.348341
3734 0.101921 0.428265  0.469814
4703 0.269878 0.354129  0.375993
3736 0.667761 0.317562  0.0146772
864 0.221604 0.013194  0.765202
6297 0.455475 0.271894  0.272632
1049 0.383753 0.357135  0.259112
5590 0.643299 0.257701  0.0989994
3931 0.366178 0.265937  0.367885
3314 0.28869 0.302375  0.408934
5365 0.409476 0.45211  0.138414
1986 0.805513 0.0334723  0.161014
3506 0.540902 0.249116  0.209983
2657 0.167817 0.25155  0.580633
1454 0.168534 0.416578  0.414888
783 0.247055 0.352143  0.400803
2628 0.0606816 0.0359727  0.903346
134 0.449979 0.390347  0.159674
243 0.571997 0.119963  0.30804
2633 0.121271 0.652394  0.226335
6267 0.345552 0.186689  0.467758
624 0.159393 0.366533  0.474075
1974 0.375705 0.465697  0.158598
5000 0.250915 0.425059  0.324025
6617 0.209351 0.224796  0.565853
1480 0.074454 0.460141  0.465405
6845 0.331611 0.543527  0.124862
3913 0.275364 0.603153  0.121483
955 0.185954 0.564413  0.249634
4034 0.274565 0.561806  0.163628
7165 0.0285528 0.385111  0.586336
907 0.224265 0.304967  0.470768
3628 0.0848153 0.784096  0.131089
929 0.33225 0.354227  0.313523
942 0.461651 0.137001  0.401348
2808 0.58749 0.103816  0.308695
360 0.185694 0.381285  0.433022
1058 0.440246 0.242924  0.31683
4769 0.29603 0.339189  0.364781
3109 0.391287 0.333595  0.275118
2053 0.440429 0.172082  0.387488
2557 0.323027 0.384343  0.292631
2775 0.246239 0.352904  0.400857
6847 0.163314 0.655409  0.181277
160 0.293079 0.386933  0.319988
5685 0.399098 0.183878  0.417025
5935 0.424069 0.308735  0.267196
6672 0.343449 0.500601  0.15595
6989 0.437895 0.239161  0.322944
2452 0.0125001 0.575563  0.411937
5928 0.465389 0.165618  0.368993
4318 0.214121 0.557314  0.228566
5616 0.541804 0.0717052  0.386491
1622 0.392081 0.403826  0.204094
0 0.258223 0.322941  0.418835
1891 0.574289 0.365085  0.0606257
6403 0.392653 0.309835  0.297512
2369 0.380749 0.414776  0.204475
3899 0.187617 0.281416  0.530967
4389 0.545752 0.427519  0.0267294
44 0.363193 0.360605  0.276202
5689 0.362954 0.290501  0.346545
3499 0.162076 0.445009  0.392915
4068 0.373294 0.189649  0.437057
1635 0.780725 0.088198  0.131077
2944 0.069104 0.582109  0.348787
3224 0.493339 0.189642  0.31702
6286 0.345938 0.339148  0.314914
1388 0.570343 0.152684  0.276973
5489 0.264087 0.384318  0.351595
2749 0.154674 0.333397  0.511929
6560 0.482604 0.265283  0.252113
4302 0.794407 0.0978475  0.107746
727 0.395333 0.0584185  0.546248
5635 0.661281 0.0740682  0.264651
2617 0.370444 0.252642  0.376914
1275 0.27041 0.345333  0.384257
2728 0.275888 0.382258  0.341853
4596 0.215171 0.497402  0.287427
6138 0.320985 0.293422  0.385593
5211 0.349741 0.51858  0.131678
7224 0.462173 0.135341  0.402486
5295 0.372542 0.0685998  0.558859
5166 0.550707 0.246377  0.202917
219 0.261536 0.299606  0.438857
1453 0.359278 0.334049  0.306673
2904 0.627121 0.201916  0.170962
2178 0.139102 0.170178  0.69072
4419 0.310515 0.39784  0.291645
32 0.510178 0.309487  0.180335
4554 0.292248 0.492206  0.215546
4530 0.772112 0.106423  0.121465
4748 0.179998 0.359382  0.46062
2642 0.480692 0.391888  0.127421
1553 0.204075 0.4696  0.326326
2681 0.399046 0.278403  0.322551
4901 0.120928 0.324508  0.554564
4745 0.338981 0.288391  0.372628
2426 0.786292 0.0621281  0.15158
2014 0.395334 0.0614204  0.543245
4406 0.511698 0.154906  0.333396
221 0.673837 0.135561  0.190602
4872 0.365086 0.216761  0.418152
4884 0.366192 0.133138  0.500671
3274 0.356375 0.342776  0.300849
6565 0.0649586 0.248966  0.686075
1533 0.315549 0.383832  0.30062
4275 0.291849 0.537523  0.170628
5088 0.501402 0.43384  0.0647581
5469 0.334735 0.295976  0.369289
6635 0.0890163 0.676547  0.234437
4335 0.506764 0.443354  0.0498822
1422 0.154867 0.448483  0.396649
848 0.34031 0.646311  0.013379
2195 0.397037 0.296044  0.306918
4317 0.407533 0.279738  0.312729
6567 0.0217213 0.836238  0.142041
978 0.377236 0.524074  0.0986897
3457 0.205998 0.472063  0.321939
6581 0.587264 0.354087  0.0586483
1013 0.0233237 0.482204  0.494472
3421 0.182949 0.343346  0.473705
158 0.0720176 0.481742  0.446241
3893 0.139845 0.740008  0.120146
6549 0.179363 0.217497  0.60314
1282 0.694268 0.139475  0.166258
395 0.282935 0.632106  0.0849589
3131 0.345268 0.471408  0.183325
4179 0.375033 0.286599  0.338368
4631 0.332109 0.402036  0.265856
589 0.213329 0.263361  0.52331
948 0.370394 0.576072  0.0535344
7321 0.32191 0.320329  0.357761
1623 0.30213 0.365298  0.332572
4696 0.491416 0.14889  0.359694
469 0.1245 0.66192  0.213581
4687 0.478612 0.251082  0.270306
5849 0.107494 0.435791  0.456715
6812 0.303102 0.316401  0.380496
3673 0.426696 0.316972  0.256332
5210 0.41926 0.177196  0.403544
3259 0.205995 0.432061  0.361944
4181 0.249807 0.0452868  0.704906
5831 0.19478 0.340626  0.464594
6813 0.269556 0.320286  0.410158
6585 0.393747 0.379214  0.22704
3818 0.543746 0.340188  0.116066
3338 0.0947228 0.554049  0.351229
5027 0.461754 0.514599  0.0236479
5530 0.588764 0.171664  0.239572
5999 0.250497 0.527698  0.221805
1558 0.40323 0.147174  0.449596
5031 0.30968 0.360317  0.330003
2599 0.376337 0.224809  0.398855
3146 0.373046 0.538945  0.0880092
1377 0.465465 0.421968  0.112566
2046 0.125717 0.444566  0.429717
4413 0.32522 0.402807  0.271972
2887 0.123589 0.598208  0.278202
5213 0.556785 0.335111  0.108103
252 0.569848 0.364391  0.0657611
6291 0.399795 0.368575  0.23163
2545 0.428766 0.423294  0.14794
2915 0.502789 0.471262  0.025949
3234 0.260032 0.105551  0.634417
6639 0.073196 0.178679  0.748125
6140 0.107981 0.342531  0.549488
3923 0.506393 0.447444  0.0461625
4423 0.0748404 0.35995  0.565209
6516 0.088855 0.259679  0.651466
531 0.225976 0.344847  0.429177
214 0.455657 0.533155  0.0111885
2824 0.436303 0.463135  0.100562
199 0.0147107 0.422378  0.562912
6781 0.256909 0.563308  0.179783
2672 0.302824 0.405156  0.29202
2494 0.23968 0.376374  0.383946
216 0.055963 0.635399  0.308638
4835 0.305989 0.371867  0.322144
1224 0.427453 0.238815  0.333731
3367 0.301854 0.196427  0.501719
6060 0.315804 0.178426  0.50577
3112 0.246668 0.451882  0.30145
4495 0.209706 0.512863  0.277431
4236 0.374487 0.328884  0.296629
144 0.46691 0.178682  0.354408
1957 0.462938 0.315645  0.221418
4663 0.577632 0.0464983  0.37587
5677 0.398168 0.177414  0.424418
5859 0.1405 0.214613  0.644887
6788 0.285369 0.373535  0.341095
4317 0.115472 0.224775  0.659752
2784 0.402251 0.341739  0.256011
6552 0.354636 0.362296  0.283068
6883 0.801478 0.0280178  0.170504
6542 0.451815 0.301314  0.246871
1275 0.638536 0.210793  0.150671
1921 0.173744 0.399282  0.426974
632 0.376078 0.320764  0.303158
195 0.390371 0.379352  0.230277
1064 0.128533 0.233459  0.638008
4542 0.87032 0.0690539  0.0606264
2087 0.316139 0.371469  0.312391
3174 0.357857 0.356117  0.286026
5233 0.358046 0.359962  0.281993
3658 0.428677 0.196501  0.374822
3720 0.349596 0.125387  0.525017
4631 0.36165 0.257517  0.380833
2560 0.00820111 0.559362  0.432437
5554 0.126406 0.211971  0.661624
342 0.24674 0.424255  0.329005
3549 0.458259 0.503923  0.0378178
5867 0.462594 0.389533  0.147873
1879 0.287092 0.399958  0.312949
2541 0.0913585 0.824316  0.0843258
995 0.278207 0.388593  0.333201
5924 0.402991 0.246471  0.350538
6067 0.265399 0.34443  0.390171
3296 0.346517 0.310005  0.343478
3389 0.247607 0.412157  0.340236
4923 0.353778 0.473755  0.172467
6967 0.442648 0.0381177  0.519234
3326 0.369567 0.0488528  0.58158
242 0.50875 0.0776769  0.413573
6538 0.335376 0.503618  0.161006
4498 0.215831 0.520087  0.264082
4544 0.236902 0.298757  0.464341
3473 0.354299 0.370531  0.27517
2764 0.425768 0.51824  0.0559921
2000 0.276644 0.503773  0.219582
1240 0.33369 0.0822505  0.584059
1205 0.354972 0.443582  0.201446
1444 0.0822929 0.33824  0.579467
711 0.0501118 0.502254  0.447634
4778 0.510235 0.174327  0.315438
4459 0.486256 0.0714453  0.442299
3075 0.431149 0.219884  0.348967
3953 0.188828 0.328398  0.482774
5700 0.481474 0.174474  0.344052
5833 0.613282 0.3183  0.0684176
2126 0.451641 0.177493  0.370867
2959 0.542992 0.128666  0.328342
5576 0.0959325 0.48354  0.420528
2987 0.17693 0.555185  0.267885
5174 0.32163 0.429511  0.248859
3231 0.220564 0.196647  0.582788
4340 0.597267 0.286354  0.116379
4140 0.356962 0.607918  0.0351199
99 0.337351 0.312958  0.349691
3356 0.214044 0.749131  0.0368255
1107 0.188266 0.485505  0.326229
6973 0.162772 0.329257  0.507971
1810 0.342685 0.309908  0.347408
3878 0.336391 0.272939  0.39067
4309 0.34682 0.472207  0.180973
6962 0.314474 0.483838  0.201689
4752 0.0211871 0.545303  0.43351
3623 0.493372 0.0658345  0.440793
6066 0.330794 0.640797  0.0284089
2131 0.541164 0.285389  0.173447
7176 0.359889 0.403076  0.237035
745 0.492077 0.167251  0.340672
5330 0.763308 0.148975  0.0877169
4108 0.277102 0.0298461  0.693052
5164 0.579194 0.106161  0.314645
2201 0.238441 0.461944  0.299615
3065 0.116242 0.467188  0.416569
2815 0.356753 0.517248  0.125999
4102 0.356119 0.353615  0.290267
5591 0.318333 0.219137  0.46253
154 0.658966 0.266192  0.0748417
872 0.254327 0.4151  0.330573
4673 0.0991953 0.527928  0.372877
3211 0.378584 0.136308  0.485108
4262 0.485066 0.0736172  0.441316
2763 0.475988 0.232858  0.291153
1797 0.490776 0.475145  0.0340785
4193 0.540235 0.16977  0.289996
6513 0.253641 0.193048  0.553311
6827 0.5398 0.174499  0.285701
893 0.424778 0.190928  0.384294
645 0.437338 0.381599  0.181063
4127 0.416038 0.182973  0.400989
3604 0.407412 0.322638  0.26995
4334 0.390479 0.259858  0.349663
4506 0.476634 0.259513  0.263853
4651 0.102776 0.205405  0.691818
3575 0.0450786 0.749752  0.20517
1696 0.35336 0.534932  0.111709
6479 0.354699 0.298264  0.347037
3902 0.603208 0.240407  0.156385
1159 0.17626 0.590271  0.233469
3078 0.111668 0.45127  0.437062
2026 0.358237 0.193833  0.44793
289 0.516748 0.299962  0.18329
1189 0.566173 0.289245  0.144582
2632 0.137817 0.551959  0.310224
3534 0.034627 0.857507  0.107866
5150 0.315369 0.277535  0.407096
5290 0.153114 0.116027  0.730859
3395 0.444457 0.50451  0.051033
563 0.515479 0.115025  0.369495
7158 0.467021 0.104667  0.428313
982 0.626135 0.145222  0.228644
5850 0.470513 0.088367  0.44112
6559 0.147638 0.350994  0.501368
4318 0.26206 0.176021  0.561918
4394 0.742538 0.0414065  0.216056
2809 0.120255 0.340952  0.538792
6671 0.242029 0.464973  0.292998
3244 0.302417 0.0988366  0.598747
4664 0.370659 0.364815  0.264526
1301 0.357097 0.0620282  0.580874
5493 0.23049 0.673819  0.0956905
5570 0.379332 0.548343  0.0723256
5552 0.206996 0.258141  0.534863
3123 0.029352 0.63838  0.332268
1463 0.137937 0.154133  0.70793
2360 0.284781 0.0397462  0.675473
1835 0.51309 0.244461  0.242449
3914 0.301558 0.0904772  0.607965
