1550 0.28143 0.333682  0.384888
1007 0.370237 0.588459  0.0413046
208 0.206422 0.0717668  0.721812
6248 0.444435 0.387815  0.16775
1081 0.301463 0.389884  0.308653
7052 0.189265 0.477585  0.33315
374 0.374892 0.337191  0.287917
5885 0.307374 0.148999  0.543627
1945 0.00926192 0.585487  0.405251
626 0.488746 0.0975469  0.413707
6221 0.545536 0.15923  0.295234
7242 0.418662 0.513557  0.0677808
3345 0.469252 0.451631  0.0791167
642 0.059939 0.383339  0.556722
1493 0.53969 0.300947  0.159363
1437 0.126493 0.589393  0.284114
3679 0.248188 0.555447  0.196365
1527 0.040737 0.496185  0.463078
7598 0.431744 0.433669  0.134587
5171 0.660653 0.268824  0.0705238
5029 0.365199 0.312294  0.322507
76 0.235719 0.139299  0.624982
2344 0.404501 0.287283  0.308216
6883 0.179396 0.447913  0.372691
1654 0.402466 0.340857  0.256677
223 0.186048 0.341785  0.472167
3543 0.353239 0.475698  0.171063
4956 0.362114 0.423843  0.214043
6890 0.217993 0.663918  0.118088
2138 0.137634 0.302121  0.560245
3955 0.809937 0.1079  0.0821629
6553 0.460037 0.220518  0.319444
7448 0.603041 0.303467  0.0934917
5078 0.221193 0.484948  0.293858
947 0.150929 0.0194004  0.82967
2552 0.0549934 0.188727  0.75628
2306 0.583618 0.209007  0.207375
3168 0.375565 0.228551  0.395884
3171 0.159134 0.470456  0.37041
6324 0.726784 0.112659  0.160557
4386 0.0794821 0.300722  0.619796
969 0.380257 0.153529  0.466214
7531 0.661376 0.198915  0.139709
7144 0.555607 0.424475  0.0199182
4513 0.45278 0.339159  0.208061
318 0.405868 0.19124  0.402891
1308 0.491117 0.0707521  0.438131
5647 0.28789 0.432824  0.279286
1863 0.021876 0.468765  0.50936
4364 0.0974465 0.476164  0.42639
2892 0.14805 0.428642  0.423308
2448 0.394025 0.127357  0.478618
5547 0.343938 0.270745  0.385317
2523 0.158321 0.387494  0.454185
7138 0.481316 0.0519926  0.466692
2763 0.0910506 0.812146  0.0968039
7161 0.348269 0.432257  0.219473
306 0.349545 0.246479  0.403976
5618 0.303658 0.374552  0.32179
4508 0.0580302 0.341327  0.600643
1335 0.17871 0.166016  0.655274
1102 0.419748 0.243105  0.337148
7358 0.46159 0.389213  0.149197
6147 0.263674 0.599634  0.136692
4989 0.19001 0.588823  0.221167
539 0.483274 0.467611  0.0491155
1497 0.345276 0.194479  0.460244
4743 0.498273 0.3956  0.106127
2561 0.327438 0.288346  0.384216
2299 0.408939 0.00917871  0.581882
245 0.0562562 0.501109  0.442635
2333 0.369106 0.224271  0.406624
1030 0.266489 0.379845  0.353666
6308 0.390672 0.34728  0.262048
6755 0.639549 0.199224  0.161227
1772 0.36471 0.283854  0.351436
4394 0.355447 0.227261  0.417292
4628 0.360814 0.15228  0.486906
4495 0.0673632 0.673829  0.258807
6709 0.439975 0.548959  0.0110664
2681 0.122755 0.383596  0.493649
764 0.314328 0.537413  0.148259
725 0.39825 0.312535  0.289215
3124 0.281991 0.374451  0.343559
3056 0.19955 0.17306  0.62739
185 0.575091 0.272129  0.15278
1218 0.283959 0.196518  0.519523
1795 0.146931 0.182552  0.670517
3543 0.440705 0.422636  0.136658
6138 0.154884 0.0944867  0.750629
316 0.510968 0.429009  0.060023
697 0.481213 0.334127  0.18466
1896 0.493423 0.131058  0.375519
4192 0.255965 0.187941  0.556094
3671 0.391657 0.502666  0.105677
4233 0.265669 0.351115  0.383216
4628 0.378769 0.486327  0.134905
2752 0.134996 0.0884824  0.776522
4059 0.409803 0.311716  0.278481
197 0.313519 0.498489  0.187992
3209 0.34325 0.411778  0.244971
2454 0.434914 0.142211  0.422875
7259 0.256849 0.305755  0.437396
4214 0.728969 0.0107943  0.260237
532 0.409061 0.456506  0.134433
4505 0.226406 0.59407  0.179524
1933 0.424289 0.123288  0.452423
1222 0.135383 0.716598  0.148019
4910 0.438681 0.104584  0.456734
2590 0.306632 0.456443  0.236924
5730 0.357483 0.166126  0.476391
2798 0.404048 0.289851  0.3061
2721 0.558193 0.267601  0.174206
3694 0.0433289 0.391286  0.565385
7375 0.333465 0.104028  0.562507
1378 0.338896 0.319724  0.341381
5699 0.469452 0.391002  0.139545
3426 0.652847 0.056014  0.291139
2486 0.294325 0.320052  0.385623
5910 0.405025 0.0753671  0.519608
4831 0.372052 0.343984  0.283965
3420 0.539996 0.236411  0.223592
1706 0.361243 0.409268  0.229489
3941 0.0912955 0.735766  0.172938
7526 0.183221 0.0257134  0.791065
7493 0.340009 0.310645  0.349345
3861 0.139968 0.799273  0.060759
1484 0.0446189 0.595673  0.359708
226 0.277746 0.446412  0.275842
3743 0.581589 0.256392  0.162019
1377 0.425632 0.227446  0.346922
3664 0.554307 0.214526  0.231167
3404 0.27342 0.398893  0.327687
4257 0.330885 0.240028  0.429087
7398 0.198114 0.429626  0.37226
450 0.244026 0.43666  0.319314
2478 0.159611 0.232828  0.607561
6376 0.398723 0.348708  0.252569
5796 0.217805 0.311455  0.47074
7280 0.360335 0.426862  0.212803
1544 0.838517 0.147467  0.0140161
5381 0.581556 0.164628  0.253816
2835 0.526115 0.3005  0.173385
7139 0.546499 0.0631235  0.390377
4287 0.452463 0.0610074  0.48653
3719 0.558518 0.202858  0.238625
7183 0.455546 0.405823  0.138631
825 0.423401 0.195084  0.381515
3250 0.626371 0.193692  0.179937
3639 0.186528 0.426114  0.387358
6727 0.532215 0.233242  0.234544
117 0.114425 0.560087  0.325488
7388 0.2114 0.461941  0.326658
1822 0.493776 0.0975073  0.408717
3694 0.452926 0.307364  0.23971
6028 0.342842 0.434767  0.222391
2039 0.196875 0.585961  0.217164
7165 0.488137 0.47381  0.038053
1989 0.440476 0.255596  0.303929
3046 0.218566 0.332732  0.448702
5816 0.281885 0.331981  0.386134
4663 0.048584 0.656121  0.295295
5575 0.128906 0.68804  0.183054
6320 0.422531 0.454371  0.123098
6087 0.326983 0.0798967  0.59312
5454 0.467977 0.195554  0.336469
2880 0.221779 0.323264  0.454956
5493 0.0652679 0.643228  0.291504
3385 0.384535 0.409006  0.20646
1873 0.340946 0.277613  0.381441
6184 0.337773 0.067115  0.595112
277 0.521305 0.39713  0.0815647
4561 0.307983 0.0391018  0.652915
2616 0.679271 0.114199  0.206529
2958 0.265871 0.401845  0.332284
3993 0.539527 0.0425849  0.417889
6180 0.139794 0.402643  0.457563
1732 0.326941 0.474981  0.198078
7124 0.254462 0.48644  0.259098
1497 0.477222 0.446247  0.0765311
3731 0.638554 0.0423413  0.319104
5492 0.133684 0.743533  0.122783
1325 0.384717 0.166499  0.448784
340 0.440692 0.3289  0.230408
3409 0.100667 0.429659  0.469673
6564 0.450006 0.32563  0.224364
1039 0.461477 0.250483  0.288039
5178 0.378001 0.32469  0.297309
6524 0.395919 0.0964197  0.507661
2144 0.482745 0.256946  0.260309
4311 0.183694 0.409388  0.406918
5580 0.541287 0.393162  0.0655508
684 0.34993 0.415068  0.235002
2817 0.214543 0.220762  0.564694
664 0.437638 0.350619  0.211743
437 0.236295 0.58304  0.180665
983 0.236133 0.576501  0.187366
2980 0.567293 0.282055  0.150651
6080 0.264555 0.615819  0.119625
1119 0.11673 0.480474  0.402796
2565 0.0669821 0.441225  0.491793
569 0.0582653 0.626777  0.314958
2476 0.0181528 0.573222  0.408626
2558 0.270586 0.497292  0.232122
6917 0.110251 0.441935  0.447814
2938 0.179147 0.489573  0.33128
5429 0.344469 0.506676  0.148855
4775 0.42045 0.26573  0.31382
1935 0.396541 0.386731  0.216728
3428 0.474823 0.417296  0.107881
4169 0.252601 0.616204  0.131196
1894 0.366575 0.602014  0.0314116
1138 0.313582 0.28618  0.400238
6372 0.488884 0.451379  0.0597375
1848 0.45992 0.215184  0.324895
2294 0.160839 0.525715  0.313447
2738 0.215824 0.178882  0.605294
5306 0.425707 0.167863  0.40643
3056 0.60435 0.196134  0.199516
608 0.0911336 0.159995  0.748871
628 0.409864 0.551492  0.0386434
3658 0.409782 0.0302448  0.559974
4771 0.352122 0.212258  0.43562
6938 0.411035 0.212146  0.376819
3805 0.278302 0.563792  0.157906
1421 0.019545 0.289899  0.690556
2002 0.185902 0.431304  0.382794
4585 0.269028 0.291165  0.439806
1208 0.793217 0.0441118  0.162671
2831 0.401979 0.524223  0.0737972
6715 0.292174 0.429909  0.277917
7055 0.0490482 0.398919  0.552032
540 0.365095 0.406465  0.22844
3127 0.408804 0.311925  0.279271
3992 0.351511 0.539365  0.109124
4162 0.137846 0.468545  0.393609
5210 0.562955 0.304646  0.132399
5360 0.102043 0.411119  0.486838
224 0.0961946 0.402604  0.501202
3955 0.753259 0.237165  0.00957667
1165 0.488323 0.340527  0.17115
6233 0.467403 0.267934  0.264664
6832 0.417352 0.0182886  0.56436
1185 0.411171 0.0660179  0.522811
4295 0.439786 0.39889  0.161324
6140 0.289414 0.363957  0.346629
4450 0.495101 0.147843  0.357056
6446 0.269798 0.250958  0.479244
108 0.652427 0.130287  0.217286
872 0.210902 0.418278  0.37082
1437 0.411557 0.330667  0.257776
2232 0.667422 0.283107  0.0494714
5274 0.230274 0.397768  0.371958
6757 0.0653988 0.141486  0.793115
6143 0.386908 0.171578  0.441513
647 0.403791 0.144822  0.451387
3494 0.217733 0.490552  0.291715
4040 0.378572 0.0680616  0.553367
1088 0.351713 0.21182  0.436467
4822 0.437668 0.522988  0.0393437
3313 0.243501 0.142045  0.614455
6951 0.0691307 0.861461  0.0694079
1168 0.267674 0.403842  0.328484
6786 0.331666 0.334527  0.333807
4880 0.384136 0.501691  0.114173
3610 0.398556 0.251513  0.349931
5350 0.355177 0.109393  0.53543
3025 0.352694 0.0820788  0.565228
6020 0.498252 0.390384  0.111363
1493 0.130913 0.0934683  0.775618
4313 0.130275 0.472118  0.397607
4278 0.3455 0.139331  0.515169
4903 0.414622 0.210819  0.374559
1344 0.0470976 0.78795  0.164952
2573 0.179252 0.520145  0.300603
1347 0.0550566 0.44945  0.495493
4746 0.449107 0.0740533  0.47684
1599 0.319158 0.387983  0.292859
7241 0.303005 0.239342  0.457653
4768 0.684144 0.256181  0.0596746
4021 0.268155 0.356329  0.375515
5739 0.297853 0.254328  0.447818
6679 0.208434 0.455025  0.336542
2348 0.507534 0.244446  0.24802
4477 0.382218 0.124622  0.49316
194 0.317727 0.354569  0.327705
3044 0.205206 0.570873  0.223921
1168 0.427136 0.366786  0.206079
1644 0.505566 0.244419  0.250015
1559 0.224746 0.506202  0.269053
2127 0.578021 0.144343  0.277635
2447 0.40477 0.312125  0.283105
977 0.0461825 0.579928  0.37389
7595 0.230192 0.290634  0.479174
5943 0.302657 0.394646  0.302697
3331 0.447075 0.0543571  0.498568
5840 0.0180963 0.345227  0.636677
6733 0.358645 0.449322  0.192033
98 0.344123 0.404408  0.251469
7312 0.440624 0.279621  0.279756
1017 0.193845 0.688378  0.117777
694 0.35497 0.286222  0.358808
6880 0.293378 0.285647  0.420975
3659 0.298548 0.516454  0.184998
3990 0.223102 0.363562  0.413336
6569 0.419761 0.518207  0.0620315
2380 0.564564 0.272307  0.163129
1682 0.707236 0.248346  0.0444184
5501 0.479786 0.263149  0.257065
3978 0.397115 0.223408  0.379477
673 0.519456 0.0152654  0.465279
6029 0.252849 0.355689  0.391462
5005 0.499025 0.319108  0.181867
5982 0.143897 0.222621  0.633482
632 0.260614 0.220422  0.518964
617 0.148168 0.427192  0.42464
4867 0.199674 0.394089  0.406237
6700 0.402902 0.196676  0.400422
3351 0.379598 0.19673  0.423672
11 0.033043 0.320114  0.646843
4293 0.255053 0.430001  0.314946
4806 0.262651 0.343856  0.393493
5142 0.309435 0.396904  0.293661
977 0.275475 0.670156  0.0543687
6163 0.416937 0.532199  0.0508644
4754 0.217273 0.626751  0.155977
2500 0.438141 0.430868  0.130991
5982 0.0366983 0.11352  0.849782
4988 0.505037 0.339681  0.155283
7201 0.187592 0.165392  0.647015
1818 0.390116 0.364913  0.244971
6731 0.282641 0.330834  0.386525
3657 0.179667 0.271193  0.54914
1591 0.433674 0.030994  0.535332
5366 0.41198 0.229891  0.358129
4903 0.184352 0.449004  0.366644
276 0.436645 0.105406  0.45795
7281 0.634352 0.302452  0.0631961
585 0.0527487 0.55589  0.391362
935 0.410173 0.137666  0.452161
4150 0.442484 0.0816522  0.475864
2847 0.322386 0.43317  0.244445
4580 0.377777 0.42104  0.201183
7206 0.504749 0.0340679  0.461183
4028 0.342617 0.391646  0.265737
1614 0.12679 0.18857  0.68464
3598 0.203541 0.394598  0.401861
6253 0.361915 0.617758  0.0203263
3370 0.199939 0.315691  0.48437
1307 0.0907289 0.526038  0.383233
3416 0.423726 0.543994  0.0322798
5988 0.132187 0.552519  0.315295
4831 0.188938 0.438935  0.372128
962 0.0120413 0.246565  0.741393
4159 0.572964 0.0898701  0.337166
652 0.199936 0.780464  0.0196
1672 0.0383129 0.424618  0.537069
1119 0.173106 0.686235  0.140659
4417 0.408347 0.444845  0.146808
1846 0.242746 0.635251  0.122003
6136 0.621546 0.0519312  0.326523
7035 0.259008 0.6096  0.131392
4634 0.393092 0.343473  0.263436
5705 0.384837 0.224257  0.390906
1612 0.33285 0.427841  0.239309
1803 0.126688 0.0668502  0.806462
4154 0.401669 0.261982  0.336349
2634 0.354217 0.344263  0.30152
4836 0.335965 0.264751  0.399284
4283 0.384628 0.313635  0.301737
3878 0.314567 0.427474  0.257959
7153 0.158318 0.195794  0.645888
6514 0.335572 0.0808026  0.583626
6512 0.280084 0.21051  0.509407
4918 0.162076 0.303089  0.534835
3257 0.188053 0.541012  0.270935
3337 0.453907 0.309764  0.236329
1137 0.710216 0.0912154  0.198569
3863 0.174886 0.195106  0.630008
1986 0.271691 0.366496  0.361813
874 0.532566 0.337051  0.130383
4895 0.476975 0.351373  0.171653
1818 0.0279264 0.291573  0.6805
1971 0.212661 0.498515  0.288824
5111 0.0518731 0.337314  0.610813
1399 0.720524 0.136526  0.142951
971 0.581647 0.107725  0.310628
614 0.549605 0.139053  0.311342
591 0.0998701 0.360215  0.539915
3528 0.448238 0.166435  0.385326
2199 0.224214 0.617261  0.158525
3977 0.120524 0.792226  0.0872503
5787 0.330811 0.644296  0.0248931
2580 0.530007 0.390192  0.079801
4048 0.488161 0.359256  0.152584
2186 0.270075 0.336069  0.393856
911 0.412612 0.512423  0.0749652
258 0.107458 0.532722  0.359821
5166 0.254415 0.425807  0.319777
698 0.186997 0.33873  0.474273
6103 0.567273 0.34956  0.0831676
1084 0.0764069 0.417567  0.506026
6783 0.265318 0.381632  0.35305
1434 0.121003 0.36494  0.514057
1938 0.638043 0.172896  0.18906
5827 0.69992 0.0188963  0.281183
5800 0.383545 0.252797  0.363658
4830 0.322874 0.427635  0.249491
4831 0.327246 0.0506236  0.62213
704 0.024364 0.560742  0.414894
1903 0.257816 0.297602  0.444582
7349 0.562302 0.26739  0.170308
553 0.430074 0.245027  0.324898
2491 0.604189 0.137519  0.258291
5245 0.106809 0.421048  0.472144
73 0.286088 0.409237  0.304675
6190 0.566918 0.249839  0.183243
5784 0.33835 0.18349  0.478161
3312 0.194721 0.345767  0.459512
966 0.518561 0.273431  0.208008
6379 0.782498 0.113068  0.104434
2711 0.273827 0.33642  0.389752
7452 0.59888 0.0116461  0.389474
9 0.457239 0.349989  0.192772
6994 0.0469181 0.0529272  0.900155
1940 0.273694 0.345529  0.380777
3097 0.331766 0.320334  0.3479
5241 0.118254 0.584215  0.297531
1429 0.481206 0.185407  0.333387
6726 0.245797 0.559598  0.194605
6097 0.612296 0.17448  0.213224
6671 0.133328 0.353458  0.513213
5955 0.526647 0.37984  0.0935139
5519 0.416817 0.298488  0.284695
5068 0.361571 0.0982508  0.540179
1569 0.403807 0.447781  0.148412
7646 0.386918 0.531675  0.0814079
7126 0.118248 0.198516  0.683236
4810 0.515921 0.333626  0.150453
1877 0.371725 0.172065  0.45621
720 0.427056 0.193088  0.379856
1669 0.200285 0.591558  0.208157
1010 0.225859 0.570298  0.203842
4190 0.290096 0.373479  0.336425
6147 0.124287 0.28705  0.588663
6428 0.344636 0.541908  0.113456
3932 0.224016 0.495102  0.280882
5633 0.314498 0.543137  0.142365
6656 0.0204544 0.242965  0.73658
4131 0.307627 0.207376  0.484997
445 0.429498 0.363215  0.207286
4992 0.578262 0.0742209  0.347517
3606 0.332967 0.222611  0.444422
5772 0.1537 0.31907  0.527229
5156 0.117572 0.263034  0.619394
7578 0.403969 0.457573  0.138459
2120 0.348365 0.336683  0.314952
3964 0.298165 0.414918  0.286916
3054 0.0313304 0.403491  0.565179
6632 0.362612 0.303745  0.333643
2779 0.451048 0.434604  0.114348
6110 0.36075 0.242514  0.396736
6486 0.197135 0.690283  0.112583
3406 0.206983 0.3246  0.468416
3034 0.385409 0.289649  0.324942
1733 0.514327 0.224923  0.26075
1977 0.385511 0.0313519  0.583138
2672 0.191121 0.456405  0.352475
5554 0.222442 0.390151  0.387407
3516 0.488715 0.438076  0.0732095
6746 0.377826 0.494481  0.127693
4137 0.268369 0.653877  0.0777541
2429 0.40249 0.581162  0.0163487
4893 0.0965605 0.206628  0.696812
5701 0.312843 0.295781  0.391376
500 0.0380605 0.610728  0.351211
5098 0.426343 0.148775  0.424882
5069 0.291879 0.30633  0.401791
597 0.644024 0.0162468  0.339729
4445 0.246025 0.741536  0.0124385
966 0.268256 0.304242  0.427501
1916 0.0576354 0.0487218  0.893643
7129 0.568061 0.256769  0.17517
6067 0.41979 0.308381  0.271829
2087 0.157304 0.206159  0.636537
227 0.247028 0.373378  0.379594
6045 0.641813 0.231871  0.126315
340 0.476342 0.272915  0.250743
2092 0.590543 0.302124  0.107334
681 0.0799027 0.106284  0.813813
1702 0.123835 0.425285  0.45088
5887 0.321715 0.340794  0.337492
2700 0.322295 0.467017  0.210688
6139 0.305122 0.37219  0.322688
6018 0.0897814 0.381505  0.528714
4763 0.517988 0.303854  0.178158
6323 0.146605 0.330311  0.523084
5617 0.175215 0.364575  0.46021
6287 0.229545 0.103608  0.666847
2531 0.0433041 0.614197  0.342499
2406 0.120714 0.376381  0.502905
358 0.380618 0.261965  0.357417
6476 0.103044 0.832628  0.0643277
5129 0.230848 0.209634  0.559519
650 0.410202 0.251238  0.33856
5483 0.374924 0.270981  0.354095
4711 0.249297 0.495314  0.255389
1322 0.425836 0.452485  0.121679
5008 0.29094 0.621998  0.0870628
3191 0.489891 0.175227  0.334882
1016 0.428427 0.119548  0.452025
2737 0.342238 0.146158  0.511604
674 0.0346174 0.527021  0.438362
6917 0.545218 0.334713  0.12007
945 0.678514 0.223322  0.098164
4914 0.452963 0.456958  0.0900797
4656 0.34027 0.108605  0.551125
1831 0.20188 0.319856  0.478265
6123 0.372419 0.345771  0.281811
1790 0.362717 0.113148  0.524135
3827 0.27214 0.261549  0.466311
2218 0.190589 0.465735  0.343676
6986 0.267432 0.210488  0.52208
4773 0.356693 0.162016  0.481291
2976 0.479053 0.0900651  0.430882
1436 0.2868 0.435327  0.277873
2828 0.393393 0.437269  0.169338
4204 0.407169 0.340817  0.252013
2799 0.2297 0.0371882  0.733112
5906 0.442634 0.0662202  0.491146
310 0.489696 0.112324  0.39798
3564 0.0108907 0.361476  0.627633
4486 0.24117 0.319339  0.439492
1653 0.161477 0.785276  0.0532474
2721 0.55162 0.240299  0.208081
7183 0.144215 0.770901  0.0848837
1996 0.286361 0.573582  0.140057
2398 0.420377 0.245566  0.334057
7629 0.684485 0.0937265  0.221788
3754 0.603723 0.0173908  0.378886
1462 0.382104 0.358695  0.259201
1129 0.638869 0.272153  0.0889782
4829 0.109769 0.672889  0.217342
6540 0.147438 0.145037  0.707525
2246 0.46135 0.119441  0.41921
759 0.120192 0.750221  0.129587
4754 0.120745 0.472918  0.406337
4338 0.179602 0.429709  0.390689
5515 0.301536 0.261944  0.43652
3578 0.44526 0.0760914  0.478649
584 0.497656 0.425963  0.0763807
3207 0.374858 0.471807  0.153335
4016 0.559589 0.431641  0.00876948
758 0.523829 0.11647  0.359701
4653 0.231803 0.621524  0.146674
1922 0.392458 0.366348  0.241193
183 0.236122 0.510753  0.253124
6254 0.281867 0.131613  0.58652
7246 0.21113 0.435566  0.353304
7580 0.607122 0.199378  0.1935
1768 0.483599 0.397938  0.118463
4472 0.162507 0.421398  0.416095
6773 0.540256 0.251221  0.208523
7547 0.206851 0.134059  0.65909
1076 0.343171 0.520784  0.136045
4939 0.409268 0.203924  0.386808
3956 0.480455 0.155503  0.364041
538 0.0171263 0.735404  0.24747
4283 0.0895115 0.388774  0.521714
696 0.385136 0.444787  0.170077
4626 0.415415 0.103056  0.481529
6516 0.0465511 0.267367  0.686081
6831 0.24351 0.425329  0.331161
4574 0.352822 0.278882  0.368296
3822 0.154127 0.522515  0.323359
883 0.33704 0.30378  0.359179
598 0.301886 0.343581  0.354533
2374 0.436854 0.518383  0.044763
797 0.185966 0.306739  0.507295
3558 0.201683 0.123801  0.674516
3804 0.464958 0.431762  0.103279
473 0.0915057 0.492376  0.416119
4972 0.347161 0.264415  0.388424
4060 0.0932365 0.028468  0.878296
5068 0.217595 0.455864  0.326541
3314 0.192906 0.785175  0.021919
2709 0.234824 0.421845  0.343332
2414 0.30988 0.581136  0.108984
6769 0.101459 0.598885  0.299656
3049 0.685673 0.100989  0.213338
1542 0.352035 0.368161  0.279804
4353 0.437529 0.127859  0.434612
2469 0.432103 0.422475  0.145421
3323 0.458925 0.307832  0.233244
3305 0.299536 0.515784  0.18468
2037 0.403312 0.547536  0.0491513
756 0.441165 0.0257635  0.533072
3276 0.262855 0.326719  0.410425
3785 0.235083 0.683197  0.0817201
3985 0.461635 0.403676  0.134689
2620 0.466931 0.199976  0.333093
6053 0.169049 0.138108  0.692843
3737 0.456736 0.153456  0.389808
4473 0.295097 0.237242  0.467661
2798 0.273093 0.554876  0.172031
3932 0.0544321 0.664832  0.280736
3138 0.480608 0.488316  0.0310765
5483 0.315261 0.512005  0.172735
2722 0.033214 0.361904  0.604882
1142 0.146065 0.46157  0.392365
5516 0.0481056 0.483881  0.468013
457 0.342291 0.266966  0.390743
1990 0.629197 0.358074  0.0127287
6994 0.383174 0.223354  0.393472
177 0.412405 0.291819  0.295776
6542 0.466712 0.102037  0.431251
5793 0.0627232 0.568151  0.369126
3239 0.0295525 0.937409  0.033038
6533 0.523372 0.0313088  0.445319
4845 0.586068 0.311547  0.102385
3848 0.465981 0.0839984  0.450021
5893 0.498075 0.147313  0.354612
3 0.631615 0.279825  0.0885603
1090 0.401239 0.0245015  0.574259
197 0.401116 0.512069  0.0868144
6586 0.437307 0.112601  0.450091
4697 0.509207 0.0547963  0.435997
1455 0.51039 0.327166  0.162444
7091 0.0478091 0.665637  0.286554
2630 0.176832 0.693983  0.129184
2226 0.322252 0.387757  0.289991
5664 0.412027 0.372252  0.215721
2930 0.179789 0.744564  0.0756468
3873 0.366859 0.40442  0.228721
5542 0.343727 0.31644  0.339833
6191 0.369801 0.288373  0.341827
0 0.580555 0.114517  0.304928
6861 0.168354 0.306222  0.525424
4387 0.370818 0.0814939  0.547688
462 0.223513 0.444641  0.331846
3176 0.428423 0.083368  0.488209
4987 0.324793 0.22379  0.451417
6770 0.260759 0.461744  0.277497
1254 0.467711 0.511235  0.0210538
4109 0.257633 0.625006  0.117361
5863 0.144223 0.613708  0.24207
6801 0.378292 0.22605  0.395658
2432 0.0224926 0.866637  0.110871
7390 0.412653 0.250553  0.336794
5370 0.0943183 0.48215  0.423532
2038 0.415384 0.248116  0.3365
3374 0.5586 0.324704  0.116696
446 0.416021 0.515548  0.0684313
1304 0.413718 0.38873  0.197552
661 0.344634 0.43812  0.217246
7551 0.433744 0.411455  0.1548
7380 0.318415 0.195929  0.485656
7508 0.281769 0.317917  0.400315
146 0.384274 0.0545159  0.56121
2697 0.594461 0.163865  0.241674
1268 0.631423 0.0352617  0.333316
1239 0.147624 0.0268436  0.825532
4055 0.0458448 0.463537  0.490618
3430 0.374207 0.458932  0.166861
5003 0.348815 0.0574416  0.593743
7513 0.177521 0.439931  0.382548
1851 0.219589 0.0885082  0.691903
5333 0.395411 0.245347  0.359242
5267 0.142819 0.247207  0.609974
2255 0.550956 0.131445  0.317599
3968 0.39044 0.27881  0.33075
4798 0.152535 0.487707  0.359758
5227 0.138249 0.386265  0.475486
4413 0.648881 0.315549  0.0355701
333 0.520467 0.407824  0.071709
7640 0.248417 0.465532  0.286051
6557 0.352501 0.355035  0.292464
3688 0.0554845 0.153622  0.790893
7635 0.343173 0.253183  0.403643
5818 0.47602 0.158077  0.365903
3917 0.528408 0.174477  0.297114
5155 0.089463 0.375341  0.535196
7575 0.254839 0.195198  0.549963
5169 0.507654 0.214602  0.277744
1165 0.367825 0.270771  0.361404
4090 0.282004 0.443058  0.274938
7402 0.442427 0.183465  0.374109
813 0.305397 0.0991002  0.595503
6154 0.333238 0.377849  0.288913
5626 0.310818 0.105292  0.58389
4869 0.23008 0.468945  0.300975
2935 0.0208823 0.438647  0.54047
2041 0.641026 0.123212  0.235761
6912 0.43026 0.347459  0.222281
1816 0.238689 0.317933  0.443377
7143 0.302514 0.379221  0.318265
903 0.183982 0.352906  0.463112
6485 0.124661 0.395873  0.479466
4503 0.305286 0.498869  0.195846
5894 0.134211 0.814692  0.0510968
5421 0.3941 0.242783  0.363117
731 0.267704 0.387394  0.344902
6617 0.320297 0.241971  0.437732
2318 0.274837 0.43712  0.288044
3932 0.524029 0.287629  0.188342
5074 0.528328 0.189321  0.282352
3485 0.41558 0.530451  0.0539691
3102 0.140369 0.629259  0.230371
3964 0.0233367 0.491468  0.485196
2450 0.406797 0.248616  0.344587
6436 0.453703 0.384324  0.161973
1737 0.169634 0.783295  0.0470706
4085 0.48169 0.437175  0.0811346
6221 0.560458 0.210104  0.229438
3123 0.348863 0.351713  0.299425
1993 0.0275085 0.293947  0.678544
4782 0.11133 0.0766846  0.811985
5875 0.174774 0.278617  0.546609
4403 0.0556232 0.117744  0.826632
4317 0.0668114 0.482092  0.451097
378 0.264315 0.367901  0.367784
1816 0.467549 0.302908  0.229544
5417 0.281191 0.484623  0.234187
1640 0.386209 0.592427  0.0213642
2532 0.131201 0.46632  0.402478
1004 0.62382 0.155762  0.220417
4727 0.0189121 0.734157  0.246931
2327 0.385143 0.278701  0.336157
3727 0.168736 0.566264  0.265001
7577 0.396664 0.272166  0.33117
5573 0.844676 0.0289823  0.126342
1322 0.481453 0.169747  0.3488
3161 0.0881586 0.376435  0.535406
6081 0.455147 0.30428  0.240573
860 0.113805 0.353176  0.533019
4682 0.438817 0.303547  0.257635
7508 0.418373 0.500983  0.080645
7087 0.822153 0.139727  0.0381198
71 0.140509 0.458766  0.400725
1736 0.107457 0.603362  0.289181
2879 0.427498 0.118845  0.453657
1691 0.434243 0.397744  0.168013
4083 0.47676 0.416296  0.106945
1821 0.726444 0.255263  0.0182929
6054 0.265116 0.186081  0.548804
7144 0.0531692 0.866991  0.0798397
5743 0.0403429 0.451353  0.508305
2906 0.451407 0.374488  0.174105
2422 0.415541 0.1347  0.449759
215 0.462159 0.317621  0.220219
1307 0.253541 0.42479  0.321669
5361 0.175603 0.45397  0.370427
5898 0.190131 0.704115  0.105755
7583 0.217551 0.354259  0.42819
3330 0.2861 0.266925  0.446976
2731 0.283922 0.683286  0.0327921
6994 0.6556 0.0693849  0.275015
1811 0.27296 0.295357  0.431683
6487 0.393654 0.209359  0.396987
6242 0.419678 0.345513  0.234809
267 0.670188 0.0869298  0.242882
5482 0.38417 0.0324807  0.58335
6128 0.253421 0.390675  0.355904
7379 0.362154 0.430278  0.207568
474 0.0125575 0.47124  0.516202
2110 0.0770845 0.441516  0.4814
3214 0.0521986 0.673758  0.274043
282 0.0103833 0.33051  0.659107
4682 0.689459 0.0324634  0.278078
7060 0.578485 0.370629  0.0508868
7121 0.321088 0.446656  0.232255
3752 0.383139 0.383915  0.232946
4784 0.475921 0.390945  0.133134
670 0.482793 0.272885  0.244323
3936 0.403229 0.407311  0.189461
611 0.201783 0.588624  0.209592
3734 0.231521 0.731274  0.0372046
3514 0.280468 0.311973  0.407559
6026 0.414046 0.499496  0.0864581
5944 0.552532 0.349521  0.0979469
6413 0.0744385 0.482485  0.443076
7647 0.052878 0.700563  0.246559
197 0.296135 0.327914  0.375951
3312 0.109783 0.44182  0.448397
3368 0.389869 0.292575  0.317556
1301 0.826277 0.14597  0.0277527
6163 0.329211 0.427807  0.242983
1561 0.236005 0.276452  0.487543
6010 0.536755 0.410998  0.0522467
5435 0.227629 0.258591  0.51378
6423 0.369551 0.0913025  0.539147
845 0.551744 0.114286  0.33397
2549 0.471606 0.264753  0.263642
1186 0.0531504 0.551418  0.395431
7046 0.225552 0.154245  0.620203
2778 0.24938 0.409745  0.340875
4346 0.352108 0.523735  0.124157
779 0.101059 0.458757  0.440183
2989 0.378226 0.432426  0.189348
1982 0.57968 0.329517  0.0908025
1970 0.194605 0.68558  0.119815
437 0.334246 0.324107  0.341647
4918 0.30988 0.492035  0.198085
5725 0.631262 0.0984879  0.27025
4390 0.390914 0.39689  0.212195
557 0.354503 0.203505  0.441992
2798 0.270534 0.544832  0.184634
597 0.37425 0.184059  0.441691
366 0.298696 0.401483  0.299821
5680 0.0868545 0.45654  0.456605
5008 0.310863 0.505696  0.183441
107 0.0567528 0.534942  0.408305
2844 0.414787 0.195107  0.390106
1342 0.418942 0.356213  0.224845
1854 0.354827 0.37296  0.272213
4237 0.341103 0.47568  0.183218
5241 0.354711 0.459877  0.185413
7474 0.340677 0.39201  0.267313
2699 0.147413 0.470507  0.38208
2157 0.203029 0.432423  0.364549
5664 0.194773 0.550951  0.254276
3274 0.441534 0.0846133  0.473853
325 0.405841 0.283087  0.311072
3951 0.150416 0.376183  0.473401
709 0.192217 0.421629  0.386153
3368 0.406433 0.391593  0.201974
7230 0.0926236 0.551166  0.356211
759 0.283554 0.298247  0.418199
2496 0.481995 0.0489571  0.469048
6039 0.339991 0.338483  0.321526
6465 0.2226 0.673027  0.104372
3740 0.462916 0.0650801  0.472004
5963 0.378651 0.178458  0.442891
6434 0.358315 0.562503  0.0791814
3907 0.0416073 0.58685  0.371543
2576 0.178616 0.270814  0.550571
3333 0.0617512 0.479422  0.458827
6447 0.341669 0.426901  0.23143
4489 0.311564 0.326657  0.361779
6767 0.219696 0.516427  0.263877
6707 0.43576 0.205846  0.358393
2319 0.323395 0.438806  0.237799
4868 0.544007 0.0985333  0.35746
5723 0.280145 0.359517  0.360339
3420 0.260783 0.346528  0.392689
1334 0.21032 0.438998  0.350682
4273 0.201418 0.515872  0.28271
39 0.0960777 0.746121  0.157801
569 0.436842 0.364224  0.198933
6207 0.142091 0.474096  0.383813
7353 0.271502 0.0412358  0.687262
4256 0.372237 0.384735  0.243028
2717 0.352236 0.486608  0.161156
7168 0.173084 0.207531  0.619385
1494 0.336416 0.6106  0.0529839
2530 0.510306 0.300826  0.188869
6848 0.313511 0.487809  0.19868
407 0.506788 0.293213  0.199999
1998 0.36237 0.0397042  0.597926
4760 0.271947 0.385723  0.34233
7277 0.0969967 0.746727  0.156277
683 0.545307 0.129008  0.325685
4641 0.50213 0.394466  0.103404
5453 0.465683 0.234155  0.300162
6808 0.300645 0.324096  0.375259
1472 0.395139 0.291681  0.313181
4676 0.0193551 0.361653  0.618992
5096 0.457223 0.0401707  0.502606
737 0.504558 0.273816  0.221625
6777 0.261865 0.486429  0.251706
2875 0.431813 0.345813  0.222374
5786 0.593732 0.153751  0.252517
1378 0.315395 0.369526  0.315078
1020 0.383459 0.362821  0.25372
7133 0.212515 0.353216  0.434269
498 0.0610388 0.363967  0.574994
5451 0.351681 0.281843  0.366476
7437 0.190794 0.294423  0.514783
710 0.168972 0.2177  0.613328
924 0.522337 0.337233  0.14043
6859 0.520154 0.435607  0.0442388
5024 0.538854 0.207453  0.253693
4546 0.643136 0.0693399  0.287524
5387 0.453171 0.38593  0.160899
5972 0.167124 0.480303  0.352572
5453 0.324863 0.0298752  0.645262
1147 0.532843 0.093714  0.373442
692 0.593581 0.197697  0.208722
7604 0.316642 0.162769  0.520589
493 0.214738 0.519654  0.265607
4423 0.302122 0.318176  0.379702
3235 0.638248 0.255492  0.10626
492 0.157545 0.424767  0.417688
2097 0.324657 0.40229  0.273053
2196 0.15794 0.507384  0.334676
7567 0.319361 0.330645  0.349994
6979 0.670093 0.310424  0.0194826
5328 0.230904 0.555258  0.213838
4101 0.510267 0.334756  0.154977
3786 0.452872 0.527067  0.0200603
7011 0.312211 0.525708  0.162081
5860 0.483236 0.125205  0.391559
3139 0.0371821 0.219462  0.743356
6421 0.484076 0.308989  0.206935
5417 0.334173 0.149185  0.516642
7492 0.326547 0.285391  0.388062
3300 0.372521 0.340107  0.287372
5247 0.0729 0.74279  0.18431
5560 0.639712 0.170961  0.189326
1386 0.275683 0.481992  0.242325
1067 0.404657 0.387129  0.208214
7629 0.110569 0.168189  0.721242
7334 0.680108 0.0265744  0.293317
2258 0.312394 0.287514  0.400093
1275 0.275371 0.514389  0.210239
2952 0.34122 0.370798  0.287982
3931 0.283134 0.344017  0.372849
3721 0.0528725 0.54303  0.404097
4655 0.399403 0.0734843  0.527112
6635 0.486024 0.110682  0.403294
561 0.417683 0.394054  0.188263
3417 0.575378 0.0454954  0.379127
5317 0.210507 0.406374  0.383119
2317 0.172447 0.790528  0.0370251
793 0.405422 0.376874  0.217705
3144 0.52384 0.295981  0.180178
471 0.441289 0.0143585  0.544352
5300 0.376314 0.159269  0.464418
4260 0.0465393 0.45816  0.4953
6912 0.129898 0.277061  0.593041
1243 0.397384 0.210486  0.39213
1661 0.295044 0.260991  0.443965
3660 0.54162 0.1451  0.313279
3228 0.12798 0.395225  0.476795
4790 0.332183 0.399931  0.267887
3395 0.400905 0.399795  0.1993
4252 0.303034 0.086458  0.610508
4500 0.298372 0.0168994  0.684729
4071 0.605264 0.308648  0.0860876
2344 0.2356 0.688929  0.0754707
5661 0.113531 0.493555  0.392914
3031 0.442707 0.434613  0.12268
7247 0.563605 0.244737  0.191657
5008 0.360271 0.330855  0.308875
2500 0.0511424 0.446505  0.502352
4630 0.210865 0.472013  0.317122
1751 0.481041 0.346383  0.172576
4165 0.399242 0.594084  0.00667448
1500 0.4708 0.334504  0.194696
3686 0.277015 0.249407  0.473578
7216 0.523151 0.265436  0.211414
4083 0.269767 0.0190351  0.711197
651 0.0170361 0.474601  0.508363
2627 0.12477 0.441761  0.433469
2097 0.604979 0.212805  0.182217
5008 0.173305 0.594943  0.231751
635 0.201925 0.551502  0.246572
4967 0.22681 0.255688  0.517502
3386 0.0464759 0.704349  0.249176
6716 0.401433 0.37676  0.221807
5588 0.411508 0.474606  0.113886
4545 0.605852 0.0603208  0.333828
3342 0.342205 0.436059  0.221736
1051 0.200899 0.362403  0.436698
3180 0.417206 0.422945  0.159849
3397 0.434106 0.25173  0.314165
101 0.45735 0.464741  0.0779095
2542 0.352196 0.277968  0.369837
7262 0.335837 0.295913  0.368251
530 0.0695803 0.149588  0.780832
6727 0.333554 0.512031  0.154415
6487 0.608659 0.193904  0.197436
3575 0.0528374 0.504607  0.442556
3113 0.433424 0.195255  0.37132
3786 0.362691 0.0556833  0.581626
3426 0.447597 0.235011  0.317391
1308 0.57037 0.0456381  0.383991
6522 0.622637 0.217423  0.15994
6197 0.0962777 0.416393  0.487329
5171 0.529479 0.280562  0.189959
2845 0.0195825 0.15941  0.821007
5493 0.410655 0.268228  0.321117
7157 0.19602 0.121969  0.682011
475 0.482981 0.455286  0.0617333
7509 0.238272 0.440238  0.32149
2633 0.103505 0.794022  0.102473
4912 0.634066 0.0438839  0.32205
5782 0.465526 0.156932  0.377542
2803 0.032931 0.564233  0.402836
3843 0.438104 0.0995044  0.462392
685 0.165324 0.677334  0.157341
3629 0.288097 0.24638  0.465523
2143 0.325615 0.154785  0.5196
685 0.191281 0.480963  0.327756
1228 0.242598 0.226039  0.531364
5800 0.147064 0.404698  0.448238
1160 0.304992 0.433738  0.26127
2674 0.547197 0.2086  0.244203
2683 0.573266 0.255889  0.170845
27 0.230604 0.352839  0.416557
7652 0.262756 0.561461  0.175782
582 0.774229 0.0835442  0.142227
1289 0.376942 0.538955  0.0841032
5720 0.438094 0.141082  0.420824
6734 0.133412 0.0144491  0.852139
3896 0.602899 0.307347  0.0897547
2310 0.392986 0.0497961  0.557218
1828 0.276879 0.284176  0.438945
3695 0.315273 0.254949  0.429779
7417 0.0233813 0.304578  0.672041
1349 0.11485 0.216023  0.669127
825 0.214076 0.339009  0.446915
2259 0.440571 0.364007  0.195421
2191 0.123776 0.571646  0.304578
4530 0.4877 0.122451  0.389849
5967 0.334067 0.173954  0.491979
3654 0.0647968 0.847421  0.0877826
5920 0.666112 0.250272  0.0836161
4308 0.358107 0.350627  0.291266
255 0.226695 0.720241  0.053064
3607 0.573715 0.0678222  0.358463
937 0.60851 0.238671  0.152819
4264 0.443908 0.0302061  0.525886
4692 0.375114 0.157577  0.467309
6113 0.136226 0.151358  0.712415
3802 0.303985 0.282688  0.413327
5817 0.215629 0.302979  0.481392
486 0.04121 0.501452  0.457338
5320 0.336457 0.0418767  0.621667
6694 0.0504313 0.133546  0.816023
560 0.420549 0.0486725  0.530778
7207 0.281337 0.285691  0.432972
3846 0.107092 0.638329  0.254579
1211 0.43974 0.397374  0.162886
7079 0.419627 0.378632  0.201741
1870 0.145475 0.4701  0.384425
7528 0.28446 0.472092  0.243448
6008 0.384189 0.183444  0.432367
1300 0.142117 0.261179  0.596704
5611 0.21128 0.193825  0.594896
6861 0.0165348 0.855897  0.127568
6158 0.32384 0.0543066  0.621854
4706 0.28733 0.278265  0.434405
2211 0.132997 0.445084  0.421919
5256 0.020816 0.410527  0.568657
4817 0.252838 0.476511  0.270651
7153 0.367001 0.328207  0.304792
5239 0.112398 0.406118  0.481484
7012 0.21372 0.555488  0.230792
7428 0.237271 0.626953  0.135776
161 0.350735 0.241367  0.407898
2574 0.417203 0.524299  0.0584979
6348 0.0329295 0.0906313  0.876439
4455 0.611503 0.124432  0.264065
737 0.215381 0.427991  0.356628
6900 0.370387 0.363484  0.266129
3052 0.245084 0.272912  0.482004
147 0.068654 0.575788  0.355558
637 0.515187 0.280472  0.204341
5979 0.368681 0.355827  0.275492
3299 0.0844011 0.597745  0.317854
1866 0.207203 0.518102  0.274695
7380 0.208564 0.389792  0.401644
7359 0.0671602 0.412613  0.520227
5755 0.198196 0.645234  0.156571
159 0.169135 0.426757  0.404108
2078 0.406956 0.407776  0.185268
4951 0.495647 0.455598  0.0487555
4360 0.339306 0.383696  0.276997
2858 0.365937 0.357668  0.276395
7597 0.392227 0.429783  0.17799
5764 0.326891 0.0684446  0.604665
3427 0.871698 0.0314338  0.0968685
3624 0.387061 0.380698  0.232241
1714 0.488534 0.209841  0.301625
521 0.368733 0.307006  0.32426
4058 0.286075 0.242202  0.471723
6363 0.617371 0.0612133  0.321416
5512 0.559458 0.212264  0.228279
5357 0.353578 0.0315039  0.614918
7334 0.0843494 0.292706  0.622944
4191 0.516224 0.378807  0.104969
7527 0.528189 0.301074  0.170738
2055 0.191486 0.268571  0.539943
4428 0.79562 0.0581495  0.14623
1314 0.293068 0.595171  0.111761
3261 0.397151 0.283839  0.31901
5266 0.250178 0.199314  0.550508
3805 0.232119 0.461352  0.306529
1543 0.452755 0.20681  0.340435
1260 0.404717 0.44801  0.147273
5313 0.151434 0.401087  0.447479
6831 0.0820066 0.196271  0.721722
3507 0.486328 0.427031  0.0866408
7505 0.455474 0.119184  0.425342
3202 0.330409 0.299624  0.369967
1974 0.468536 0.0718405  0.459623
5993 0.350721 0.084298  0.564981
5648 0.303369 0.41485  0.281781
4865 0.171103 0.421456  0.407441
582 0.505372 0.304897  0.189731
5918 0.501714 0.252047  0.246239
3797 0.433075 0.291019  0.275905
3922 0.37051 0.435704  0.193786
2867 0.345432 0.24892  0.405648
4358 0.310142 0.204009  0.485849
5173 0.619507 0.33067  0.0498228
7434 0.177641 0.400072  0.422287
6508 0.0935601 0.842614  0.0638263
6783 0.521037 0.401099  0.077864
2307 0.300633 0.176585  0.522782
7408 0.381969 0.445224  0.172806
3090 0.43278 0.255043  0.312177
5646 0.455428 0.111866  0.432706
1567 0.545233 0.141433  0.313334
3073 0.663058 0.231623  0.105319
2657 0.36493 0.0652167  0.569854
4983 0.0184651 0.58134  0.400195
3979 0.154127 0.452595  0.393279
2835 0.249804 0.353398  0.396798
4510 0.362361 0.317491  0.320148
2056 0.437651 0.419664  0.142684
182 0.0203246 0.512002  0.467673
6875 0.43576 0.0422655  0.521975
4100 0.395071 0.36632  0.238609
4438 0.145673 0.149896  0.704431
240 0.558538 0.314721  0.126741
4239 0.3024 0.208222  0.489377
4297 0.480404 0.0469351  0.472661
2384 0.337516 0.40559  0.256894
155 0.248389 0.227309  0.524303
3987 0.81141 0.0149127  0.173677
2076 0.323559 0.576906  0.0995352
709 0.233891 0.425645  0.340464
757 0.184344 0.680974  0.134682
6934 0.153006 0.474445  0.372549
6782 0.354334 0.263745  0.381921
3686 0.233566 0.448831  0.317603
183 0.281805 0.475018  0.243177
3594 0.334561 0.139985  0.525454
3753 0.467363 0.145216  0.387422
7595 0.481822 0.321826  0.196352
2661 0.284812 0.444431  0.270757
805 0.322019 0.10561  0.572371
62 0.342098 0.299841  0.358061
4545 0.585837 0.267364  0.146798
197 0.0770863 0.889435  0.0334785
4643 0.0177956 0.460612  0.521593
233 0.42417 0.522587  0.0532424
4318 0.420935 0.220596  0.358469
2958 0.329872 0.081072  0.589056
5043 0.334471 0.266933  0.398596
348 0.187032 0.38086  0.432108
2685 0.118016 0.298266  0.583718
3170 0.373038 0.354161  0.2728
669 0.45913 0.130239  0.410631
4119 0.233404 0.639827  0.12677
108 0.172688 0.603041  0.224271
5777 0.191822 0.678256  0.129923
5564 0.216843 0.457295  0.325863
252 0.257225 0.49475  0.248025
3450 0.416974 0.309469  0.273558
5687 0.537179 0.364239  0.0985822
4123 0.351611 0.356178  0.292211
787 0.45862 0.31628  0.2251
2782 0.486274 0.0887406  0.424986
4668 0.500775 0.270553  0.228672
5918 0.49644 0.462119  0.041441
7218 0.250419 0.350468  0.399113
5074 0.432299 0.426308  0.141393
3374 0.418013 0.460646  0.121341
2403 0.407183 0.26531  0.327507
6906 0.456595 0.0879923  0.455413
6121 0.33621 0.471445  0.192344
5038 0.403921 0.272916  0.323162
4151 0.27335 0.176015  0.550635
1300 0.374526 0.0368781  0.588596
2507 0.122148 0.0330839  0.844768
673 0.313127 0.448719  0.238154
2364 0.388501 0.569015  0.0424837
4194 0.348884 0.467811  0.183305
3779 0.33153 0.425874  0.242596
6506 0.291361 0.358357  0.350282
6587 0.388443 0.315529  0.296028
6565 0.10547 0.390062  0.504467
6107 0.494031 0.384366  0.121603
5067 0.205678 0.698202  0.0961199
6483 0.236279 0.316443  0.447278
4322 0.244032 0.414397  0.341571
5763 0.525883 0.463362  0.0107547
2373 0.193832 0.546577  0.25959
5486 0.0496311 0.914447  0.0359221
4572 0.181254 0.353782  0.464964
2545 0.0448853 0.363821  0.591294
2325 0.506955 0.0561479  0.436897
989 0.394866 0.0947084  0.510426
3453 0.391432 0.0486002  0.559968
6126 0.0994964 0.178924  0.72158
450 0.266118 0.474868  0.259014
1572 0.477098 0.106054  0.416848
302 0.0387692 0.933499  0.0277316
7086 0.354048 0.331806  0.314146
525 0.406861 0.19673  0.396409
5721 0.373718 0.419154  0.207128
6989 0.602752 0.0682856  0.328963
5842 0.3551 0.286365  0.358535
7164 0.202075 0.522167  0.275758
5712 0.542556 0.20126  0.256184
6284 0.112561 0.518033  0.369406
4255 0.432485 0.534397  0.0331171
1497 0.163779 0.403693  0.432528
5963 0.382774 0.021049  0.596177
5274 0.132836 0.272096  0.595068
2707 0.199587 0.419723  0.38069
2515 0.256672 0.227705  0.515622
1208 0.219268 0.452863  0.327869
3620 0.0115913 0.258016  0.730393
3374 0.425064 0.486947  0.0879889
